0.0,0.0,0.5352241797218187,0.0,0.0,0.0,0.0,0.0648727205691027,0.0,0.0,0.0,0.0,0.0,0.0,0.0,0.0,0.0,0.0,0.0,0.0,0.0,0.0,0.0,0.0,0.17610344408315615,0.2829111222061096,0.0,0.0,0.15145485463485295,0.0,0.08710329283484282,0.1895790828879353,0.0,0.0,0.4848712906713817,0.0,0.0,0.0,0.0,0.1391694765607403,0.1107915117522532,0.0,0.0,0.0,0.3022106363202145,0.4384068409030767,0.0,0.0,0.0,0.0,0.5212605602595631,0.0,0.0,0.0,0.0,0.0,0.0,0.5278477899603689,0.499061977868715,0.0,0.0,0.0,0.0,0.0,0.0,0.0,0.0,0.0,0.2219930284900688,0.0,0.0,0.0,0.30040132848587936,0.0,0.14426074502875963,0.0,0.17828810611312618,0.0,0.5796218510598594,0.0,0.6758609750210365,0.0,0.0,0.0,0.0,0.0,0.0,0.0,0.0,0.09632098954084488,0.7640062061830486,0.0,0.0,0.0,0.0,0.0,0.0,0.0,0.4196057002768143,0.17651243051215165
0.06349238701877133,0.0,0.3664714591392268,0.0,0.0,0.0,0.023685009445301403,0.1705184614529143,0.0,0.0,0.1145624334936603,0.0,0.0,0.0,0.0,0.0,0.0,0.0,0.30254085949254517,0.18239139508108915,0.0,0.11653578082711782,0.0,0.0,0.050303210120686996,0.017962702463025223,0.0,0.0,0.07107903982213631,0.0,0.1663272961256494,0.1576747917862421,0.13246842144033436,0.0,0.26812744373527386,0.0,0.02213860432778009,0.22460808764813944,0.0,0.06849900970106867,0.2912163689190875,0.03300217416198632,0.0,0.0,0.06381196719256604,0.14970609385415193,0.0,0.02337645887053257,0.06610967103333365,0.0,0.32693427157513183,0.0,0.0,0.0,0.0,0.34351285316336866,0.09771528417080569,0.33106577759749156,0.031686636245193946,0.0,0.0,0.0,0.019328602123980885,0.0,0.02978126136493218,0.3983946573629187,0.0,0.436926012565108,0.1041831993456032,0.0,0.10111175180801918,0.0,0.18841151047343424,0.0,0.10641023566592213,0.0,0.07156527960466465,0.0,0.2852890143721432,0.08568858369958902,0.4238995473675051,0.08554220510593753,0.014031073076184824,0.0,0.03683037988806572,0.08183748709152516,0.0,0.079532967925338,0.3425326904342503,0.25318048631291273,0.04850857772771733,0.047763102591628574,0.0,0.0,0.0,0.0,0.0,0.0,0.19692449179973448,0.08283877137991799
0.0,0.0,0.0,0.0,0.0,0.0,0.0,0.0,0.0,0.0,0.0,0.0,0.0,0.0,0.0,0.0,0.0,0.0,0.0,0.0,0.0,0.0,0.0,0.0,0.0,0.0,0.0,0.0,0.0,0.0,0.0,0.0,0.0,0.0,0.0,0.0,0.0,0.0,0.0,0.0,0.0,0.0,0.0,0.0,0.0,0.0,0.0,0.0,0.0,0.0,0.0,0.0,0.0,0.0,0.0,0.0,0.0,0.0,0.0,0.0,0.0,0.0,0.0,0.0,0.0,0.0,0.0,0.0,0.0,0.0,0.0,0.0,0.0,0.0,0.0,0.0,0.0,0.0,0.0,0.0,0.0,0.0,0.0,0.0,0.0,0.0,0.0,0.0,0.0,0.0,0.0,0.0,0.0,0.0,0.0,0.0,0.0,0.0,0.0,0.0
0.0,0.0,0.0,0.0,0.0,0.0,0.0,0.0,0.0,0.0,0.0,0.0,0.0,0.0,0.0,0.0,0.0,0.0,0.4268524308975283,0.0,0.0,0.0,0.0,0.0,0.0,0.0,0.0,0.0,0.0,0.0,0.0,0.0,0.0,0.0,0.3679912505862487,0.0,0.0,0.0,0.0,0.0,0.0,0.0,0.0,0.0,0.0,0.0,0.0,0.0,0.0,0.0,0.0,0.0,0.0,0.0,0.0,0.0,0.0,0.0,0.0,0.0,0.0,0.0,0.0,0.0,0.0,0.0,0.0,0.0,0.0,0.0,0.0,0.0,0.0,0.0,0.0,0.0,0.0,0.0,0.0,0.0,0.0,0.0,0.0,0.0,0.0,0.0,0.0,0.0,0.0,0.0,0.0,0.0,0.0,0.0,0.0,0.0,0.0,0.0,0.0,0.0
0.0,0.0,0.7403718621521771,0.0,0.0,0.0,0.0,0.21061292322240688,0.0,0.0,0.0,0.0,0.0,0.0,0.0,0.0,0.0,0.0,0.2870065648496901,0.0,0.0,0.0,0.0,0.0,0.14750729863254858,0.0,0.0,0.0,0.13065035954764373,0.0,0.19569618936579203,0.0,0.0,0.0,0.21023638320557103,0.0,0.0,0.0,0.0,0.0,0.35969085239019816,0.0,0.0,0.0,0.0,0.0,0.0,0.0,0.0,0.0,0.1620931435063187,0.0,0.0,0.0,0.0,0.0,0.0,0.1899207321611527,0.0,0.6144300937126218,0.0,0.0,0.0,0.0,0.0,0.0,0.0,0.0,0.0,0.0,0.0,0.0,0.09797558953028702,0.0,0.591910989288024,0.0,0.4005623879425376,0.0,0.0,0.0,0.11049192473131683,0.2508408422439646,0.0,0.0,0.0,0.0,0.0,0.0,0.0,0.312711491007426,0.0,0.32568834195897817,0.0,0.7384351569502472,0.0,0.0,0.0,0.0,0.0,0.0
0.05014671521854172,0.789806740195734,0.28944162851752686,0.0,0.0,0.0,0.01870658010149867,0.13467663018331816,0.0,0.0,0.09048218214651842,0.0,0.0,0.0,0.0,0.0,0.0,0.0,0.2389488100118227,0.14405395318874725,0.0,0.09204074517123045,0.0,0.0,0.07515396912519409,0.3545762258755649,0.0,0.0,0.11449343015738116,0.0,0.1313664195585697,0.12453261331173299,0.10462445211666516,0.0,0.21176886229357175,0.0,0.017485218916607162,0.17739698152697472,0.0,0.15787818370996537,0.23000465102762277,0.22681079315634112,0.0,0.0,0.05039912179383771,0.11823888197438435,0.0,0.018462884777854977,0.05221386377424959,0.0,0.2582148912910217,0.0,0.0,0.0,0.0,0.27130876677229604,0.07717619005824385,0.2614779825946407,0.02502631888058462,0.3130479692906479,0.0,0.0,0.13283778083303058,0.0,0.023521440957554242,0.3146547856432032,0.0,0.3450871096907683,0.0822845930583132,0.0,0.07985874309097174,0.0,0.1488086809023775,0.0,0.3015746381786116,0.0,0.22345082544347322,0.0,0.22532318645491636,0.06767742096376173,0.3347987196767764,0.1278017093940654,0.011081836087749666,0.0,0.029088882279563705,0.06463579890556795,0.0,0.06281567413520307,0.2705346276423497,0.19996365457597226,0.038312401646659805,0.16593600332275163,0.0,0.37622770873624456,0.0,0.0,0.0,0.0,0.15553229093304985,0.06542661998539269
0.0,0.0,0.2207389246435594,0.0,0.0,0.0,0.0,0.03381410031514566,0.0,0.0,0.0,0.0,0.0,0.0,0.0,0.0,0.0,0.0,0.0,0.0,0.0,0.0,0.0,0.0,0.0,0.3840540828514173,0.0,0.0,0.0,0.0,0.11824340797267377,0.0,0.0,0.0,0.0,0.0,0.0,0.0,0.0,0.8931819576343769,0.0,0.0,0.0,0.0,0.0,0.0,0.0,0.0,0.0,0.0,0.0,0.0,0.0,0.0,0.0,0.18920913763119812,0.0,0.07288424771195315,0.0,0.0,0.0,0.0,0.0,0.0,0.0,0.0,0.0,0.0,0.0,0.0,0.0,0.0,0.0,0.0,0.3749525219161976,0.0,0.24202751218352117,0.0,0.7548069483305995,0.0,0.0,0.0,0.5924031024175204,0.0,0.0,0.4450243820611377,0.0,0.0,0.0,0.050206120141344256,0.0,0.0,0.0,0.0,0.0,0.0,0.0,0.0,0.0,0.0
0.0,0.0,0.0,0.0,0.0,0.0,0.0,0.0,0.0,0.0,0.0,0.0,0.0,0.0,0.0,0.0,0.0,0.0,0.0,0.0,0.0,0.0,0.0,0.0,0.0,0.0,0.0,0.0,0.0,0.0,0.0,0.0,0.0,0.0,0.0,0.0,0.0,0.0,0.0,0.0,0.0,0.0,0.0,0.0,0.0,0.0,0.0,0.0,0.0,0.0,0.0,0.0,0.0,0.0,0.0,0.0,0.0,0.0,0.0,0.0,0.0,0.0,0.0,0.0,0.0,0.0,0.0,0.0,0.0,0.0,0.0,0.0,0.0,0.0,0.6240393841185663,0.0,0.0,0.0,0.0,0.0,0.0,0.0,0.0,0.0,0.0,0.0,0.0,0.0,0.0,0.0,0.0,0.0,0.0,0.0,0.0,0.0,0.0,0.0,0.0,0.0
0.0,0.0,0.3807963600181895,0.0,0.0,0.0,0.0,0.00722559917867072,0.0,0.0,0.048079178913070425,0.0,0.0,0.06084727938014046,0.0,0.0,0.0,0.0,0.03411635023096738,0.0,0.0,0.0,0.0,0.0,0.0,0.08189878299496273,0.0,0.0,0.16519445986129777,0.0,0.02521517578524323,0.0,0.020832751002244954,0.0,0.1411679717804761,0.26750645211553803,0.1363871127310112,0.0,0.0,0.0,0.012340087625399258,0.0,0.0,0.0,0.0,0.0,0.0,0.0,0.0,0.0,0.026104876979090978,0.0,0.0,0.0,0.0,0.0,0.0,0.5271018495360694,0.0,0.0,0.0,0.0,0.05059549951308544,0.0,0.0021254604396644763,0.0,0.0,0.0,0.0,0.0,0.0,0.0,0.06578792427409189,0.0,0.3009158939470205,0.0,0.05161189422063125,0.0,0.0,0.013475882844671862,0.0019629208599283854,0.0,0.0,0.0,0.0,0.7677108379587724,0.0,0.0,0.0,0.010728344006688022,0.0,0.21869079921308668,0.0,0.0,0.0,0.0,0.0,0.0,0.0,0.19252519628743336
0.0,0.0,0.09031421011953437,0.0,0.0,0.0,0.0,0.052185881076295244,0.0,0.0,0.2548888958916038,0.0,0.0,0.0,0.0,0.0,0.0,0.0,0.0,0.0,0.0,0.0,0.0,0.0,0.0,0.0,0.0,0.0,0.0,0.0,0.040499401811842334,0.0,0.0,0.0,0.5316371250023737,0.0,0.0,0.0,0.0,0.0,0.08912455968926576,0.0,0.0,0.0,0.0,0.0,0.0,0.0,0.0,0.0,0.03387476732226376,0.0,0.0,0.0,0.0,0.0,0.0,0.04705874924882291,0.0,0.0,0.0,0.0,0.0,0.0,0.0,0.0,0.0,0.0,0.17857894170183697,0.0,0.0,0.0,0.0,0.0,0.11604837931884394,0.0,0.08289654056407304,0.0,0.0,0.0,0.0,0.0,0.0,0.0,0.0,0.18207946611448816,0.0,0.0,0.7620978064890533,0.07748396646900692,0.0,0.0,0.0,0.0,0.0,0.0,0.0,0.0,0.0,0.0
0.0,0.0,0.3543277544657817,0.0,0.0,0.0,0.0,0.0,0.0,0.0,0.0,0.0,0.0,0.0,0.0,0.0,0.0,0.0,0.0,0.0,0.0,0.0,0.0,0.0,0.0,0.0,0.0,0.0,0.0,0.0,0.0,0.0,0.0,0.0,0.0,0.0,0.0,0.0,0.0,0.0,0.0,0.0,0.0,0.0,0.0,0.0,0.0,0.0,0.0,0.0,0.0,0.0,0.0,0.0,0.0,0.0,0.0,0.0,0.0,0.0,0.0,0.0,0.0,0.0,0.0,0.0,0.0,0.0,0.0,0.0,0.0,0.0,0.0,0.0,0.27999966433559925,0.0,0.0,0.0,0.0,0.0,0.0,0.0,0.0,0.0,0.0,0.7143483653047045,0.0,0.0,0.0,0.0,0.0,0.0,0.0,0.0,0.0,0.0,0.0,0.0,0.0,0.0
0.0,0.0,0.8527588198870238,0.0,0.0,0.0,0.5586550281206252,0.09950051383741135,0.0,0.0,0.2313027333160008,0.0,0.0,0.0,0.0,0.0,0.0,0.0,0.4698010911342635,0.0,0.0,0.0,0.0,0.0,0.0,0.21455374445519942,0.0,0.0,0.6005128429557196,0.0,0.6310696324556692,0.056433703298432544,0.0,0.0,0.34897668640267343,0.0,0.0,0.0,0.0,0.689965394073319,0.16992986037066504,0.0,0.0,0.0,0.08996174643279092,0.04611075894998646,0.0,0.0,0.0,0.0,0.15516829890063238,0.0,0.0,0.0,0.0,0.10570263610403623,0.0,0.1571291785548168,0.0,0.0,0.0,0.0,0.6967281293810493,0.0,0.02302764585748947,0.0,0.0,0.0,0.0,0.0,0.0,0.2962311728736583,0.0894231535672544,0.0,0.2094691116749927,0.0,0.13520988662484998,0.0,0.4216766969452743,0.14600029808746193,0.20118958882121377,0.0,0.33094897183980543,0.0,0.0,0.24861510867472875,0.0,0.0,0.6915770303701696,0.14773525556760156,0.2274285691284938,0.0,0.0,0.0,0.0,0.0,0.0,0.0,0.0,0.0
0.0,0.0,0.0,0.0,0.0,0.0,0.0,0.081500633764803,0.0,0.0,0.0,0.0,0.0,0.0,0.0,0.0,0.0,0.0,0.0,0.0,0.0,0.0,0.0,0.0,0.0,0.6497711587364468,0.0,0.0,0.061015678207697016,0.0,0.20005296035630235,0.0,0.0,0.0,0.09818354537741146,0.0,0.0,0.5586842770537921,0.0,0.0,0.0,0.0,0.0,0.0,0.0,0.0,0.0,0.0,0.0,0.0,0.0,0.0,0.0,0.0,0.0,0.0,0.0,0.3558375010959411,0.0,0.0,0.0,0.0,0.0,0.0,0.0,0.0,0.0,0.0,0.0,0.0,0.0,0.0,0.04575607035210196,0.0,0.0640977194467294,0.0,0.4094800812166543,0.0,0.0,0.0,0.0,0.0,0.0,0.0,0.0,0.0,0.0,0.0,0.0,0.0849424347156947,0.0,0.15210134237495707,0.0,0.0,0.0,0.0,0.0,0.0,0.0,0.0
0.0,0.0,0.27997615792148306,0.0,0.0,0.0,0.0,0.0238731939759292,0.0,0.0,0.7901615224683763,0.0,0.0,0.0,0.0,0.0,0.0,0.0,0.11271954431389551,0.0,0.0,0.0,0.0,0.0,0.0,0.0,0.0,0.0,0.14408126181483422,0.0,0.0653836891983886,0.0,0.34237769074428687,0.0,0.1900032320887227,0.0,0.0,0.0,0.0,0.0,0.04077133235271937,0.0,0.0,0.0,0.0,0.0,0.0,0.0,0.0,0.0,0.2316755324053208,0.0,0.0,0.0,0.0,0.0,0.0,0.03594705623782743,0.0,0.0,0.0,0.0,0.1671662299993688,0.0,0.0349310677702739,0.0,0.0,0.0,0.0,0.0,0.0,0.0,0.3076339996327622,0.0,0.22124496106205144,0.0,0.0,0.0,0.0,0.22147058967882408,0.032259796656891285,0.0,0.0,0.0,0.0,0.5644505919019611,0.0,0.0,0.0,0.03544617286109669,0.0,0.0,0.0,0.0,0.0,0.0,0.0,0.0,0.0,0.0
0.0,0.0,0.5240921188316967,0.0,0.0,0.0,0.0,0.05813319843482015,0.040213263135190976,0.0,0.0019334206729552264,0.0,0.0,0.0024468676567740684,0.0,0.0,0.0,0.0,0.0013719297690502246,0.0,0.0,0.0,0.0,0.0,0.04627407084648972,0.00329341731102834,0.0,0.0,0.04090298229442295,0.0,0.08211750469187348,0.18563605121231316,0.0008377528978831899,0.0,0.41860806289014674,0.010757307349283495,0.005484570852501108,0.0,0.0,0.0,0.09928156058642276,0.0,0.0,0.0,0.2959249950270507,0.1516792042622527,0.0,0.0,0.0,0.0,0.510418926947248,0.20108270341092557,0.0,0.0,0.0,0.0,0.0,0.5168691496799368,0.0,0.25782549096530427,0.3092345173668293,0.0,0.0020346101353761314,0.0,8.54716999436663e-05,0.0,0.0,0.0,0.19893053140284467,0.0,0.0,0.0,0.2941533187604659,0.0,0.1292737292893199,0.0,0.16808290380031873,0.0,0.0,0.0005419092228117955,0.6618038269842982,0.0,0.0,0.0,0.0,0.030872157938574073,0.0,0.0,0.0,0.08631435754958999,0.7481157364884969,0.00879427065400107,0.0,0.0,0.0,0.0,0.0,0.0,0.0,0.007742066378460851
0.19226132094633594,0.0,0.18442917587986846,0.0948313832781759,0.0,0.0,0.07172058598511662,0.5747092833912704,0.22401776458181796,0.0,0.19982440064482218,0.0,0.0,0.2528905735887937,0.0,0.0,0.0,0.0,0.09038852379752195,0.5522994518566114,0.0,0.35288204163296455,0.0,0.0,0.15232316943423577,0.16530849843563525,0.8458914025336097,0.0,0.16752757683779398,0.0,0.3265832140328974,0.32390556631417083,0.2039539755218075,0.0,0.35902577698746224,0.059926197414135955,0.2752904009931611,0.6338406166079705,0.0,0.15931736951793002,0.12254895059520766,0.22887835478476393,0.0,0.0,0.06099624703094739,0.4533250789516841,0.2422837003357852,0.8119863583845967,0.20018671965252588,0.0,0.43776880591149236,0.0,0.0,0.11183177644761066,0.0,0.2687836067104547,0.29589168864877313,0.40370611876942886,0.10393618963477207,0.0,0.0,0.4473584861811024,0.13404870335851155,0.0,0.09018064870953946,0.0,0.0,0.0,0.24555141680659207,0.0,0.30617653357497016,0.0,0.1832572008251478,0.0,0.3586412272547109,0.0,0.2167068500136689,0.0,0.27075595600070473,0.4264359938820154,0.23289023058950703,0.259030383366554,0.09199247409088732,0.8418818696041055,0.11152608715343128,0.29637744955602013,0.15742789169743626,0.24083381000602921,0.18039229364570025,0.26397682311858833,0.1468888424119516,0.08577015931577149,0.0,0.0,0.0,0.0,0.0,0.0,0.464135179847341,0.19524431776546974
0.03614262596987208,0.4145717262461766,0.5163956246389024,0.0,0.0,0.5249027453772239,0.0098191352518956,0.0706921329213768,0.0,0.0,0.04749434581642955,0.0,0.0,0.0,0.0,0.0,0.0,0.5849016004499039,0.1254248863798264,0.07561431551121553,0.0,0.048312439826944324,0.0,0.0,0.0394485247198095,0.18611803440757868,0.0,0.0,0.2634877766534223,0.0,0.06895459427666947,0.10839406706495434,0.05491766214962545,0.0,0.41246064260023113,0.0,0.026040763441440906,0.37232853656935777,0.5086214932978306,0.08287069206453053,0.12073007277392951,0.11905360800894912,0.0,0.0,0.17279248048899887,0.08856644887558886,0.2216323809897784,0.009691218907479435,0.45269815466539043,0.0,0.5029232288323842,0.2946625705559652,0.0,0.0,0.0,0.14241071652368714,0.040509994039326605,0.5092787275651871,0.018037410401893546,0.16431973851542594,0.0,0.0,0.06972691584907573,0.0,0.0123464689338485,0.16516316083019925,0.0,0.18113717127097548,0.04319140879855626,0.0,0.05755720328604671,0.5689809412186716,0.2898335642206002,0.0,0.1582973555160962,0.0,0.11728995173208592,0.0,0.11827275916732971,0.03552406406392861,0.6520849834296418,0.06708346812484708,0.005816886186280194,0.0,0.020965452822384975,0.08568853574606135,0.14400935111502572,0.03297211980628917,0.14200436876907435,0.10496147126259071,0.43682952090236604,0.08710026370103649,0.0,0.19748295720263734,0.0,0.0,0.0,0.0,0.08163932650556698,0.30708073359198795
0.0450026952732143,0.7087888388872415,0.35945103878539725,0.0,0.0,0.8974206002744238,0.016787670343768532,0.12086158230204998,0.0,0.0,0.08120057421606831,0.0,0.0,0.0,0.0,0.0,0.0,0.0,0.2144375845156692,0.12927698514254932,0.0,0.08259926078127092,0.0,0.0,0.0674447200853372,0.31820400946828914,0.0,0.0,0.10274876281931483,0.0,0.11789093109615342,0.11175813259195812,0.09389213862192036,0.0,0.287104304077747,0.0,0.01569159565607131,0.15919970564880853,0.0,0.1416831343952329,0.2064109119911186,0.20354467814308183,0.0,0.0,0.04522921013352964,0.10611000843722876,0.0,0.016568973140140136,0.04685779697093406,0.0,0.350073215975672,0.49083310179785916,0.0,0.0,0.0,0.24347807633650756,0.06925950280896222,0.3544971315018788,0.0224591341124734,0.2809356965155026,0.0,0.0,0.11921136101430067,0.0,0.021108625663447747,0.28237768661114354,0.0,0.3096882811256552,0.07384388889572813,0.0,0.07166688116186086,0.0,0.20174643386418895,0.0,0.27063929282179183,0.0,0.20052937390129721,0.0,0.20220966924411699,0.06073511174632392,0.45390125997687514,0.11469188676051965,0.009945067994011078,0.0,0.026104962196638114,0.14650077154883842,0.0,0.056372079989056544,0.2427833479338152,0.17945150292263656,0.03438233848370027,0.14891438770904256,0.0,0.3376344962139517,0.0,0.0,0.0,0.0,0.13957788189119394,0.05871519658121773
0.0,0.0,0.0,0.0,0.0,0.0,0.0,0.0,0.0,0.0,0.0,0.0,0.0,0.0,0.0,0.0,0.0,0.0,0.0,0.0,0.0,0.0,0.0,0.0,0.0,0.0,0.0,0.0,0.0,0.0,0.0,0.0,0.0,0.0,0.0,0.0,0.0,0.0,0.0,0.0,0.0,0.0,0.0,0.0,0.0,0.0,0.0,0.0,0.0,0.0,0.0,0.0,0.0,0.0,0.0,0.0,0.0,0.0,0.0,0.0,0.0,0.0,0.0,0.0,0.0,0.0,0.0,0.0,0.0,0.0,0.0,0.0,0.0,0.0,0.0,0.0,0.0,0.0,0.0,0.0,0.0,0.0,0.0,0.0,0.0,0.0,0.0,0.0,0.0,0.0,0.0,0.0,0.0,0.0,0.0,0.0,0.0,0.0,0.0,0.0
0.3481106495761126,0.0,0.33392967394751305,0.0,0.0,0.0,0.12985815166757902,0.32190843854918527,0.0,0.0,0.30829940457786914,0.0,0.0,0.0,0.0,0.0,0.0,0.0,0.07145732877054047,0.0,0.0,0.63893244950129,0.0,0.0,0.2757981542842126,0.09848437452347579,0.0,0.0,0.3033274363656034,0.0,0.37884272788205126,0.5864672963649139,0.369281509942107,0.0,0.2667196260541299,0.0,0.12137965345315506,0.29811117071139187,0.0,0.1259495472899018,0.22188859717902445,0.18094150849229446,0.0,0.0,0.10520274091824018,0.8207958154363275,0.0,0.1281664568667818,0.36246047136128345,0.0,0.3252176854559212,0.0,0.0,0.0,0.0,0.4866628163524533,0.5357450340645872,0.3293274987819012,0.1737287892946179,0.0,0.0,0.0,0.10597321280089782,0.0,0.16328216225163347,0.0,0.0,0.0,0.4445983351624661,0.0,0.5543668974244429,0.0,0.33180768188183035,0.0,0.28891937510529914,0.0,0.3923720171823212,0.0,0.4902339755915576,0.23887360647410902,0.4216738398103104,0.46900351339440355,0.07692837192207871,0.0,0.20193046865884956,0.3611065105266288,0.0,0.4360565798072795,0.3266204466422934,0.4779595964312532,0.26595869671456246,0.0,0.0,0.0,0.0,0.0,0.0,0.0,0.8403687135431744,0.35351169933110715
0.0,0.0,0.1979736352542272,0.0,0.0,0.0,0.0,0.14800697213798386,0.12797470640044628,0.0,0.08831102018982198,0.0,0.0,0.007786912713939404,0.0,0.0,0.0,0.0,0.03933887895159974,0.0,0.0,0.0,0.0,0.0,0.05611977674189326,0.09443584348004913,0.0,0.0,0.08096898367170346,0.0,0.186567306433011,0.34769315720450045,0.002666065193025901,0.0,0.2857153968685854,0.03423405966971102,0.1572652432619637,0.3620943498231232,0.0,0.0,0.035306492367618555,0.0,0.0,0.0,0.5542624675796629,0.2840925621278831,0.25181305212374727,0.20911380030733195,0.0,0.0,0.34837968785193013,0.0,0.0,0.0,0.0,0.0,0.0,0.23062533508458458,0.15903860895040145,0.0,0.0,0.0,0.058340655356338034,0.0,0.03842300583522759,0.0,0.0,0.0,0.07074364310124817,0.0,0.0,0.0,0.11111520235587814,0.0,0.09236217973824125,0.0,0.05951263970098513,0.0,0.0,0.2436102387572113,0.24999366474983362,0.0,0.0,0.48094214888522596,0.0,0.1034373854385395,0.16361974760496503,0.12490650598560926,0.0,0.030695097740609578,0.0,0.027986890821773715,0.0,0.0,0.0,0.0,0.0,0.0,0.13371787441045807,0.09436496531225883
0.0,0.0,0.0,0.0,0.0,0.0,0.0,0.08579780594081188,0.0,0.0,0.0,0.0,0.0,0.0,0.0,0.0,0.0,0.0,0.0,0.0,0.0,0.0,0.0,0.0,0.0,0.0,0.0,0.0,0.09233448429095177,0.0,0.3000235072490057,0.0,0.0,0.0,0.021054598315798673,0.0,0.0,0.0,0.0,0.0,0.06754406866734475,0.0,0.0,0.0,0.0,0.0,0.0,0.0,0.0,0.0,0.025672380520954007,0.0,0.0,0.0,0.0,0.0,0.0,0.18493198053627646,0.0,0.0,0.0,0.0,0.0,0.0,0.0,0.0,0.0,0.0,0.13533809696120588,0.0,0.0,0.0,0.0,0.0,0.0879485938418625,0.0,0.61410563431014,0.0,0.0,0.0,0.0,0.0,0.0,0.0,0.0,0.0,0.0,0.0,0.0,0.12738990281515006,0.0,0.0,0.0,0.0,0.0,0.0,0.0,0.0,0.2558127042808406,0.10761084074575071
0.015619819037217845,0.24601089627642905,0.14709285989420487,0.0,0.0,0.0,0.005826770401954286,0.1408267030490352,0.2670459216472808,0.0,0.028183606943384162,0.0,0.0,0.016249017801799194,0.0,0.0,0.0,0.0,0.07442834800400222,0.044870270577007015,0.0,0.028669071889552755,0.0,0.0,0.05017501927280777,0.13292521025149684,0.0,0.0,0.36744002817891797,0.0,0.2626068399431691,0.25833329166876173,0.032588675086860384,0.0,0.212284301327495,0.07143650705178804,0.22136208832894777,0.5192210800306329,0.0,0.016851502770607714,0.24050792365441967,0.008118894444661065,0.0,0.0,0.4118126708317379,0.2110785478298688,0.19482127121361836,0.005750863598508797,0.6312984413147529,0.0,0.25884337856091666,0.16087769964902557,0.0,0.0,0.0,0.4690136684782197,0.024039024638765866,0.5836743561998753,0.14219167880705516,0.0,0.0,0.0,0.08211864895440561,0.0,0.05408313137184107,0.09800942672959248,0.0,0.10748855995762852,0.4819058924594649,0.0,0.024874592686370645,0.0,0.08255772477613489,0.842763979007317,0.31316345181110866,0.0,0.08376830082050654,0.0,0.07018420612351,0.3428988508273428,0.18574333423874895,0.02104431454757382,0.003451796863192301,0.6769605046507718,0.009060674766464414,0.20501404828130662,0.12658838354568575,0.019565976722836883,0.08426677417770652,0.20909509070162627,0.011933638683890564,0.05840048603163916,0.0,0.0,0.0,0.0,0.0,0.0,0.1195531649479131,0.428231452848981
0.6688823045943106,0.5146957147965314,0.6263449808517934,0.0,0.0,0.6516729835313596,0.02818081719745251,0.21846963875662,0.5302145493809056,0.0,0.4121807238927698,0.0,0.0,0.032262112817595244,0.0,0.0,0.0,0.7261622736675349,0.3599681340980392,0.2170123079342139,0.0,0.13865620548033553,0.0,0.0,0.24659197372475594,0.23106774700561866,0.0,0.0,0.6090980754897026,0.24419017970667628,0.14970034807152605,0.22185452664537714,0.15761312562135044,0.0,0.5002804845068356,0.1418358129649248,0.07231443151803589,0.4327159398517123,0.0,0.10288494701278522,0.3731087788129951,0.1478064662733069,0.0,0.0,0.3536613673126184,0.7304289675759481,0.0,0.02781369860441119,0.5261205849814836,0.0,0.6100040842778494,0.7057064882988268,0.0,0.0,0.0,0.17680459350071598,0.1162632663066501,0.6177127761066864,0.3338137258922209,0.20400490413606992,0.0,0.05967350437934875,0.20968587464045763,0.0,0.07997702588872796,0.29565576006153416,0.0,0.5198618188160262,0.14848720850030767,0.0,0.12030443985240796,0.0,0.4933939916535711,0.0,0.5664034299339611,0.0,0.2526781557657384,0.0,0.387698799530139,0.5070717906713527,0.7909248974477311,0.1017795348709745,0.016694403536431878,0.0,0.8199218304767819,0.40705145600314796,0.0,0.09462964477387745,0.4075510780593805,0.3243768968692046,0.8940766705104546,0.11595304355851686,0.0,0.24517743343931586,0.6201779564820897,0.0,0.0,0.0,0.2806668278220651,0.7098708191570926
0.0,0.0,0.0,0.0,0.0,0.0,0.0,0.0,0.0,0.0,0.0,0.0,0.0,0.0,0.0,0.0,0.0,0.0,0.0,0.0,0.0,0.0,0.0,0.0,0.0,0.0,0.0,0.0,0.0,0.0,0.0,0.0,0.0,0.0,0.0,0.0,0.0,0.0,0.0,0.0,0.0,0.0,0.0,0.0,0.0,0.0,0.0,0.0,0.0,0.0,0.0,0.0,0.0,0.0,0.0,0.0,0.0,0.0,0.0,0.0,0.0,0.0,0.0,0.0,0.0,0.0,0.0,0.0,0.0,0.0,0.0,0.0,0.0,0.0,0.0,0.0,0.0,0.0,0.0,0.0,0.0,0.0,0.0,0.0,0.0,0.0,0.0,0.0,0.0,0.0,0.0,0.0,0.0,0.0,0.0,0.0,0.0,0.0,0.0,0.0
0.0,0.0,0.0,0.0,0.0,0.0,0.0,0.0880451525579215,0.0,0.0,0.0,0.0,0.0,0.0,0.0,0.0,0.0,0.0,0.0,0.0,0.0,0.0,0.0,0.0,0.0,0.0,0.0,0.0,0.0,0.0,0.3078821792357295,0.0,0.0,0.0,0.0,0.0,0.0,0.0,0.0,0.0,0.0,0.0,0.0,0.0,0.0,0.0,0.0,0.0,0.0,0.0,0.0,0.0,0.0,0.0,0.0,0.0,0.0,0.18977600022065272,0.0,0.0,0.0,0.0,0.0,0.0,0.0,0.0,0.0,0.0,0.0,0.0,0.0,0.0,0.0,0.0,0.05494364277687055,0.0,0.6301912230344826,0.0,0.0,0.0,0.0,0.0,0.0,0.0,0.0,0.0,0.0,0.0,0.0,0.13072669288811592,0.0,0.0,0.0,0.0,0.0,0.0,0.0,0.0,0.0,0.0
0.0,0.0,0.08370262536760717,0.0,0.0,0.0,0.0,0.015972018636036058,0.0,0.0,0.23622937890881635,0.0,0.0,0.298963404559187,0.0,0.0,0.0,0.0,0.03369901872844235,0.0,0.0,0.0,0.0,0.0,0.04335763115977499,0.06965426571565714,0.0,0.0,0.04307502456534643,0.0,0.10204694307123834,0.045234435653254815,0.10235840007002446,0.0,0.42443483396581405,0.0,0.0,0.0,0.0,0.0,0.027277476185643374,0.0,0.0,0.0,0.07210883908767926,0.1079381621680382,0.0,0.0,0.0,0.0,0.5175236497265363,0.0,0.0,0.0,0.0,0.0,0.0,0.03932271906952691,0.1228717886521401,0.0,0.0,0.0,0.049976585247935405,0.0,0.05451831684435696,0.0,0.0,0.0,0.05465589784132133,0.0,0.0,0.0,0.0919713078883703,0.0,0.06614414680067567,0.0,0.043895506900918806,0.0,0.0,0.3456580216563482,0.05034915700377216,0.0,0.0,0.0,0.0,0.16875007066045858,0.0,0.0,0.0,0.02371475446831392,0.0,0.0,0.0,0.0,0.0,0.0,0.0,0.0,0.10330921850994813,0.04345832585561165
0.08177202137075018,0.0,0.3425061303073691,0.0,0.0,0.0,0.018424176065879445,0.04636288934654022,0.040087821987658735,0.0,0.04374128568754759,0.0,0.0,0.0024392349042244087,0.0,0.0,0.0,0.0,0.01678549685979592,0.14187924153612688,0.31324800904187844,0.11583916738949025,0.0,0.0,0.0647856438566413,0.029581839952315846,0.0,0.0,0.04955640840260881,0.0,0.3107142286720748,0.10891418925179462,0.08674510693533515,0.0,0.09435871274982821,0.010723751032957843,0.04926302434329682,0.12054272681452312,0.0,0.02958584888215063,0.05783256679811686,0.04250359165197737,0.0,0.0,0.1736216144559681,0.6648948475033677,0.07887993722852259,0.06550448160945269,0.08514282871350827,0.0,0.11505385867956863,0.0,0.0,0.0,0.0,0.11431825561091093,0.07601109908983009,0.350083934591335,0.04981852761450312,0.0,0.0,0.2872104059419438,0.024893360293441337,0.0,0.41368113702041753,0.0,0.0,0.0,0.1158791539696367,0.0,0.13022210563976577,0.0,0.07794241539826177,0.0,0.0753033246073761,0.0,0.0711374853676814,0.0,0.11515712942868692,0.0763104222729131,0.14917762638398116,0.11017004325189068,0.010914539060913608,0.1506541706026197,0.0474339484261217,0.05123351782727551,0.051253560177189954,0.061867376809894396,0.07672392147577183,0.06781254502657949,0.06247433181938602,0.008766837829193037,0.0,0.0,0.0,0.0,0.0,0.0,0.11923087568819626,0.05775531009346962
0.0,0.0,0.0,0.0,0.0,0.0,0.0,0.0,0.0,0.0,0.0,0.0,0.0,0.0,0.0,0.0,0.0,0.0,0.0,0.0,0.0,0.0,0.0,0.0,0.0,0.0,0.0,0.0,0.0,0.0,0.0,0.0,0.0,0.0,0.0,0.0,0.0,0.0,0.0,0.0,0.0,0.0,0.0,0.0,0.0,0.0,0.0,0.0,0.0,0.0,0.0,0.0,0.0,0.0,0.0,0.0,0.0,0.0,0.0,0.0,0.0,0.0,0.0,0.0,0.0,0.0,0.0,0.0,0.0,0.0,0.0,0.0,0.0,0.0,0.0,0.0,0.0,0.0,0.0,0.0,0.0,0.0,0.0,0.0,0.0,0.0,0.0,0.0,0.0,0.0,0.0,0.0,0.0,0.0,0.0,0.0,0.0,0.0,0.0,0.0
0.0,0.0,0.06604580151796317,0.0,0.0,0.0,0.0,0.12269795224890881,0.0,0.0,0.11368089020715802,0.0,0.0,0.0,0.0,0.0,0.0,0.0,0.5790174564518821,0.0,0.0,0.0985617951614181,0.0,0.0,0.015132493847272922,0.0,0.0,0.0,0.7401162437818576,0.0,0.4290584072905526,0.0,0.0,0.0,0.0652840485588248,0.0,0.0,0.10256382030565014,0.0,0.0,0.20943407195903382,0.0,0.0,0.0,0.0,0.0,0.0,0.04725950389447807,0.0,0.0,0.07960241802822601,0.0,0.0,0.0,0.0,0.0,0.0,0.26446801370176704,0.0,0.0,0.0,0.24437307204994552,0.8586990471620702,0.0,0.028380966294239075,0.0,0.0,0.0,0.09859581775680112,0.0,0.0,0.0,0.0116498791598538,0.0,0.07656835455401831,0.0,0.8782218026222223,0.0,0.0,0.17994151745309422,0.026210598759805928,0.025733285993917387,0.0,0.0,0.0,0.1331527371338116,0.0,0.1607894774920321,0.0,0.18217808767032104,0.0,0.0,0.0,0.0,0.0,0.0,0.0,0.0,0.02521335935901663,0.12147400446746891
0.0,0.0,0.0,0.0,0.0,0.0,0.0,0.0,0.0,0.0,0.0,0.0,0.0,0.0,0.0,0.0,0.0,0.0,0.0,0.0,0.0,0.0,0.0,0.0,0.0,0.0,0.0,0.0,0.0,0.0,0.0,0.0,0.0,0.0,0.0,0.0,0.0,0.0,0.0,0.0,0.0,0.0,0.0,0.0,0.0,0.0,0.0,0.0,0.0,0.0,0.0,0.0,0.0,0.0,0.0,0.0,0.0,0.0,0.0,0.0,0.0,0.0,0.0,0.0,0.0,0.0,0.0,0.0,0.0,0.0,0.0,0.0,0.0,0.0,0.0,0.0,0.0,0.0,0.0,0.0,0.0,0.0,0.0,0.0,0.0,0.0,0.0,0.0,0.0,0.0,0.0,0.0,0.0,0.0,0.0,0.0,0.0,0.0,0.0,0.0
0.0,0.0,0.5693918075522733,0.0,0.0,0.0,0.0,0.0,0.0,0.0,0.0,0.0,0.0,0.0,0.0,0.0,0.0,0.0,0.0,0.0,0.0,0.0,0.0,0.0,0.0,0.0,0.0,0.0,0.04443841490083396,0.0,0.0,0.0,0.0,0.0,0.45479028022079276,0.0,0.0,0.0,0.0,0.0,0.0,0.0,0.0,0.0,0.0,0.0,0.0,0.0,0.0,0.0,0.554536778899199,0.0,0.0,0.0,0.0,0.0,0.0,0.5615445240052837,0.0,0.0,0.0,0.0,0.0,0.0,0.0,0.0,0.0,0.0,0.0,0.0,0.0,0.0,0.31957834099830795,0.0,0.0,0.0,0.0,0.0,0.0,0.0,0.7190065710807085,0.0,0.0,0.0,0.0,0.0,0.0,0.0,0.0,0.0,0.0,0.0,0.0,0.0,0.0,0.0,0.0,0.0,0.0,0.0
0.0,0.0,0.18188447010628508,0.0,0.0,0.0,0.0,0.0,0.0,0.0,0.0,0.0,0.0,0.0,0.0,0.0,0.0,0.0,0.0,0.0,0.0,0.0,0.0,0.0,0.0,0.0,0.0,0.0,0.12494247222859747,0.0,0.1909694789291105,0.0,0.0,0.0,0.5549521397719551,0.0,0.0,0.0,0.0,0.0,0.0,0.0,0.0,0.0,0.0,0.0,0.0,0.0,0.0,0.0,0.6766665547094695,0.0,0.0,0.0,0.0,0.0,0.0,0.0735880854906262,0.0,0.0,0.0,0.0,0.0,0.0,0.10202495289438418,0.0,0.0,0.0,0.0,0.0,0.0,0.0,0.8985223276785467,0.0,0.0,0.0,0.0,0.0,0.0,0.6468604575180537,0.0942228349830927,0.0,0.0,0.0,0.0,0.0,0.0,0.0,0.0,0.0,0.0,0.0,0.0,0.0,0.0,0.0,0.0,0.0,0.0,0.0
0.11519910084161475,0.0,0.6649172374708815,0.0,0.0,0.0,0.042973526742933824,0.3918256105471466,0.0,0.0,0.3833003760023409,0.0,0.0,0.0,0.0,0.0,0.0,0.0,0.548923053894422,0.33092667800278563,0.0,0.2114397929816445,0.0,0.0,0.09907687625163618,0.15916753014660223,0.0,0.0,0.3865756902742546,0.0,0.2801180582742626,0.2860814515257362,0.24034760317521148,0.0,0.6696038842479539,0.0,0.040167765494381946,0.27463140973867106,0.0,0.12428299984644145,0.5283761632701023,0.059878372318167825,0.0,0.0,0.1647764957594657,0.4635806509648985,0.0,0.15934591626990036,0.33391244610844295,0.0,0.2008270184089435,0.0,0.0,0.0,0.0,0.1610497091229971,0.17729232437948306,0.27898843442339705,0.2807753254379697,0.0,0.0,0.0,0.035069363269483386,0.0,0.05403442353104491,0.45085174864465266,0.0,0.7927483300782434,0.18902755827825307,0.0,0.1834547957593819,0.0,0.21595768785695066,0.0,0.35947872060569014,0.0,0.12984636818739748,0.0,0.5176217099216157,0.3218227661280706,0.20569444351131153,0.15520577465924493,0.025457650564336277,0.0,0.520379000266355,0.4489540336649935,0.0,0.542137443396227,0.6214832958669319,0.45936474817472855,0.08801282798970053,0.08666025535210518,0.0,0.0,0.0,0.0,0.0,0.0,0.35729518851314324,0.45053303066271616
0.0,0.0,0.0,0.0,0.0,0.0,0.0,0.0,0.0,0.0,0.0,0.0,0.0,0.0,0.0,0.0,0.0,0.0,0.0,0.0,0.0,0.0,0.0,0.0,0.0,0.0,0.0,0.0,0.0,0.0,0.0,0.0,0.0,0.0,0.0,0.0,0.0,0.0,0.0,0.0,0.0,0.0,0.0,0.0,0.0,0.0,0.0,0.0,0.0,0.0,0.0,0.0,0.0,0.0,0.0,0.0,0.0,0.0,0.0,0.0,0.0,0.0,0.0,0.0,0.0,0.0,0.0,0.0,0.0,0.0,0.0,0.0,0.0,0.0,0.0,0.0,0.0,0.0,0.0,0.0,0.0,0.0,0.0,0.0,0.0,0.0,0.0,0.0,0.0,0.0,0.0,0.0,0.0,0.0,0.0,0.0,0.0,0.0,0.0,0.0
0.0,0.0,0.06368365086562071,0.0,0.0,0.0,0.0,0.02701093420935481,0.0,0.0,0.17973091315309536,0.0,0.0,0.22746097860047154,0.0,0.0,0.0,0.0,0.12753468172884397,0.0,0.0,0.0,0.0,0.0,0.0,0.3061562902400202,0.0,0.0,0.6175344876913439,0.0,0.09426006582582394,0.0,0.0778775645876651,0.0,0.5277180070389652,0.0,0.5098460678328035,0.0,0.0,0.0,0.0461300560334503,0.0,0.0,0.0,0.0,0.0,0.0,0.0,0.0,0.0,0.09758597137618231,0.0,0.0,0.0,0.0,0.0,0.0,0.05810111620414429,0.0,0.0,0.0,0.0,0.18913749224722576,0.0,0.007945454858585893,0.0,0.0,0.0,0.0,0.0,0.0,0.0,0.24593023365910285,0.0,0.3445131323395133,0.0,0.19293700698605837,0.0,0.0,0.050375917059568814,0.007337844917028711,0.0,0.0,0.0,0.0,0.1283904840056355,0.0,0.0,0.0,0.04010499156878045,0.0,0.8175159794599365,0.0,0.0,0.0,0.0,0.0,0.0,0.0,0.7197030006748409
0.0,0.0,0.010151433636914899,0.0,0.0,0.0,0.0,0.05297860651190243,0.0,0.0,0.0,0.0,0.0,0.0,0.0,0.0,0.0,0.0,0.25014350364798166,0.0,0.0,0.0,0.0,0.0,0.0,0.6004876953183047,0.0,0.0,0.31974039515294445,0.0,0.18487946023884044,0.0,0.0,0.0,0.15697450933757742,0.0,0.0,0.0,0.0,0.0,0.09047839915591536,0.0,0.0,0.0,0.0,0.0,0.0,0.0,0.0,0.0,0.19140281259986924,0.0,0.0,0.0,0.0,0.0,0.0,0.11395815299922583,0.0,0.0,0.0,0.0,0.3709697969255509,0.0,0.012260967724979479,0.0,0.0,0.0,0.0,0.0,0.0,0.0,0.005032908002426706,0.0,0.03306073697914746,0.0,0.3784220751298002,0.0,0.0,0.07773721003727974,0.011323339103912065,0.0,0.0,0.0,0.0,0.0,0.0,0.0,0.0,0.07866098043916324,0.0,0.0,0.0,0.0,0.0,0.0,0.0,0.0,0.0,0.0
0.0,0.0,0.0,0.0,0.0,0.0,0.0,0.1458795908748222,0.0,0.0,0.0,0.0,0.0,0.0,0.0,0.0,0.0,0.0,0.0,0.0,0.0,0.0,0.0,0.0,0.0,0.0,0.0,0.0,0.0,0.0,0.0,0.0,0.0,0.0,0.0,0.0,0.0,0.0,0.0,0.0,0.0,0.0,0.0,0.0,0.0,0.0,0.0,0.0,0.0,0.0,0.0,0.0,0.0,0.0,0.0,0.0,0.0,0.6369205573001651,0.0,0.0,0.0,0.0,0.0,0.0,0.0,0.0,0.0,0.0,0.0,0.0,0.0,0.0,0.0,0.0,0.09103461004499247,0.0,0.0,0.0,0.0,0.0,0.0,0.0,0.0,0.0,0.0,0.0,0.0,0.0,0.0,0.0,0.0,0.0,0.0,0.0,0.0,0.0,0.0,0.0,0.0,0.0
0.07105996590023822,0.0,0.270188328702874,0.0,0.0,0.0,0.0,0.10678890943752192,0.0,0.0,0.02229930141851099,0.0,0.0,0.0,0.0,0.0,0.0,0.0,0.014586613055187473,0.0,0.0,0.0,0.0,0.0,0.056298787361573496,0.030744194316073573,0.0,0.0,0.5180429457375157,0.0,0.09958519132068297,0.13724012171856376,0.07538158208037561,0.0,0.2655254482303143,0.0,0.051198708242933745,0.7320346101680283,0.0,0.02571013138055116,0.16391862141361624,0.036935662379351704,0.0,0.0,0.1525599736283031,0.07819608276109292,0.43575111140652956,0.0,0.8900492028564483,0.0,0.26313930672649266,0.5793356640227968,0.0,0.0,0.0,0.205671552416419,0.0,0.46624789187122967,0.03546332712945633,0.0,0.0,0.0,0.021632354244663782,0.0,0.0076908023608544766,0.0,0.0,0.0,0.015774817034594903,0.0,0.1131631361326354,0.0,0.1516466108199896,0.0,0.06664048527608453,0.0,0.02083146783627681,0.0,0.1000716571903026,0.048761364672946485,0.34118366507906955,0.09573787446457128,0.0,0.0,0.04122014719914393,0.015929469515750205,0.2831365819428692,0.0,0.06667316219421571,0.14250914685627566,0.38568055739654805,0.0,0.0,0.0,0.0,0.0,0.0,0.0,0.029817166753216006,0.6037509968383747
0.0,0.0,0.0,0.0,0.0,0.0,0.0,0.0,0.0,0.0,0.0,0.0,0.0,0.0,0.0,0.0,0.0,0.0,0.0,0.0,0.0,0.0,0.0,0.0,0.0,0.0,0.0,0.0,0.0,0.0,0.0,0.0,0.0,0.0,0.0,0.0,0.0,0.0,0.0,0.0,0.0,0.0,0.0,0.0,0.0,0.0,0.0,0.0,0.0,0.0,0.0,0.0,0.0,0.0,0.0,0.0,0.0,0.0,0.0,0.0,0.0,0.0,0.0,0.0,0.0,0.0,0.0,0.0,0.0,0.0,0.0,0.0,0.0,0.0,0.0,0.0,0.0,0.0,0.0,0.0,0.0,0.0,0.0,0.0,0.0,0.0,0.0,0.0,0.0,0.0,0.0,0.0,0.0,0.0,0.0,0.0,0.0,0.0,0.0,0.0
0.0,0.0,0.0,0.0,0.0,0.0,0.0,0.5855387253327498,0.0,0.0,0.0,0.0,0.0,0.0,0.0,0.0,0.0,0.0,0.0,0.0,0.0,0.0,0.0,0.0,0.0,0.0,0.0,0.0,0.0,0.0,0.0,0.0,0.0,0.0,0.3117164649866266,0.0,0.0,0.0,0.0,0.0,0.0,0.0,0.0,0.0,0.0,0.0,0.0,0.0,0.0,0.0,0.3800834185365817,0.0,0.0,0.0,0.0,0.0,0.0,0.5280110152902187,0.0,0.0,0.0,0.0,0.0,0.0,0.0,0.0,0.0,0.0,0.0,0.0,0.0,0.0,0.0,0.0,0.3653992255342195,0.0,0.0,0.0,0.0,0.0,0.0,0.0,0.0,0.0,0.0,0.0,0.0,0.0,0.0,0.8693896131342027,0.0,0.0,0.0,0.0,0.0,0.0,0.0,0.0,0.0,0.0
0.0,0.0,0.016026796479602742,0.0,0.0,0.0,0.0,0.08364112643672446,0.0,0.0,0.0,0.0,0.0,0.0,0.0,0.0,0.0,0.0,0.39491949285690586,0.0,0.0,0.0,0.0,0.0,0.0,0.0,0.0,0.0,0.5047970978985141,0.0,0.036232779538997485,0.0,0.0,0.0,0.0445270571054696,0.0,0.0,0.0,0.0,0.6960787955145487,0.1428447390720279,0.0,0.0,0.0,0.0,0.0,0.0,0.0,0.0,0.0,0.05429291674646239,0.0,0.0,0.0,0.0,0.0,0.0,0.12594260654220413,0.0,0.0,0.0,0.0,0.5856766293368819,0.0,0.01935726926851517,0.0,0.0,0.0,0.0,0.0,0.0,0.0,0.007945812891111058,0.0,0.05219535702855666,0.0,0.0,0.0,0.0,0.1227293098414271,0.01787696770513275,0.0,0.0,0.0,0.0,0.0,0.0,0.0,0.0,0.12418773244008648,0.0,0.0,0.0,0.0,0.0,0.0,0.0,0.0,0.0,0.0
0.0,0.0,0.44547691702510994,0.0,0.0,0.0,0.0,0.0,0.0,0.0,0.0,0.0,0.0,0.0,0.0,0.0,0.0,0.0,0.0,0.0,0.0,0.0,0.0,0.0,0.0,0.0,0.0,0.0,0.0059764996892092935,0.0,0.19598778163148067,0.0,0.0,0.0,0.06116451215598976,0.0,0.0,0.0,0.0,0.0,0.0,0.0,0.0,0.0,0.0,0.0,0.0,0.0,0.0,0.0,0.07457936774166958,0.0,0.0,0.0,0.0,0.0,0.0,0.07552183579643783,0.0,0.0,0.0,0.0,0.0,0.0,0.10470596820473717,0.0,0.0,0.0,0.0,0.0,0.0,0.0,0.0429799276125523,0.0,0.35202827231061357,0.0,0.0,0.0,0.0,0.6638586794340502,0.09669882596380933,0.0,0.0,0.0,0.0,0.8981111511788125,0.0,0.0,0.0,0.0,0.0,0.0,0.0,0.0,0.0,0.0,0.0,0.0,0.0,0.0
0.02497566294497249,0.0,0.16163065981807928,0.0,0.0,0.0,0.009316846326465062,0.0981548094909985,0.00747022788411132,0.0,0.04506481579039641,0.0,0.0,0.000454543043097837,0.18576527497899217,0.0,0.0,0.0,0.1190088904916133,0.0717463340331152,0.0,0.04584106094651606,0.0,0.0,0.15837453808438623,0.0070658928316037145,0.0,0.0,0.14619435492726818,0.0,0.21011362748150136,0.06202369511493767,0.15474704148176655,0.0,0.23524904586100487,0.0019983341577731817,0.008708545161473827,0.02138838363286255,0.0,0.21529228422947186,0.1676316274986238,0.01298188990874391,0.0,0.0,0.05497258807435697,0.058889090747277925,0.0,0.009195473426204978,0.02600521005208703,0.0,0.1740349594050173,0.037354183692649714,0.0,0.0,0.0,0.034916272983519715,0.038437742170580554,0.5379388078404197,0.012464403747900345,0.6596967280872598,0.05744503515164497,0.0,0.007603189524175615,0.0,0.015788059617722547,0.09774660765609551,0.0,0.17187126416416976,0.040981991598699495,0.0,0.03977379259951579,0.0,0.13904367191356548,0.0,0.6355185837216442,0.0,0.4300728421744675,0.0,0.896662942103747,0.10009974205246074,0.12294016990188751,0.26932092778709643,0.005519328668545181,0.0,0.014487770855861322,0.03219197749262731,0.0,0.031285461032190834,0.13474026455157814,0.14573719578008532,0.13897392550489687,0.3644367855157813,0.0,0.7928375610660184,0.0,0.0,0.0,0.29243459361086876,0.0774631410746312,0.03258584737330454
0.0,0.0,0.3571839098518301,0.0,0.0,0.0,0.0,0.0,0.0,0.0,0.0,0.0,0.0,0.0,0.0,0.0,0.0,0.0,0.0,0.0,0.0,0.0,0.0,0.0,0.0,0.0,0.0,0.0,0.027876563328390534,0.0,0.0,0.6273077784299499,0.0,0.0,0.5154875416988616,0.0,0.0,0.0,0.0,0.0,0.0,0.0,0.0,0.0,0.0,0.5125596242669113,0.0,0.0,0.0,0.0,0.628546416597942,0.0,0.0,0.0,0.0,0.0,0.0,0.3522612478432582,0.0,0.0,0.0,0.0,0.0,0.0,0.0,0.0,0.0,0.0,0.0,0.0,0.0,0.0,0.20047397912597753,0.0,0.0,0.0,0.0,0.0,0.0,0.0,0.4510384147811751,0.0,0.0,0.0,0.0,0.0,0.0,0.0,0.0,0.0,0.0,0.0,0.0,0.0,0.0,0.0,0.0,0.0,0.0,0.0
0.0,0.0,0.0,0.0,0.0,0.0,0.0,0.0,0.0,0.0,0.0,0.0,0.0,0.0,0.0,0.0,0.0,0.0,0.0,0.0,0.0,0.0,0.0,0.0,0.0,0.0,0.0,0.0,0.0,0.0,0.0,0.0,0.0,0.0,0.0,0.0,0.0,0.0,0.0,0.0,0.0,0.0,0.0,0.0,0.0,0.0,0.0,0.0,0.0,0.0,0.0,0.0,0.0,0.0,0.0,0.0,0.0,0.0,0.0,0.0,0.0,0.0,0.0,0.0,0.0,0.0,0.0,0.0,0.0,0.0,0.0,0.0,0.0,0.0,0.0,0.0,0.0,0.0,0.0,0.0,0.0,0.0,0.0,0.0,0.0,0.0,0.0,0.0,0.0,0.0,0.0,0.0,0.0,0.0,0.0,0.0,0.0,0.0,0.0,0.0
0.0,0.0,0.0011927457565082912,0.0,0.0,0.0,0.0,0.00622473734872369,0.0,0.0,0.0,0.0,0.0,0.0,0.0,0.0,0.0,0.0,0.02939068639618468,0.0,0.0,0.0,0.0,0.0,0.0,0.07055448284879093,0.0,0.0,0.03756799415169695,0.0,0.021722467934335656,0.0,0.0,0.0,0.4414164375142407,0.0,0.11749530156715637,0.0,0.0,0.0,0.010630786794137823,0.0,0.0,0.0,0.0,0.0,0.0,0.0,0.0,0.0,0.5382297293017549,0.0,0.0,0.0,0.0,0.0,0.0,0.013389547552680186,0.0,0.0,0.0,0.0,0.043587208162074356,0.0,0.001440606100351635,0.0,0.0,0.0,0.0,0.0,0.0,0.0,0.0005913430435048806,0.0,0.0038844812613973686,0.0,0.044462815837044985,0.0,0.0,0.009133756936319558,0.0013304391427613224,0.0,0.0,0.0,0.0,0.0,0.6497667465011233,0.0,0.0,0.009242295618267672,0.0,0.0,0.0,0.0,0.0,0.0,0.0,0.0,0.0,0.0
0.0,0.0,0.18104708640352377,0.0,0.0,0.0,0.0,0.7077819441876139,0.0,0.0,0.0,0.0,0.0,0.0,0.0,0.0,0.0,0.0,0.0,0.0,0.0,0.0,0.0,0.0,0.0,0.0,0.0,0.0,0.0,0.0,0.0,0.0,0.0,0.0,0.0,0.0,0.0,0.0,0.0,0.0,0.0,0.0,0.0,0.0,0.0,0.0,0.0,0.0,0.0,0.0,0.0,0.0,0.0,0.0,0.0,0.0,0.0,0.0,0.0,0.0,0.0,0.0,0.0,0.0,0.0,0.0,0.0,0.0,0.0,0.0,0.0,0.0,0.0,0.0,0.44168380854108,0.0,0.0,0.0,0.0,0.0,0.0,0.0,0.0,0.0,0.0,0.36500299111631285,0.0,0.0,0.0,0.0,0.0,0.0,0.0,0.0,0.0,0.0,0.0,0.0,0.0,0.0
0.0,0.0,0.08779672036471715,0.0,0.0,0.0,0.0,0.11998090565645435,0.0,0.0,0.0,0.0,0.0,0.0,0.0,0.0,0.0,0.0,0.0,0.0,0.0,0.0,0.0,0.0,0.0,0.0,0.0,0.0,0.5820385480656045,0.0,0.0,0.15419385948340492,0.0,0.0,0.2983267075327516,0.0,0.0,0.8224653286792445,0.0,0.0,0.0,0.0,0.0,0.0,0.0,0.0,0.0,0.0,0.0,0.0,0.08550616616396305,0.0,0.0,0.0,0.0,0.0,0.0,0.5238450755024479,0.0,0.0,0.0,0.0,0.0,0.0,0.0,0.0,0.0,0.0,0.0,0.0,0.0,0.0,0.049277017805832754,0.0,0.07487281047184158,0.0,0.0,0.0,0.0,0.0,0.11086639818886355,0.0,0.0,0.0,0.0,0.0,0.0,0.0,0.0,0.0,0.0,0.0,0.0,0.0,0.0,0.0,0.0,0.0,0.0,0.6783344054471906
0.20960199713289185,0.1555941872197002,0.44060735465128764,0.0,0.0,0.0,0.0036852497939325935,0.08906847920721196,0.16889818198278517,0.0,0.06577512461165654,0.0,0.0,0.010276994865904335,0.0,0.0,0.0,0.0,0.04707359913349208,0.028379040873509287,0.4288903831129507,0.018132290099808518,0.6324686815695655,0.0,0.16606169335505208,0.0840710324751215,0.0,0.0,0.3119083048314549,0.0,0.22810618537537408,0.7738210293987018,0.22234925039600636,0.0,0.49078160330692944,0.04518135343097935,0.1400045881548953,0.32839107193010025,0.0,0.07583587770754183,0.1521137293807445,0.1089472602760197,0.0,0.0,0.2604586169745907,0.37403969942481835,0.12321835254618395,0.08968689792801667,0.39927649285526345,0.0,0.4291122210872184,0.10175010659096376,0.0,0.0,0.0,0.2966364565405249,0.015203930219498545,0.7349080716483428,0.10460438725437374,0.0,0.0,0.0,0.06380786417394718,0.0,0.04095481429712093,0.061987892905054284,0.0,0.06798314780021249,0.30479038444444256,0.0,0.3337915946726085,0.0,0.24729644080484003,0.5330218226770788,0.3203997309066512,0.0,0.06144552993204552,0.0,0.29517631957398993,0.2596624567053418,0.5563824049781048,0.2823931792650207,0.002183153411109196,0.4281563178511414,0.41986740482262463,0.12966496481971723,0.08006318804316234,0.053571199205468024,0.19666246351274969,0.13224609633872625,0.16013722663789093,0.760295835610471,0.0,0.0,0.0,0.0,0.0,0.0,0.08795019278636591,0.3635122368012608
0.0,0.0,0.0,0.0,0.0,0.0,0.0,0.0,0.0,0.0,0.0,0.0,0.0,0.0,0.0,0.0,0.0,0.0,0.0,0.0,0.0,0.0,0.0,0.0,0.0,0.0,0.0,0.0,0.0,0.0,0.0,0.0,0.0,0.0,0.8201264506271141,0.0,0.0,0.0,0.0,0.0,0.0,0.0,0.0,0.0,0.0,0.0,0.0,0.0,0.0,0.0,0.0,0.0,0.0,0.0,0.0,0.0,0.0,0.0,0.0,0.0,0.0,0.0,0.0,0.0,0.0,0.0,0.0,0.0,0.0,0.0,0.0,0.0,0.0,0.0,0.0,0.0,0.0,0.0,0.0,0.0,0.0,0.0,0.0,0.0,0.0,0.0,0.0,0.0,0.0,0.0,0.0,0.0,0.0,0.0,0.0,0.0,0.0,0.0,0.0,0.0
0.0,0.0,0.0,0.0,0.0,0.0,0.0,0.0,0.0,0.0,0.0,0.0,0.0,0.0,0.0,0.0,0.0,0.0,0.0,0.0,0.0,0.0,0.0,0.0,0.0,0.0,0.0,0.0,0.0,0.0,0.0,0.0,0.0,0.0,0.0,0.0,0.0,0.0,0.0,0.0,0.0,0.0,0.0,0.0,0.0,0.0,0.0,0.0,0.0,0.0,0.0,0.0,0.0,0.0,0.0,0.0,0.0,0.0,0.0,0.0,0.0,0.0,0.0,0.0,0.0,0.0,0.0,0.0,0.0,0.0,0.0,0.0,0.0,0.0,0.0,0.0,0.0,0.0,0.0,0.0,0.0,0.0,0.0,0.0,0.0,0.0,0.0,0.0,0.0,0.0,0.0,0.0,0.0,0.0,0.0,0.0,0.0,0.0,0.0,0.0
0.5543906066695026,0.060800662747749444,0.296723257700166,0.0,0.0,0.0,0.0014400642714610308,0.04309018130637448,0.06599938972619365,0.0,0.2005753534919391,0.0,0.0,0.004015883305588477,0.0,0.0,0.0,0.0,0.5684415157352075,0.011089517700416829,0.16759507540331756,0.1474027743295722,0.24714621859444408,0.0,0.09763009520184976,0.15684326867339488,0.0,0.0,0.12188264863328006,0.0,0.11525019133538163,0.30238167810956496,0.08688616218325411,0.0,0.37926306985987907,0.017655262587444754,0.05470880307066876,0.15338794950044238,0.0,0.07715425054038594,0.07359066009150328,0.04257270626684994,0.0,0.0,0.16754273801154013,0.24304863449631678,0.0481493404822084,0.03504644313038159,0.15602302257550776,0.39076435845189017,0.4624446261547515,0.039760315124429395,0.0,0.0,0.0,0.11591495463350021,0.005941154038169656,0.2926338565052851,0.27667527267631875,0.0,0.0,0.36546887901756575,0.024933839108117823,0.0,0.15344270005658178,0.024222659202828012,0.0,0.026565391135690068,0.14745365636698982,0.0,0.13043385834887522,0.0,0.1665396747436112,0.20828593057926587,0.1252007952958958,0.0,0.09884125131001267,0.0,0.3213369096479755,0.10146683330850462,0.37469097596615397,0.11034918952668543,0.0008530985420941409,0.16730822886222482,0.16406921708037298,0.14328067588737994,0.5582767428386298,0.02093371528902312,0.0768486813861279,0.06397895550724264,0.4235578641450854,0.29709651443596946,0.0,0.0,0.0,0.0,0.0,0.0,0.23262545873844453,0.14204762600305626
0.0,0.0,0.6509936369895368,0.8479824455136071,0.0,0.0,0.0,0.08592673399132195,0.0,0.0,0.0,0.0,0.0,0.0,0.0,0.0,0.0,0.0,0.3776050970370025,0.0,0.0,0.0,0.0,0.0,0.0,0.0,0.0,0.0,0.5157335137488884,0.0,0.1272132633053883,0.11042902763930806,0.0,0.0,0.5199681039689775,0.0,0.0,0.5890250546771468,0.0,0.2778069216856977,0.1365820187003595,0.0,0.0,0.0,0.0,0.128385511003345,0.0,0.0,0.7161700732394792,0.0,0.6340096744488379,0.0,0.0,0.0,0.0,0.26273132586274217,0.0,0.6420217276838802,0.0,0.0,0.0,0.0,0.5599988971250665,0.0,0.01850859142867766,0.0,0.0,0.0,0.0,0.0,0.0,0.0,0.3653783980558438,0.0,0.5206501887379152,0.0,0.0,0.0,0.0,0.11734850720257638,0.8220502938729675,0.0,0.8225969130874231,0.0,0.1441154278668642,0.6753499676137182,0.0,0.0,0.0,0.11874298839899398,0.0,0.7669569601798453,0.0,0.0,0.0,0.0,0.0,0.0,0.0,0.6010594789309566
0.29236623056796407,0.5013621670982997,0.6611195066681418,0.0,0.8929560136798586,0.6347909451545698,0.01187476766324001,0.18806807635014253,0.10851473278385527,0.0,0.07488235001518051,0.0,0.31506026007679866,0.006602826262560529,0.0,0.0,0.0,0.7073505388225498,0.2562842380481291,0.09144414509793701,0.8479389078987319,0.05842663161997628,0.0,0.0,0.30988310602544605,0.4978288626597005,0.0,0.0,0.2665098404022055,0.0,0.17474808914841639,0.32329689248667715,0.0664146548454169,0.0,0.26566786843286117,0.029028391169274786,0.1333513186219779,0.7254395132814139,0.0,0.10021964145653571,0.32118810970746176,0.1439774377589714,0.0,0.0,0.5153720447972717,0.7714492710187896,0.27858118219507777,0.17731572745915258,0.033144887935427844,0.0,0.3239352519720792,0.34719105902865915,0.0,0.0,0.0,0.17222434848810653,0.04899074663050132,0.4620473390867586,0.8781820060721447,0.5486590471665647,0.0,0.0,0.08432422044723507,0.0,0.03258036160610949,0.26041170057314866,0.0,0.21905817252126147,0.39063341175777516,0.0,0.05069360700557392,0.0,0.14270544869936197,0.0,0.5285504774479354,0.0,0.35768459316725343,0.0,0.16946185574919698,0.2065665998047391,0.3210673008168769,0.22398983855826884,0.00703464920419063,0.4078095604882078,0.01846535907573426,0.10362739969299013,0.18101278839133234,0.10591308627488394,0.17173293197812675,0.279237606441876,0.22336961463226868,0.29082536353769173,0.0,0.6593901141113534,0.0,0.0,0.0,0.0,0.7383655577250492,0.3106027852208146
0.0,0.0,0.0,0.0,0.0,0.0,0.0,0.0,0.0,0.0,0.0,0.0,0.0,0.0,0.0,0.0,0.0,0.0,0.0,0.0,0.0,0.0,0.0,0.0,0.0,0.0,0.0,0.0,0.0,0.0,0.4841952625468342,0.0,0.0,0.0,0.0,0.0,0.0,0.0,0.0,0.0,0.0,0.0,0.0,0.0,0.0,0.0,0.0,0.0,0.0,0.0,0.0,0.0,0.0,0.0,0.0,0.0,0.0,0.0,0.0,0.0,0.0,0.0,0.0,0.0,0.0,0.0,0.0,0.0,0.0,0.0,0.0,0.0,0.0,0.0,0.0,0.0,0.0,0.0,0.0,0.0,0.0,0.0,0.0,0.0,0.0,0.0,0.0,0.0,0.0,0.0,0.0,0.0,0.0,0.0,0.0,0.0,0.0,0.0,0.0,0.0
0.0,0.0,0.33432763876691673,0.0,0.0,0.0,0.24238797078970942,0.6008612643722189,0.0,0.0,0.5754591922931418,0.0,0.0,0.0,0.0,0.0,0.0,0.0,0.05667309980644577,0.0,0.0,0.0,0.0,0.0,0.0,0.1360479028758158,0.0,0.0,0.5276164384055566,0.0,0.2289159278974966,0.019564730941814816,0.0,0.0,0.06951793735566886,0.0,0.2265623491314005,0.10435767622972386,0.0,0.21649656225697683,0.02049899865841271,0.0,0.0,0.0,0.0,0.17615683335636803,0.0,0.2392303217342199,0.12688398232823575,0.0,0.08476490095217828,0.0,0.0,0.0,0.0,0.04586201892529696,0.0,0.5418281533291356,0.0,0.0,0.0,0.0,0.0840477886482514,0.0,0.3047758763396188,0.0,0.0,0.0,0.0,0.0,0.0,0.0,0.048849828274613226,0.0,0.37496109335954253,0.0,0.08573619430458687,0.0,0.18295612454382704,0.12229000340094112,0.10990528149026553,0.0,0.14359138588451117,0.0,0.19773973879469497,0.6740267992537198,0.0,0.8139255654858956,0.0,0.8921400405806326,0.0,0.0,0.0,0.0,0.0,0.0,0.0,0.0,0.0,0.6149083840571617
0.0,0.0,0.0,0.0,0.0,0.0,0.0,0.0,0.0,0.0,0.0,0.0,0.0,0.0,0.0,0.0,0.0,0.0,0.0,0.0,0.0,0.0,0.0,0.0,0.0,0.0,0.0,0.0,0.0,0.0,0.0,0.0,0.0,0.0,0.0,0.0,0.0,0.0,0.0,0.0,0.0,0.0,0.0,0.0,0.0,0.0,0.0,0.0,0.0,0.0,0.0,0.0,0.0,0.0,0.0,0.0,0.0,0.0,0.0,0.0,0.0,0.0,0.0,0.0,0.0,0.0,0.0,0.0,0.0,0.0,0.0,0.0,0.0,0.0,0.0,0.0,0.0,0.0,0.0,0.0,0.0,0.0,0.0,0.0,0.0,0.0,0.0,0.0,0.0,0.0,0.0,0.0,0.0,0.0,0.0,0.0,0.0,0.0,0.0,0.0
0.0,0.0,0.2096178249112283,0.0,0.0,0.0,0.0,0.12998930683148208,0.0,0.0,0.0,0.0,0.0,0.0,0.0,0.0,0.0,0.0,0.0,0.0,0.0,0.0,0.0,0.0,0.352868885814985,0.5668857471657222,0.0,0.0,0.30347904939914133,0.0,0.17453401921505732,0.36814338058768825,0.0,0.0,0.30252028235139666,0.0,0.0,0.0,0.0,0.0,0.22199950440103136,0.0,0.0,0.0,0.5868624513298587,0.8784617148662156,0.0,0.0,0.0,0.0,0.3688702908192668,0.0,0.0,0.0,0.0,0.0,0.0,0.20672889941780942,0.0,0.0,0.0,0.0,0.0,0.0,0.0,0.0,0.0,0.0,0.44482056003967324,0.0,0.0,0.0,0.11765065081772211,0.0,0.2890637865157289,0.0,0.3572464223271829,0.0,0.0,0.0,0.264697509742414,0.0,0.0,0.0,0.0,0.0,0.0,0.0,0.0,0.19300406324719738,0.0,0.0,0.0,0.0,0.0,0.0,0.0,0.0,0.8407887574781289,0.35368839611056413
0.0,0.0,0.0,0.0,0.0,0.0,0.0,0.14878777673430463,0.0,0.0,0.0,0.0,0.0,0.0,0.0,0.0,0.0,0.0,0.0,0.0,0.0,0.0,0.0,0.0,0.17947826133575306,0.0,0.0,0.0,0.0,0.0,0.3185003328585694,0.0,0.0,0.0,0.07920842429419217,0.0,0.0,0.0,0.0,0.0,0.25410407595117057,0.0,0.0,0.0,0.0,0.0,0.0,0.0,0.0,0.0,0.0965807458516001,0.0,0.0,0.0,0.0,0.0,0.0,0.1963209413058207,0.0,0.0,0.0,0.0,0.0,0.0,0.0,0.0,0.0,0.0,0.0,0.0,0.0,0.0,0.0,0.0,0.0928494325576462,0.0,0.6519250799097198,0.0,0.0,0.0,0.0,0.0,0.0,0.0,0.0,0.0,0.0,0.0,0.0,0.22091544428701224,0.0,0.0,0.0,0.0,0.0,0.0,0.0,0.0,0.0,0.0
0.0,0.0,0.04951925922347555,0.0,0.0,0.0,0.0,0.18799065165762097,0.13004131452598486,0.0,0.006252279627185691,0.0,0.0,0.00791266019592332,0.0,0.0,0.0,0.0,0.004436535030863886,0.0,0.0,0.0,0.0,0.0,0.0,0.01065022539874333,0.0,0.0,0.021482104712773207,0.0,0.003279014605116813,0.0,0.002709118325524463,0.0,0.10007840446751812,0.03478689067728699,0.017735959423944382,0.0,0.0,0.0,0.32105588157433945,0.0,0.0,0.0,0.0,0.0,0.0,0.0,0.0,0.0,0.12202801701005087,0.6502595671504269,0.0,0.0,0.0,0.0,0.0,0.16952104199496318,0.0,0.0,0.0,0.0,0.006579505265780458,0.0,0.00027639766954694626,0.0,0.0,0.0,0.6432998912823934,0.0,0.0,0.0,0.008555148152538857,0.0,0.418044306276356,0.0,0.006711678569626969,0.0,0.0,0.0017524215195192975,0.00025526080893556387,0.0,0.0,0.0,0.0,0.09983412654400411,0.0,0.0,0.0,0.2791226486763754,0.0,0.02843883900440801,0.0,0.0,0.0,0.0,0.0,0.0,0.0,0.025036229604591096
0.0,0.0,0.06319686606992223,0.0,0.0,0.0,0.0,0.1179038319821027,0.0,0.0,0.0,0.0,0.0,0.0,0.0,0.0,0.0,0.0,0.0,0.0,0.0,0.40332510589085613,0.0,0.0,0.06192373701542742,0.0,0.0,0.0,0.03724081565402572,0.0,0.12100701283095128,0.0,0.0,0.0,0.06276709656214878,0.0,0.0,0.4197018085719687,0.0,0.0,0.20135958029949316,0.0,0.0,0.0,0.0,0.0,0.0,0.0,0.0,0.0,0.07653343763532268,0.0,0.0,0.0,0.0,0.0,0.0,0.2673167098155455,0.0,0.0,0.0,0.0,0.0,0.0,0.0,0.0,0.0,0.0,0.4034643298859454,0.0,0.0,0.0,0.020616676920559778,0.0,0.26218870573442166,0.0,0.24768421998630857,0.0,0.0,0.0,0.04638463962677919,0.10530327985015453,0.0,0.0,0.0,0.0,0.0,0.0,0.0,0.1750599276174418,0.0,0.0,0.0,0.0,0.0,0.0,0.0,0.0,0.1031756860422963,0.04340215373878396
0.0,0.0,0.02736458256452659,0.0,0.0,0.0,0.0,0.1428111047070891,0.0,0.0,0.0,0.0,0.0,0.0,0.0,0.0,0.0,0.0,0.6742961441094958,0.0,0.0,0.0,0.0,0.0,0.0,0.0,0.0,0.0,0.8619041167308628,0.0,0.061864820489800264,0.0,0.0,0.0,0.07602669267490539,0.0,0.0,0.0,0.0,0.0,0.2438969423003277,0.0,0.0,0.0,0.0,0.0,0.0,0.0,0.0,0.0,0.09270118360012797,0.0,0.0,0.0,0.0,0.0,0.0,0.21503778746438895,0.0,0.0,0.0,0.0,0.0,0.0,0.033051121214162094,0.0,0.0,0.0,0.0,0.0,0.0,0.0,0.013566894243513712,0.0,0.08911975382670397,0.0,0.0,0.0,0.0,0.20955131841334418,0.030523614584678768,0.0,0.0,0.0,0.0,0.0,0.0,0.0,0.0,0.21204146831109688,0.0,0.0,0.0,0.0,0.0,0.0,0.0,0.0,0.0,0.0
0.07079921601819948,0.0,0.05724543752759035,0.0,0.0,0.0,0.01840994596567674,0.07691825147308445,0.02789118750747447,0.0,0.10942594435953541,0.0,0.09903933612554898,0.13848553902966698,0.028224943428124667,0.0,0.0,0.0,0.7718673844520573,0.14176965965759275,0.0,0.09058123590998995,0.0,0.0,0.056092202655579355,0.0643529041947864,0.0,0.0,0.3731376018724922,0.0,0.09519080257224338,0.09885174640463269,0.07510497431134086,0.0,0.19125350476054756,0.11232598735155384,0.05726896296662695,0.527272190796636,0.0,0.05243797350964591,0.03145707090397099,0.07533338732274299,0.0,0.0,0.024242355232371993,0.11636394340278447,0.0,0.035824884615564864,0.6410874384739789,0.0,0.061638722550845244,0.01680261604073002,0.0,0.0,0.0,0.09897814360151944,0.07595239114258195,0.33583049761107236,0.03533319677759704,0.0720329106016179,0.00872812675870219,0.0,0.044121004363713905,0.0,0.023148456570569916,0.014851497254782362,0.0,0.026113904810802543,0.06303055466031518,0.0,0.11274789143016618,0.0,0.06748349633846344,0.08802114639326006,0.04800001827674063,0.0,0.05562644733510081,0.0,0.09970445081077205,0.04858243804491562,0.0710750552277347,0.09538657061637745,0.010906109105405813,0.0,0.04106889257379152,0.10093591872475836,0.0,0.12188584313984005,0.06642850940052175,0.06776016931613914,0.06128609527297249,0.09182828956850998,0.17725953201734096,0.0,0.0,0.453487561732113,0.0,0.04443214622338228,0.1191387865059049,0.43487166641690883
0.0,0.0,0.8279471787722931,0.0,0.0,0.0,0.0,0.0,0.0,0.0,0.0,0.0,0.0,0.0,0.0,0.0,0.0,0.0,0.0,0.0,0.0,0.0,0.0,0.0,0.0,0.0,0.0,0.0,0.02228761895839442,0.0,0.7510959549909072,0.0,0.0,0.0,0.2280952750938969,0.0,0.0,0.0,0.0,0.0,0.0,0.0,0.0,0.0,0.0,0.0,0.0,0.0,0.0,0.0,0.2781220809540805,0.0,0.0,0.0,0.0,0.0,0.0,0.28163674170493097,0.0,0.0,0.0,0.0,0.0,0.0,0.0,0.0,0.0,0.0,0.0,0.0,0.0,0.0,0.16028115105861837,0.0,0.0,0.0,0.0,0.0,0.0,0.0,0.3606101729908424,0.0,0.0,0.0,0.0,0.0,0.0,0.0,0.0,0.0,0.0,0.0,0.0,0.0,0.0,0.0,0.0,0.0,0.0,0.0
0.0,0.0,0.0,0.0,0.0,0.0,0.0,0.0,0.0,0.0,0.0,0.0,0.0,0.0,0.0,0.0,0.0,0.0,0.0,0.0,0.0,0.0,0.0,0.0,0.0,0.0,0.0,0.0,0.0,0.0,0.0,0.0,0.0,0.0,0.0,0.0,0.0,0.0,0.0,0.0,0.0,0.0,0.0,0.0,0.0,0.0,0.0,0.0,0.0,0.0,0.0,0.0,0.0,0.0,0.0,0.0,0.0,0.0,0.0,0.0,0.0,0.0,0.0,0.0,0.0,0.0,0.0,0.0,0.0,0.0,0.0,0.0,0.0,0.0,0.0,0.0,0.0,0.0,0.0,0.0,0.0,0.0,0.0,0.0,0.0,0.0,0.0,0.0,0.0,0.0,0.0,0.0,0.0,0.0,0.0,0.0,0.0,0.0,0.0,0.0
0.09196574307497356,0.0,0.5308167110734814,0.0,0.0,0.0,0.03430662470968259,0.34507126199628024,0.0,0.0,0.30599634582597435,0.0,0.0,0.22687636403054098,0.0,0.0,0.0,0.0,0.4382162375710836,0.2641853766523903,0.0,0.16879660982693265,0.0,0.0,0.29147705125732964,0.468259437501973,0.7588767072179409,0.0,0.30861109462713676,0.0,0.6095155808181613,0.3040941021642418,0.19187429208051937,0.7983199730127725,0.5345581548020741,0.27027730364382274,0.13779982048725567,0.21924373961103552,0.0,0.6729259257421332,0.4218132444023803,0.04780210057308849,0.0,0.0,0.4847606113307574,0.7256276781113358,0.0,0.12720902757628236,0.266568974965921,0.0,0.3927366432118849,0.0,0.0,0.0,0.0,0.12856919944078593,0.14153600361400062,0.22272203943976196,0.8260208337273349,0.0,0.0,0.0,0.0511195714225346,0.0,0.04313675953506449,0.3599239558107604,0.0,0.6328668254739838,0.36743104986303093,0.0,0.14645562759969347,0.0,0.1724033355418616,0.0,0.28697904253260054,0.0,0.29509298761680725,0.0,0.8321329305274408,0.2623118212980372,0.21864565768297817,0.12390386983739488,0.02032335091148953,0.0,0.41542894944905,0.3584089720394129,0.0,0.4327991491812894,0.842215080655927,0.3667200533658683,0.07026239846551552,0.22095601461417042,0.0,0.0,0.0,0.0,0.0,0.0,0.694509030440654,0.35966951688002213
0.1453161066012523,0.0,0.8387494646696447,0.0,0.0,0.0,0.05420828415834365,0.39026850439009897,0.0,0.0,0.2622009910123832,0.0,0.0,0.0,0.0,0.0,0.0,0.0,0.6924304133699579,0.4174422896231437,0.0,0.26671742463434217,0.0,0.0,0.11512981299823875,0.04111154279318294,0.0,0.0,0.1626798079721668,0.0,0.15814497573416106,0.360872979067014,0.30318273032689885,0.0,0.3955942573752059,0.0,0.05066900045114877,0.1244442096639993,0.0,0.1567748491304609,0.6665118590889395,0.0755326375928889,0.0,0.0,0.14604753518321864,0.34263488450883584,0.0,0.05350209920735528,0.1513063290629381,0.0,0.25333010589769656,0.0,0.0,0.0,0.0,0.2031536403326156,0.2236426336741504,0.3519256034205221,0.072521743576602,0.0,0.0,0.0,0.04423770059032743,0.0,0.06816087966493953,0.5687198970197188,0.0,0.0,0.23844586119733138,0.0,0.2314161869521379,0.0,0.27241645256526226,0.0,0.24354291712047135,0.0,0.16379267323663965,0.0,0.6529458218732885,0.19611691965083047,0.25947004327465406,0.19578190047265856,0.0321131557121333,0.0,0.08429431718162463,0.18730284931096944,0.0,0.18202845707998785,0.7839603973755355,0.5794584873226913,0.11102240730171423,0.10931622567221543,0.0,0.0,0.0,0.0,0.0,0.0,0.45070443538856597,0.18959450570037614
0.0,0.0,0.0,0.0,0.0,0.0,0.0,0.2922286389367623,0.0,0.0,0.0,0.0,0.0,0.0,0.0,0.0,0.0,0.0,0.0,0.0,0.0,0.0,0.0,0.0,0.0,0.0,0.0,0.0,0.0,0.0,0.0,0.0,0.0,0.0,0.15557037366820584,0.0,0.0,0.0,0.0,0.0,0.49907653634812066,0.0,0.0,0.0,0.0,0.0,0.0,0.0,0.0,0.0,0.18969071604659027,0.0,0.0,0.0,0.0,0.0,0.0,0.26351790866469693,0.0,0.0,0.0,0.0,0.0,0.0,0.0,0.0,0.0,0.0,0.0,0.0,0.0,0.0,0.0,0.0,0.6498435829718561,0.0,0.0,0.0,0.0,0.0,0.0,0.0,0.0,0.0,0.0,0.0,0.0,0.0,0.0,0.4338919568600505,0.0,0.0,0.0,0.0,0.0,0.0,0.0,0.0,0.0,0.0
0.04324753367608275,0.0,0.23437949747728803,0.0,0.0,0.0,0.016132930130681237,0.37140308475419137,0.17297292206327738,0.0,0.22831571650212634,0.0,0.5331818794935976,0.010524931713983502,0.0,0.0,0.0,0.0,0.14856022608790842,0.12423502047048662,0.0,0.2744187531649209,0.0,0.0,0.034263789343221586,0.39484705310491275,0.0,0.0,0.2380009212088546,0.0,0.12156637117474636,0.2046919956978103,0.045877695947029874,0.0,0.34447004173405693,0.046271372693204804,0.04144375958755852,0.3363136454425006,0.0,0.015647344585809474,0.15578353744276408,0.022479272011500934,0.0,0.0,0.013069864671528871,0.11593940233556409,0.35272695192727055,0.5247422427263028,0.4089092071304327,0.0,0.18984813185324795,0.10420487095049259,0.0,0.0,0.0,0.06046056495177171,0.06655829527397554,0.3780617891579123,0.021583199694329716,0.0,0.0,0.0,0.015374383078027937,0.0,0.020285362769797,0.0,0.0,0.0,0.3121435813886879,0.0,0.06887178284968583,0.0,0.065415128400739,0.5458811996054858,0.23177015226974126,0.0,0.24882914730774627,0.0,0.06090422799294521,0.08048640314302444,0.1471748899543497,0.05826666108728388,0.009557197860500657,0.0,0.13014440993877419,0.4725246858978636,0.2291902439570407,0.05417349811864775,0.6826460843835397,0.13543658935004224,0.03304138413063761,0.0810976796009788,0.0,0.0,0.0,0.0,0.0,0.0,0.10440322432979278,0.2773771839007042
0.627942705802628,0.0,0.507729561958567,0.0,0.0,0.0,0.0,0.07844684778372674,0.0,0.0,0.19705446650377906,0.0,0.0,0.0,0.0,0.0,0.0,0.0,0.1288989820686032,0.0,0.0,0.0,0.0,0.0,0.497501123471757,0.1776519755797624,0.0,0.0,0.38055296494511476,0.0,0.6833790575197275,0.11904480227223077,0.6661319636106844,0.0,0.4483591320918387,0.0,0.0,0.5377506703527924,0.0,0.22719528867083558,0.06957072166967354,0.3263930608644535,0.0,0.0,0.18977096469324944,0.324496563727823,0.0,0.0,0.6538277682979525,0.0,0.5466951245737758,0.0,0.0,0.0,0.0,0.8778713494861635,0.0,0.3425044566496379,0.3133823287460921,0.0,0.0,0.0,0.1911607877260409,0.0,0.06796208220882372,0.0,0.0,0.0,0.13939890297937368,0.0,0.0,0.0,0.5985344424845531,0.0,0.25162743381766617,0.0,0.1840835147221514,0.0,0.8843132190416795,0.4308944267486068,0.4244019694011121,0.8460164479036667,0.0,0.0,0.3642541962678635,0.1407655360229652,0.0,0.0,0.5891773988666232,0.06048406279786477,0.47975212436058406,0.0,0.0,0.0,0.0,0.0,0.0,0.0,0.2634883388020293,0.44351387047325513
0.0,0.0,0.5378400017988433,0.0,0.0,0.0,0.0,0.0,0.0,0.0,0.0,0.0,0.0,0.0,0.0,0.0,0.0,0.0,0.0,0.0,0.0,0.0,0.0,0.0,0.0,0.0,0.0,0.0,0.041975941404826175,0.0,0.0,0.1905056201580154,0.0,0.0,0.4295889085295482,0.0,0.0,0.0,0.0,0.0,0.0,0.0,0.0,0.0,0.303687642188688,0.1556580237747381,0.0,0.0,0.0,0.0,0.5238081373927895,0.0,0.0,0.0,0.0,0.0,0.0,0.5304275611190722,0.0,0.0,0.0,0.0,0.0,0.0,0.0,0.0,0.0,0.0,0.0,0.0,0.0,0.0,0.30186949165337545,0.0,0.0,0.0,0.0,0.0,0.0,0.0,0.6791641368108836,0.0,0.0,0.0,0.0,0.0,0.0,0.0,0.0,0.0,0.7677401636103011,0.0,0.0,0.0,0.0,0.0,0.0,0.0,0.0,0.0
0.0,0.0,0.0,0.0,0.0,0.0,0.0,0.0,0.0,0.0,0.0,0.0,0.0,0.0,0.0,0.0,0.0,0.0,0.0,0.0,0.0,0.0,0.0,0.0,0.0,0.0,0.0,0.0,0.1390532748934611,0.0,0.0,0.0,0.0,0.0,0.0,0.0,0.0,0.0,0.0,0.0,0.0,0.0,0.0,0.0,0.0,0.0,0.0,0.0,0.0,0.0,0.0,0.0,0.0,0.0,0.0,0.0,0.0,0.0,0.0,0.0,0.0,0.0,0.0,0.0,0.0,0.0,0.0,0.0,0.0,0.0,0.0,0.0,0.0,0.0,0.0,0.0,0.0,0.0,0.0,0.0,0.0,0.0,0.0,0.0,0.0,0.0,0.0,0.0,0.0,0.0,0.0,0.0,0.0,0.0,0.0,0.0,0.0,0.0,0.0,0.0
0.0,0.0,0.12066262613735211,0.0,0.0,0.0,0.0,0.16710099927967198,0.31686916894790806,0.0,0.015234809465882413,0.0,0.0,0.01928062684992629,0.0,0.0,0.0,0.0,0.010810419545222407,0.0,0.0,0.0,0.0,0.0,0.0,0.025951199305458906,0.0,0.0,0.4359939880341372,0.0,0.007989911795945439,0.11550368261685566,0.006601256496980058,0.0,0.22347085323915236,0.0847645471700539,0.04321687106628017,0.6160931090602829,0.0,0.0,0.28537992800512363,0.0,0.0,0.0,0.0,0.0,0.0,0.0,0.7490809491624841,0.0,0.10846817861791094,0.19089294708409554,0.0,0.0,0.0,0.0,0.0,0.6925715511564451,0.0,0.0,0.0,0.0,0.01603215388321567,0.0,0.0006734928831481379,0.0,0.0,0.0,0.5718159585167568,0.0,0.0,0.0,0.03691247526988984,0.0,0.37159093128301546,0.0,0.016354218029518763,0.0,0.0,0.004270091797830544,0.08304790678553983,0.0,0.0,0.0,0.0,0.24326389521629832,0.0,0.0,0.0,0.24810634520464106,0.0,0.0692963718032046,0.0,0.0,0.0,0.0,0.0,0.0,0.0,0.5081273802819509
0.0,0.0,0.0,0.0,0.0,0.0,0.0,0.0,0.0,0.0,0.0,0.0,0.0,0.0,0.0,0.0,0.0,0.0,0.0,0.0,0.0,0.0,0.0,0.0,0.0,0.0,0.0,0.0,0.0,0.0,0.0,0.0,0.0,0.0,0.0,0.0,0.0,0.0,0.0,0.0,0.0,0.0,0.0,0.0,0.0,0.0,0.0,0.0,0.0,0.0,0.0,0.0,0.0,0.0,0.0,0.0,0.0,0.0,0.0,0.0,0.0,0.0,0.0,0.0,0.0,0.0,0.0,0.0,0.0,0.0,0.0,0.0,0.0,0.0,0.0,0.0,0.0,0.0,0.0,0.0,0.0,0.0,0.0,0.0,0.0,0.0,0.0,0.0,0.0,0.0,0.0,0.0,0.0,0.0,0.0,0.0,0.0,0.0,0.0,0.0
0.24871416254776754,0.4265057263307996,0.6639122890675033,0.0,0.7596322143735105,0.5400127710040822,0.04290857703994205,0.3089171045881191,0.13824030335424523,0.0,0.5365585416519291,0.0,0.26801983452349193,0.08508699611143788,0.0,0.0,0.0,0.6017387731448897,0.5480934177901048,0.33042651915901866,0.7213364380695012,0.21112022526645674,0.0,0.0,0.26361566126530983,0.42349996587493105,0.19314656131029873,0.0,0.23100293894876983,0.0,0.14865712967239444,0.2856490712508009,0.23998434452217154,0.0,0.31313270531788306,0.37407293609199965,0.19071961554917763,0.6171269529806538,0.0,0.18886579863385802,0.5275775815042255,0.27132818849085394,0.0,0.0,0.43842384352418196,0.6562671722270655,0.23698730628573467,0.1508414038648678,0.32680105165463874,0.0,0.2755697357982214,0.2953533084947445,0.0,0.0,0.8506938782382767,0.1608063004114659,0.17702436676269143,0.3930608428173908,0.7470640565445826,0.46674089266464247,0.0,0.0,0.1589105788794055,0.0,0.05395275651356536,0.45017033640350806,0.0,0.7915501792051767,0.33230945201767137,0.0,0.18317752425294342,0.0,0.28377284124925173,0.4362693404765149,0.4496346555048769,0.0,0.304280093747531,0.0,0.5168393823150729,0.17572494190238755,0.27312998730740445,0.19054678444909923,0.025419174158782854,0.3469210965943606,0.06672318187109298,0.3832897171193317,0.15398647096734702,0.1440846578221062,0.6205439930323666,0.45867046948223694,0.19001916375211395,0.3058106027387053,0.0,0.560939133445367,0.0,0.0,0.0,0.0,0.6281230598586902,0.26922141457666016
0.0,0.0,0.0,0.0,0.0,0.0,0.0,0.13971180387750953,0.0,0.0,0.0,0.0,0.0,0.0,0.0,0.0,0.0,0.0,0.0,0.0,0.0,0.0,0.0,0.0,0.0,0.0,0.0,0.0,0.0,0.0,0.488553581805253,0.0,0.0,0.0,0.0,0.0,0.0,0.0,0.0,0.0,0.0,0.0,0.0,0.0,0.0,0.0,0.0,0.0,0.0,0.0,0.0,0.0,0.0,0.0,0.0,0.0,0.0,0.3011403416677998,0.0,0.0,0.0,0.0,0.0,0.0,0.0,0.0,0.0,0.0,0.0,0.0,0.0,0.0,0.0,0.0,0.08718566804581497,0.0,0.0,0.0,0.0,0.0,0.0,0.0,0.0,0.0,0.0,0.0,0.0,0.0,0.0,0.20743972322978999,0.0,0.0,0.0,0.0,0.0,0.0,0.0,0.0,0.0,0.0
0.0,0.0,0.7142054216273903,0.4823704470521232,0.0,0.0,0.0,0.048878980111455306,0.0,0.0,0.0,0.0,0.0,0.0,0.0,0.0,0.0,0.0,0.21479871479718793,0.0,0.0,0.0,0.0,0.0,0.0,0.17454200069920908,0.0,0.0,0.293372353287497,0.0,0.17340899657510714,0.3131627518055821,0.0,0.0,0.29578117812621135,0.0,0.29066707288096616,0.33506386889580647,0.0,0.745471847312542,0.07769397794534494,0.0,0.0,0.0,0.49921707106737606,0.25587851437392223,0.6350498432450911,0.0,0.40738965791283704,0.0,0.3606531381838016,0.0,0.0,0.5688448500369137,0.0,0.14945336166039105,0.0,0.36521075340477704,0.0,0.0,0.0,0.0,0.3185524886559455,0.0,0.0926433103669156,0.0,0.0,0.0,0.0,0.0,0.0,0.0,0.20784362004880422,0.0,0.3220840688144094,0.0,0.10999483689152009,0.0,0.0,0.5873787973415343,0.467619076140969,0.0,0.4679300176660433,0.0,0.08197931895293202,0.8217160852467807,0.41263427051141116,0.0,0.0,0.06754633742876072,0.0,0.4362795169982712,0.0,0.0,0.0,0.0,0.0,0.0,0.0,0.34190958915574543
0.0,0.0,0.0,0.0,0.0,0.0,0.0,0.029083179299089143,0.0,0.0,0.0,0.0,0.0,0.0,0.0,0.0,0.0,0.0,0.0,0.0,0.0,0.0,0.0,0.0,0.0,0.0,0.0,0.0,0.0,0.0,0.1017000068892652,0.0,0.0,0.0,0.0,0.0,0.0,0.0,0.0,0.24010391655570595,0.0,0.0,0.0,0.0,0.0,0.0,0.0,0.0,0.0,0.0,0.0,0.0,0.0,0.0,0.0,0.0,0.0,0.06268703364958447,0.0,0.0,0.0,0.0,0.0,0.0,0.0,0.0,0.0,0.0,0.0,0.0,0.0,0.0,0.0,0.0,0.018149049298013427,0.0,0.20816551280511297,0.0,0.0,0.0,0.0,0.0,0.0,0.0,0.0,0.0,0.0,0.0,0.0,0.04318179636227994,0.0,0.0,0.0,0.0,0.0,0.0,0.0,0.0,0.0,0.0
0.0,0.0,0.13058654448811152,0.0,0.0,0.0,0.0,0.0,0.0,0.0,0.0,0.0,0.0,0.0,0.0,0.0,0.0,0.0,0.0,0.0,0.0,0.0,0.0,0.0,0.0,0.0,0.0,0.0,0.009002668601552898,0.0,0.29522515514682024,0.0,0.0,0.0,0.09213483840888162,0.0,0.0,0.0,0.0,0.0,0.0,0.0,0.0,0.0,0.0,0.0,0.0,0.0,0.0,0.0,0.11234223495465878,0.0,0.0,0.0,0.0,0.0,0.0,0.11376191670917275,0.0,0.0,0.0,0.0,0.0,0.0,0.1577232797408036,0.0,0.0,0.0,0.0,0.0,0.0,0.0,0.06474258595096377,0.0,0.0,0.0,0.0,0.0,0.0,0.0,0.1456617635040135,0.0,0.0,0.0,0.0,0.0,0.0,0.0,0.0,0.0,0.0,0.0,0.0,0.0,0.0,0.0,0.0,0.0,0.0,0.0
0.0,0.0,0.7919146089255407,0.0,0.0,0.0,0.0,0.0,0.0,0.0,0.0,0.0,0.0,0.0,0.0,0.0,0.0,0.0,0.0,0.0,0.0,0.0,0.0,0.0,0.0,0.0,0.0,0.0,0.06180529732021844,0.0,0.0,0.0,0.0,0.0,0.6325259024228619,0.0,0.0,0.0,0.0,0.0,0.0,0.0,0.0,0.0,0.0,0.0,0.0,0.0,0.0,0.0,0.7712541181170264,0.0,0.0,0.0,0.0,0.0,0.0,0.7810005451845172,0.0,0.0,0.0,0.0,0.0,0.0,0.0,0.0,0.0,0.0,0.0,0.0,0.0,0.0,0.44447207279060497,0.0,0.0,0.0,0.0,0.0,0.0,0.0,0.0,0.0,0.0,0.0,0.0,0.0,0.0,0.0,0.0,0.0,0.0,0.0,0.0,0.0,0.0,0.0,0.0,0.0,0.0,0.0
0.0,0.0,0.6001414785926014,0.0,0.0,0.0,0.0,0.0,0.0,0.0,0.0,0.0,0.0,0.0,0.0,0.0,0.0,0.0,0.0,0.0,0.0,0.0,0.0,0.0,0.5880513608269776,0.0,0.0,0.0,0.02722437940493139,0.0,0.0,0.0,0.0,0.0,0.5299650298795278,0.0,0.0,0.0,0.0,0.0,0.0,0.0,0.0,0.0,0.0,0.0,0.0,0.0,0.0,0.0,0.6461991677920974,0.0,0.0,0.0,0.0,0.0,0.0,0.34401994779508993,0.0,0.0,0.0,0.0,0.0,0.0,0.0,0.0,0.0,0.0,0.0,0.0,0.0,0.0,0.19578380606850132,0.0,0.0,0.0,0.0,0.0,0.0,0.0,0.440486181368558,0.0,0.0,0.0,0.0,0.0,0.0,0.0,0.0,0.0,0.0,0.0,0.0,0.0,0.0,0.0,0.0,0.0,0.0,0.0
0.0,0.0,0.37261608479555974,0.0,0.0,0.0,0.0,0.0,0.0,0.0,0.0,0.0,0.0,0.0,0.0,0.0,0.0,0.0,0.0,0.0,0.0,0.0,0.0,0.0,0.0,0.0,0.0,0.0,0.0,0.0,0.15464835970259525,0.0,0.0,0.0,0.0,0.0,0.0,0.0,0.0,0.33771938268405977,0.0,0.0,0.0,0.0,0.0,0.0,0.0,0.0,0.0,0.0,0.0,0.0,0.0,0.0,0.0,0.3193925502062027,0.0,0.0,0.0,0.0,0.0,0.0,0.0,0.0,0.0,0.0,0.0,0.0,0.0,0.0,0.0,0.0,0.0,0.0,0.6329347709120106,0.0,0.0,0.0,0.0,0.0,0.0,0.0,0.0,0.0,0.0,0.7512188579787156,0.0,0.0,0.0,0.0,0.0,0.0,0.0,0.0,0.0,0.0,0.0,0.0,0.0,0.0
0.0,0.0,0.10132674477511039,0.0,0.0,0.0,0.0,0.10983062252438945,0.26609168420168283,0.0,0.012793469692012943,0.0,0.0,0.0161909550493519,0.0,0.0,0.0,0.0,0.08179544887630077,0.0,0.0,0.0,0.0,0.0,0.0,0.1963559311633252,0.0,0.0,0.10455322150690562,0.0,0.3879204741473682,0.0,0.005543421800741655,0.0,0.12703445902722954,0.07118124237824033,0.3269940961225549,0.7528854575595431,0.0,0.0,0.029585902350604282,0.0,0.0,0.0,0.0,0.0,0.287788238568101,0.0,0.0,0.0,0.15489618574073785,0.0,0.0,0.0,0.0,0.0,0.0,0.47952822521201394,0.0,0.0,0.0,0.0,0.12130493343443827,0.0,0.07989111772442516,0.0,0.0,0.0,0.0,0.0,0.0,0.0,0.032793875225599,0.0,0.08007121702341766,0.0,0.12374178440989059,0.0,0.0,0.5065271141692916,0.0737816327124978,0.0,0.0,0.0,0.0,0.20428146985233495,0.18699522745568406,0.0,0.0,0.025721676198818155,0.0,0.058191803082022285,0.0,0.0,0.0,0.0,0.0,0.0,0.0,0.05122935373138272
0.0,0.0,0.08075983647449189,0.0,0.0,0.0,0.0,0.07698834440580184,0.0,0.0,0.0,0.0,0.0,0.0,0.0,0.0,0.0,0.0,0.0,0.0,0.0,0.0,0.0,0.0,0.0,0.0,0.0,0.0,0.7428733482257865,0.0,0.18257880508496252,0.09894182656996461,0.0,0.0,0.19142778744098318,0.0,0.0,0.5277526756423712,0.0,0.0,0.0,0.0,0.0,0.0,0.0,0.8908519573764807,0.0,0.0,0.6416716392043693,0.0,0.06947684050972927,0.0,0.0,0.0,0.0,0.0,0.0,0.3361365282867923,0.0,0.0,0.0,0.0,0.0,0.0,0.09754225697615782,0.0,0.0,0.0,0.0,0.0,0.0,0.0,0.04003935225356681,0.0,0.6908017433864388,0.0,0.0,0.0,0.0,0.6184391875216837,0.09008294267439775,0.0,0.0,0.0,0.0,0.0,0.0,0.0,0.0,0.0,0.0,0.0,0.0,0.0,0.0,0.0,0.0,0.0,0.0,0.8657786544655178
0.0,0.0,0.4960153500381338,0.0,0.0,0.0,0.0,0.0,0.0,0.0,0.0,0.0,0.0,0.0,0.0,0.0,0.0,0.0,0.0,0.0,0.0,0.0,0.0,0.0,0.0,0.0,0.0,0.0,0.0,0.0,0.0,0.0,0.0,0.0,0.0,0.0,0.0,0.0,0.0,0.0,0.0,0.0,0.0,0.0,0.0,0.0,0.0,0.0,0.0,0.0,0.0,0.0,0.0,0.0,0.0,0.0,0.0,0.0,0.0,0.0,0.0,0.0,0.0,0.0,0.0,0.0,0.0,0.0,0.0,0.0,0.0,0.0,0.0,0.0,0.3919651502473387,0.0,0.0,0.0,0.0,0.0,0.0,0.0,0.0,0.0,0.0,0.0,0.0,0.0,0.0,0.0,0.0,0.0,0.0,0.0,0.0,0.0,0.0,0.0,0.0,0.0
0.0,0.0,0.0,0.0,0.0,0.0,0.0,0.0,0.0,0.0,0.0,0.0,0.0,0.0,0.0,0.0,0.0,0.0,0.0,0.0,0.0,0.0,0.0,0.0,0.0,0.0,0.0,0.0,0.0,0.0,0.0,0.0,0.0,0.0,0.679345995914978,0.0,0.0,0.0,0.0,0.0,0.0,0.0,0.0,0.0,0.0,0.0,0.0,0.0,0.0,0.0,0.8283429895420548,0.0,0.0,0.0,0.0,0.0,0.0,0.0,0.0,0.0,0.0,0.0,0.0,0.0,0.0,0.0,0.0,0.0,0.0,0.0,0.0,0.0,0.0,0.0,0.0,0.0,0.0,0.0,0.0,0.0,0.0,0.0,0.0,0.0,0.0,0.0,0.0,0.0,0.0,0.0,0.0,0.0,0.0,0.0,0.0,0.0,0.0,0.0,0.0,0.0
0.0,0.0,0.41075947598148066,0.0,0.0,0.0,0.0,0.20803241648343176,0.0,0.0,0.7070169763614753,0.0,0.0,0.0,0.0,0.0,0.0,0.0,0.0,0.0,0.0,0.0,0.0,0.0,0.0,0.0,0.0,0.0,0.6482367193990046,0.0,0.0,0.0,0.0,0.0,0.0,0.0,0.0,0.0,0.0,0.0,0.0,0.0,0.0,0.0,0.0,0.0,0.0,0.293921621188302,0.0,0.0,0.0,0.0,0.0,0.0,0.0,0.0,0.0,0.0,0.0,0.0,0.0,0.0,0.0,0.0,0.0,0.0,0.0,0.0,0.0,0.0,0.0,0.0,0.0,0.0,0.3245935830538736,0.0,0.0,0.0,0.0,0.0,0.0,0.0,0.0,0.0,0.0,0.8281184764743699,0.0,0.0,0.0,0.0,0.0,0.0,0.0,0.0,0.0,0.0,0.0,0.0,0.0,0.7554847889439067
0.0,0.0,0.11850737444791692,0.0,0.0,0.0,0.0,0.015197032610246916,0.0,0.0,0.3344569341642174,0.0,0.0,0.0,0.0,0.0,0.0,0.0,0.0,0.0,0.0,0.0,0.0,0.0,0.0,0.0,0.0,0.0,0.0,0.0,0.053142000235404246,0.0,0.0,0.0,0.5046100016015311,0.0,0.0,0.0,0.0,0.0,0.0,0.0,0.0,0.0,0.0,0.0,0.0,0.0,0.0,0.0,0.0,0.0,0.0,0.0,0.0,0.0,0.0,0.03275628447685626,0.0,0.0,0.0,0.0,0.0,0.0,0.0,0.0,0.0,0.0,0.0,0.0,0.0,0.0,0.0,0.0,0.0936478293006945,0.0,0.1087741492735339,0.0,0.0,0.0,0.0,0.0,0.0,0.0,0.0,0.23891876418503186,0.0,0.0,0.0,0.022564079419857736,0.0,0.0,0.0,0.0,0.0,0.0,0.0,0.0,0.0,0.0
0.0,0.0,0.0,0.0,0.0,0.0,0.0,0.6735055451397065,0.0,0.0,0.0,0.0,0.0,0.0,0.0,0.0,0.0,0.0,0.0,0.0,0.0,0.0,0.0,0.0,0.0,0.0,0.0,0.0,0.0,0.0,0.0,0.0,0.0,0.0,0.0,0.0,0.0,0.0,0.0,0.0,0.0,0.0,0.0,0.0,0.0,0.0,0.0,0.0,0.0,0.0,0.0,0.0,0.0,0.0,0.0,0.0,0.0,0.6073353158507457,0.0,0.0,0.0,0.0,0.0,0.0,0.0,0.0,0.0,0.0,0.0,0.0,0.0,0.0,0.0,0.0,0.4202939855894217,0.0,0.0,0.0,0.0,0.0,0.0,0.0,0.0,0.0,0.0,0.0,0.0,0.0,0.0,0.0,0.0,0.0,0.0,0.0,0.0,0.0,0.0,0.0,0.0,0.0
0.0,0.0,0.7005495183027141,0.0,0.0,0.0,0.0,0.0,0.0,0.0,0.0,0.0,0.0,0.0,0.0,0.0,0.0,0.0,0.0,0.0,0.0,0.0,0.0,0.0,0.0,0.0,0.0,0.0,0.054674671711108805,0.0,0.0,0.24813814515338364,0.0,0.0,0.5595498697233771,0.0,0.0,0.0,0.0,0.0,0.0,0.0,0.0,0.0,0.3955604468582127,0.202748314016497,0.0,0.0,0.0,0.0,0.6822726779455952,0.0,0.0,0.0,0.0,0.0,0.0,0.6908946363112417,0.0,0.0,0.0,0.0,0.0,0.0,0.0,0.0,0.0,0.0,0.0,0.0,0.0,0.0,0.39319226212398867,0.0,0.0,0.0,0.0,0.0,0.0,0.0,0.8846275979845989,0.0,0.0,0.0,0.0,0.0,0.0,0.0,0.0,0.0,0.0,0.0,0.0,0.0,0.0,0.0,0.0,0.0,0.0,0.0
0.0,0.0,0.0,0.0,0.0,0.0,0.0,0.0,0.0,0.0,0.0,0.0,0.0,0.0,0.0,0.0,0.0,0.0,0.0,0.0,0.0,0.0,0.0,0.0,0.0,0.0,0.0,0.0,0.4011514773964482,0.0,0.0,0.0,0.0,0.0,0.6455139964206984,0.0,0.0,0.0,0.0,0.0,0.0,0.0,0.0,0.0,0.0,0.0,0.0,0.0,0.0,0.0,0.0,0.0,0.0,0.0,0.0,0.0,0.0,0.0,0.0,0.0,0.0,0.0,0.0,0.0,0.0,0.0,0.0,0.0,0.0,0.0,0.0,0.0,0.3008262099311724,0.0,0.4214145545718922,0.0,0.0,0.0,0.0,0.0,0.0,0.0,0.0,0.0,0.0,0.0,0.0,0.0,0.0,0.0,0.0,0.0,0.0,0.0,0.0,0.0,0.0,0.0,0.0,0.0
0.27841396032096627,0.0,0.28244328803025276,0.0,0.0,0.0,0.10385870794172991,0.2854517987905194,0.15734661594811122,0.0,0.4861536036864207,0.0,0.0,0.4842277514385277,0.15922948180503754,0.0,0.0,0.0,0.16783652071122515,0.7997858171244844,0.0,0.5110091112117376,0.0,0.0,0.2205794521856236,0.19400540661325294,0.0,0.0,0.44573557313928874,0.0,0.302993040680815,0.46904822583999983,0.29534611417801143,0.0,0.3344048441809443,0.6336809427013788,0.323079736896882,0.30593120227333537,0.0,0.2958259728707622,0.17746335300543165,0.42498920348821223,0.0,0.0,0.13676192730780995,0.6564608519411007,0.0,0.20210413627888957,0.3719685093165141,0.0,0.2601044923056975,0.09479104367197727,0.0,0.0,0.0,0.3892260182405497,0.42848127983973056,0.34390783501665206,0.13894582170404335,0.4063697437414596,0.04923925195655111,0.0,0.24890624420354235,0.0,0.13059075755827532,0.08378391325849527,0.0,0.14732017236877207,0.35558344278009835,0.0,0.4433747820433733,0.0,0.31939329402839056,0.496566505572457,0.2310736185016871,0.0,0.313813574378945,0.0,0.39208218075067847,0.1910477225433678,0.3372487565327081,0.3751023581943971,0.06152622079775596,0.0,0.1615011248786481,0.5694244906100959,0.0,0.6876123486996242,0.2612264008073707,0.3822653063842586,0.34574217011346386,0.5180442965376135,0.0,0.0,0.0,0.0,0.0,0.25066153406653224,0.6721149782469795,0.5194806701325595
0.0,0.0,0.2038635248319429,0.0,0.0,0.0,0.0,0.12380191644682342,0.0,0.0,0.0,0.0,0.0,0.0,0.0,0.0,0.0,0.0,0.0,0.0,0.0,0.0,0.0,0.0,0.19975660319554236,0.0,0.0,0.0,0.1769286826581124,0.0,0.2650147240741102,0.0,0.0,0.0,0.2847052733429591,0.0,0.0,0.0,0.0,0.0,0.21143249983418144,0.0,0.0,0.0,0.0,0.0,0.0,0.0,0.0,0.0,0.21950897378148518,0.0,0.0,0.0,0.0,0.0,0.0,0.16335285939319488,0.0,0.8320704775897061,0.0,0.0,0.0,0.0,0.0,0.0,0.0,0.0,0.0,0.0,0.0,0.0,0.13268001747767302,0.0,0.8015747675566111,0.0,0.5424476125931879,0.0,0.0,0.0,0.14962982692705315,0.339692442705386,0.0,0.0,0.0,0.0,0.0,0.0,0.0,0.18381721923483638,0.0,0.44105205297114763,0.0,0.0,0.0,0.0,0.0,0.0,0.0,0.0
0.0,0.0,0.32555779889084835,0.0,0.0,0.0,0.0,0.352269274444825,0.8549393667400009,0.0,0.6646168564758932,0.0,0.0,0.0520207345011092,0.0,0.0,0.0,0.0,0.22798355740715678,0.0,0.0,0.03880792959685654,0.0,0.0,0.005958300119108575,0.07001849367049019,0.0,0.0,0.29141493451023903,0.3937421141051606,0.16893836436117524,0.0,0.01781073894931142,0.0,0.18753351094061785,0.22870179677052246,0.11660271178974783,0.040383695437848484,0.0,0.11335854024063463,0.6016156732326073,0.0,0.0,0.0,0.0,0.0,0.0,0.018608056974972868,0.0,0.0,0.22866414172743646,0.21026877028682947,0.0,0.0,0.0,0.0,0.0,0.45064012144985044,0.0,0.0,0.0,0.09621997001931827,0.3381059782096805,0.0,0.011174781669040998,0.0,0.0,0.0,0.20552113596452096,0.0,0.0,0.0,0.05624468631803124,0.0,0.25726484381306697,0.0,0.3457929092177189,0.0,0.0,0.07085055349727197,0.010320216567648087,0.01013227843011775,0.0,0.0,0.0,0.6563462176439083,0.0,0.06330958879357686,0.0,0.5230384174071694,0.0,0.186967373391101,0.0,0.0,0.0,0.0,0.0,0.0,0.3884709387706613,0.16459736939547268
0.15612162712419098,0.0,0.12623375448036375,0.0,0.0,0.0,0.0,0.019503769062983036,0.0,0.0,0.2412986674685825,0.0,0.21839482376818553,0.30537891381345983,0.0,0.0,0.0,0.0,0.034422172008125564,0.0,0.0,0.0,0.0,0.0,0.12369071919267875,0.141906657701896,0.0,0.0,0.09461460025756044,0.0,0.2099082987164157,0.029597394889176322,0.165616393147531,0.0,0.11147284074061614,0.0,0.0,0.13369772252596338,0.0,0.05648620139142108,0.017296951086310696,0.08114914827949313,0.0,0.0,0.04718161627654901,0.08067763357588863,0.0,0.0,0.16255727489529775,0.0,0.13592152850987532,0.0,0.0,0.0,0.0,0.21825988616637831,0.0,0.08515482794099942,0.07791436802068077,0.0,0.0,0.0,0.05104904174349825,0.0,0.01689700470941466,0.0,0.0,0.0,0.03465791281809642,0.0,0.24862399973997373,0.0,0.14881002707264485,0.0,0.0675635458958305,0.0,0.08942833017389352,0.0,0.21986148954107385,0.10713069584390174,0.10551651513002641,0.21033999312361473,0.0,0.0,0.09056233519818563,0.1723713086563854,0.0,0.0,0.14648364146261372,0.018550988060174748,0.11927789204227768,0.0332181458628832,0.0,0.0,0.0,0.0,0.0,0.0,0.06550952467780184,0.11026819241721732
0.02675618823969588,0.0,0.10173393262096522,0.6076068515397772,0.0,0.0,0.0,0.07294009969820497,0.0,0.0,0.008396349460750267,0.0,0.3188148610270243,0.0,0.0,0.0,0.0,0.0,0.25935846160974746,0.0,0.0,0.507500226164056,0.0,0.0,0.03830853904965804,0.2071567016719288,0.0,0.0,0.19505855929988655,0.0,0.1522619977834037,0.05167498301217671,0.028383405119841946,0.0,0.37902646239946164,0.0,0.10088846883985936,0.275632778309038,0.3765297084051399,0.009680628271776766,0.12456921556598087,0.013907374185447994,0.0,0.0,0.05744336238456079,0.029443148240458503,0.8586596016539001,0.0,0.3351299668177657,0.0,0.46215612496053143,0.21813708864320178,0.0,0.0,0.0,0.07744144965858668,0.0,0.17555618277078533,0.013352996223130279,0.0,0.0,0.618640619833942,0.03742657479765239,0.0,0.07004140225336224,0.0,0.0,0.0,0.2495994231215273,0.0,0.04260928265023236,0.0,0.0570994541526784,0.0,0.16220058342900165,0.0,0.3116587483010171,0.0,0.03767995190148376,0.4440777694229133,0.12846578592481894,0.06514488631704665,0.0,0.0,0.015520610005310609,0.00599791851181399,0.5579284557186053,0.0,0.02510442631943664,0.10829918212933921,0.14522018781405405,0.04849216833129578,0.0,0.0,0.0,0.0,0.0,0.0,0.12982500527816537,0.2273301867888658
0.08540597962977875,0.0,0.492954438220864,0.0,0.0,0.0,0.031859590246913885,0.22937074709513153,0.025544952776864898,0.0,0.1541022053306128,0.0,0.0,0.0015543408783663933,0.6352370035474761,0.0,0.0,0.0,0.4069590024290141,0.2453414732751667,0.0,0.15675662848395755,0.0,0.0,0.16139474192504402,0.024162301540172845,0.0,0.0,0.09561106948710023,0.0,0.286409499636207,0.21209424763702944,0.1781882180579746,0.0,0.26591533153115027,0.00683343968679809,0.029779463003826237,0.0731390338221176,0.0,0.09214057467173013,0.3917260074724943,0.04439245627013061,0.0,0.0,0.18798250711578549,0.2013752546172404,0.0,0.03144454735215435,0.08892658604778865,0.0,0.32423698970788795,0.12773517397998221,0.0,0.0,0.0,0.11939857235215277,0.1314404759572602,0.328334409868815,0.04262287711585257,0.8992439570334376,0.1964372082055546,0.0,0.025999624156275023,0.0,0.040059886246370566,0.33425117886758327,0.0,0.5877254877474315,0.14014071007355794,0.0,0.13600919134909603,0.0,0.18685707279294397,0.0,0.1431363797520613,0.0,0.5862396885473565,0.0,0.38375290163312603,0.11526291225730817,0.42040227998975793,0.11506601294741234,0.01887372010402276,0.0,0.049541918679907024,0.11008265846777317,0.0,0.10698276372124826,0.4607535069222068,0.34056252209111765,0.4752307987536661,0.06424793205191111,0.0,0.0,0.0,0.0,0.0,0.0,0.26489048411867566,0.11142952333698675
0.0,0.0,0.0,0.0,0.0,0.0,0.0,0.1546040021055627,0.0,0.0,0.0,0.0,0.0,0.0,0.0,0.0,0.0,0.0,0.0,0.0,0.0,0.0,0.0,0.0,0.0,0.0,0.0,0.0,0.36094565573093507,0.0,0.0,0.0,0.0,0.0,0.08230474078677562,0.0,0.0,0.0,0.0,0.0,0.2640371941543309,0.0,0.0,0.0,0.0,0.0,0.0,0.0,0.0,0.0,0.10035615937498524,0.0,0.0,0.0,0.0,0.0,0.0,0.13941454695980884,0.0,0.0,0.0,0.0,0.0,0.0,0.0,0.0,0.0,0.0,0.5290515079838519,0.0,0.0,0.0,0.0,0.0,0.3438007275248898,0.0,0.0,0.0,0.0,0.0,0.0,0.0,0.0,0.0,0.0,0.0,0.0,0.0,0.0,0.22955119407887412,0.0,0.0,0.0,0.0,0.0,0.0,0.0,0.0,0.0,0.4206626134861996
0.0,0.0,0.0,0.0,0.0,0.0,0.0,0.0,0.0,0.0,0.0,0.0,0.0,0.0,0.0,0.0,0.0,0.0,0.0,0.0,0.0,0.0,0.0,0.0,0.0,0.0,0.0,0.0,0.8580407294568771,0.0,0.0,0.0,0.0,0.0,0.0,0.0,0.0,0.0,0.0,0.0,0.0,0.0,0.0,0.0,0.0,0.0,0.0,0.0,0.0,0.0,0.0,0.0,0.0,0.0,0.0,0.0,0.0,0.0,0.0,0.0,0.0,0.0,0.0,0.0,0.0,0.0,0.0,0.0,0.0,0.0,0.0,0.0,0.0,0.0,0.0,0.0,0.0,0.0,0.0,0.0,0.0,0.0,0.0,0.0,0.0,0.0,0.0,0.0,0.0,0.0,0.0,0.0,0.0,0.0,0.0,0.0,0.0,0.0,0.0,0.0
