0.0,0.0,0.0,0.0,0.0,0.0,0.0,0.0,0.0,0.0,0.0,0.0,0.0,0.0,0.0,0.0,0.0,0.0,0.0,0.0,0.0,0.0,0.0,0.0,0.0,0.0,0.0,0.0,0.0,0.0,0.0,0.0,0.0,0.0,0.0,0.0,0.0,0.0,0.0,0.0,0.0,0.0,0.0,0.0,0.0,0.0,0.0,0.0,0.0,0.0,0.0,0.0,0.0,0.0,0.0,0.0,0.0,0.0,0.0,0.0
0.41969970417605496,0.0,0.0,0.003907451909729001,0.07969756841742454,0.41774499439874957,0.0,0.0,0.06679453390889781,0.0,0.4288275205477703,0.5047114202588837,0.09355266274106612,0.16376788658235397,0.0,0.5248680778771444,0.14041659964755965,0.040666463890551396,0.3153599165684762,0.0,0.0,0.38377752900123596,0.23522127361998107,0.2905127892193343,0.17809951305389404,0.0,0.3465615473656242,0.08193034643390806,0.1095391657731329,0.0,0.0,0.8307973146438599,0.3189502039380653,0.0,0.01438440928400338,0.15710433940962915,0.0,0.0,0.0,0.2713284962228324,0.0,0.0,0.0401455286836655,0.0,0.0,0.0,0.0,0.0,0.4284581486567136,0.2923862808920745,0.23787846979218277,0.3404407939438758,0.0,0.0,0.0,0.0,0.4635016891075433,0.0,0.0,0.15595429339904326
0.469449461614672,0.0,0.0,0.0,0.11918691848176874,0.4713079095014038,0.0,0.0,0.030994521063963103,0.0,0.0,0.45130426705612947,0.03746129247194067,0.21024909497486274,0.0,0.0,0.5302130572581276,0.0,0.1647565534722164,0.0,0.0,0.0,0.09418965391812936,0.24041559585776195,0.5483258366584778,0.0,0.21540164167024103,0.0,0.0,0.0,0.0,0.0,0.12771722924423118,0.0,0.0,0.5772185921669006,0.0,0.0,0.0,0.6052051741568008,0.0,0.0,0.0,0.0,0.0,0.0,0.0,0.0,0.02257796442016378,0.0,0.4466212500349229,0.15797399489780942,0.0,0.0,0.0,0.0,0.25577500039407386,0.0,0.0,0.17290009904964343
0.0,0.0,0.0,0.0,0.0,0.20946499044178601,0.0,0.0,0.0,0.0,0.0,0.0,0.0,0.0,0.0,0.0,0.0,0.0,0.0,0.0,0.0,0.0,0.0,0.0,0.0,0.0,0.0,0.0,0.0,0.0,0.0,0.0,0.0,0.0,0.0,0.0,0.0,0.0,0.0,0.0,0.0,0.0,0.0,0.0,0.0,0.0,0.0,0.0,0.0,0.0,0.0,0.0,0.0,0.0,0.0,0.0,0.30002275109291077,0.0,0.0,0.0
0.0,0.0,0.0,0.0,0.0,0.44755020380120314,0.0,0.0,0.0,0.0,0.0,0.4422454535961151,0.0,0.0,0.0,0.0,0.0,0.0,0.0,0.0,0.0,0.0,0.0,0.5573311448097229,0.0,0.0,0.0,0.0,0.0,0.0,0.0,0.0,0.0,0.0,0.0,0.0,0.0,0.0,0.0,0.0,0.0,0.0,0.0,0.0,0.0,0.0,0.0,0.0,0.0,0.0,0.0,0.0,0.0,0.0,0.0,0.0,0.6410390734672546,0.0,0.0,0.0
0.0,0.0,0.0,0.0,0.0,0.0,0.0,0.0,0.0,0.0,0.0,0.0,0.0,0.0,0.0,0.0,0.0,0.0,0.0,0.0,0.0,0.0,0.0,0.0,0.0,0.0,0.0,0.0,0.0,0.0,0.0,0.0,0.0,0.0,0.0,0.0,0.0,0.0,0.0,0.0,0.0,0.0,0.0,0.0,0.0,0.0,0.0,0.0,0.0,0.0,0.0,0.0,0.0,0.0,0.0,0.0,0.0,0.0,0.0,0.0
0.44989231552820524,0.0,0.09320125790551964,0.03379208257159552,0.26145924660574776,0.5558040307295687,0.0,0.0,0.14437920526768488,0.43917946265385766,0.2672440808615112,0.5113214833216342,0.12955858547211668,0.3400920669645979,0.0,0.4784935008182855,0.811955475091215,0.35168814292064515,0.3268773644146696,0.0,0.0,0.13939251896436697,0.3257516631835761,0.47593582856107175,0.051104657718666624,0.5320893550077843,0.4751210826436008,0.41632575424684365,0.5998053760245994,0.0,0.1319598767097133,0.31294129546905225,0.3552346807448593,0.0,0.8360692153852616,0.2790595715064341,0.5314744114875793,0.4370770823805655,0.805258572101593,0.4441660962789549,0.1704687633585067,0.0,0.7608268614941531,0.20228984469518438,0.19696703961688225,0.6388450860977173,0.0,0.0,0.4078960595459356,0.5659649587379948,0.23149555609938213,0.3711858045930216,0.06775891152338329,0.0,0.6110192617221256,0.17066333967152436,0.5941968671545651,0.210098193680194,0.0,0.1728931549747329
0.3825726598913582,0.0,0.0,0.043723106241911565,0.13992045132471176,0.3426011331691945,0.0,0.0,0.014282648731288788,0.0,0.08107389344941131,0.16405651996769813,0.021210972499698524,0.059128844559935424,0.0,0.17764622853284537,0.3156977407323725,0.45504440291185977,0.14162687684690003,0.0,0.0,0.0693563363295301,0.053331159369634666,0.13429635917141025,0.0,0.07096464392231994,0.09789896980369439,0.014806465291631873,0.02969979098574732,0.0,0.0,0.0,0.06633023300589531,0.0,0.0025995527429635954,0.07536810957642322,0.0,0.25963625806027224,0.0,0.051119423214832725,0.0,0.0,0.27830504575069104,0.076431391305947,0.013631937169124692,0.0,0.0,0.0,0.13895141791103865,0.0,0.2703458385715008,0.07279632013501808,0.5444771647453308,0.0,0.21355182568774023,0.0,0.47601591646882957,0.0,0.0,0.04379346152286658
0.0,0.0,0.0,0.0,0.0,0.20232903544594905,0.0,0.0,0.0,0.0,0.0,0.0,0.0,0.0,0.0,0.0,0.0,0.0,0.0,0.0,0.0,0.0,0.0,0.4414150655748017,0.0,0.0,0.0,0.0,0.0,0.0,0.0,0.0,0.0,0.0,0.0,0.0,0.0,0.0,0.0,0.0,0.0,0.0,0.0,0.0,0.0,0.0,0.0,0.0,0.7284501791000366,0.0,0.0,0.0,0.0,0.0,0.0,0.0,0.2898017168045044,0.0,0.0,0.0
0.03845053647583453,0.0,0.0,0.005609017918296564,0.031179961889621514,0.12762851104756845,0.0,0.0,0.013576123089235146,0.0,0.0944635797348964,0.17647202158510938,0.017940484282000606,0.020691921263190916,0.0,0.20698523235580363,0.0997781554465463,0.0583753632560209,0.06798612042828578,0.0,0.0,0.08081081995985517,0.04510810743945848,0.12203363302658782,0.0,0.0,0.09245110189523362,0.017251813810333288,0.0,0.0,0.0,0.0,0.061164706089973764,0.0,0.0030288795487938085,0.08781546223487259,0.0,0.30251625180244446,0.0,0.059562005787589675,0.0,0.0,0.03437724271451307,0.0890543493064575,0.0,0.0,0.0,0.0,0.15966685018959045,0.0,0.09438730165500155,0.06919527471338954,0.0,0.0,0.24882078626178306,0.0,0.1805920362844371,0.0,0.0,0.042287323968179
0.0,0.0,0.0,0.0,0.0,0.31494639879315933,0.0,0.0,0.0,0.0,0.0,0.42087796330451965,0.0,0.0,0.0,0.0,0.0,0.0,0.633651852607727,0.0,0.0,0.0,0.0,0.0,0.0,0.0,0.0,0.0,0.0,0.0,0.0,0.0,0.0,0.0,0.0,0.0,0.0,0.0,0.0,0.0,0.0,0.0,0.0,0.0,0.0,0.0,0.0,0.0,0.0,0.0,0.0,0.0,0.0,0.0,0.0,0.0,0.45110681653022766,0.0,0.0,0.0
0.0,0.0,0.0,0.0,0.0,0.0,0.0,0.0,0.0,0.0,0.0,0.0,0.0,0.0,0.0,0.0,0.0,0.0,0.0,0.0,0.0,0.0,0.0,0.0,0.0,0.0,0.0,0.0,0.0,0.0,0.0,0.0,0.0,0.0,0.0,0.0,0.0,0.0,0.0,0.0,0.0,0.0,0.0,0.0,0.0,0.0,0.0,0.0,0.0,0.0,0.0,0.0,0.0,0.0,0.0,0.0,0.0,0.0,0.0,0.0
0.0,0.0,0.0,0.0,0.0,0.0,0.0,0.0,0.0,0.0,0.0,0.0,0.0,0.0,0.0,0.0,0.0,0.0,0.0,0.0,0.0,0.0,0.0,0.0,0.0,0.0,0.0,0.0,0.0,0.0,0.0,0.0,0.0,0.0,0.0,0.0,0.0,0.0,0.0,0.0,0.0,0.0,0.0,0.0,0.0,0.0,0.0,0.0,0.0,0.0,0.0,0.0,0.0,0.0,0.0,0.0,0.0,0.0,0.0,0.0
0.0,0.0,0.0,0.0,0.0,0.0,0.0,0.0,0.0,0.0,0.0,0.8078185319900513,0.0,0.0,0.0,0.0,0.0,0.0,0.0,0.0,0.0,0.0,0.0,0.0,0.0,0.0,0.0,0.0,0.0,0.0,0.0,0.0,0.0,0.0,0.0,0.0,0.0,0.0,0.0,0.0,0.0,0.0,0.0,0.0,0.0,0.0,0.0,0.0,0.0,0.0,0.0,0.0,0.0,0.0,0.0,0.0,0.0,0.0,0.0,0.0
0.11057005598986569,0.0,0.0,0.606577085901237,0.07489196290246315,0.3378197431002856,0.0,0.0,0.03861847404524497,0.0,0.24949966367890752,0.45407279722066973,0.05165940072802128,0.13560946728141465,0.0,0.5466947791329133,0.3349302099908956,0.13156568660386014,0.20175129209639558,0.0,0.0,0.0,0.1298882327627874,0.28671544204450056,0.0,0.0,0.2683855863098702,0.0,0.10771970606399606,0.0,0.0,0.0,0.1761230083116377,0.0,0.0,0.22862610094093938,0.0,0.0,0.0,0.19359741553890286,0.0,0.0,0.09340703221721518,0.0,0.0,0.0,0.0,0.0,0.4237273898058054,0.28752970695495605,0.24929819603038894,0.19683203393253684,0.0,0.0,0.6571919322013855,0.0,0.4677070302985372,0.0,0.0,0.11069758971529486
0.15345944101802136,0.0,0.0,0.0,0.0,0.586486627336069,0.0,0.0,0.06538782482021477,0.0,0.0,0.8352328538894653,0.10330117226654137,0.0,0.0,0.0,0.0,0.0,0.0,0.0,0.0,0.0,0.25973214011263773,0.47370343322155223,0.0,0.0,0.4544236958026886,0.0,0.0,0.0,0.0,0.0,0.352185913218178,0.0,0.0,0.0,0.0,0.0,0.0,0.0,0.0,0.0,0.0,0.0,0.0,0.0,0.0,0.0,0.7712453329009848,0.0,0.4560098350048065,0.3332710282314224,0.0,0.0,0.0,0.0,0.7913780164642527,0.0,0.0,0.20747165381908417
0.0,0.0,0.0,0.0,0.0,0.0,0.0,0.0,0.0,0.0,0.0,0.0,0.0,0.0,0.0,0.0,0.0,0.0,0.3107365071773529,0.0,0.0,0.0,0.0,0.0,0.0,0.0,0.0,0.0,0.0,0.0,0.0,0.0,0.0,0.0,0.0,0.0,0.0,0.0,0.0,0.0,0.0,0.0,0.0,0.0,0.0,0.0,0.0,0.0,0.0,0.0,0.0,0.0,0.0,0.0,0.0,0.0,0.0,0.0,0.0,0.0
0.85146564245224,0.0,0.0,0.09608536213636398,0.27944663166999817,0.14519291641695645,0.0,0.0,0.0,0.0,0.0,0.12358400237880485,0.0,0.0,0.0,0.0,0.0,0.0,0.0,0.0,0.0,0.0,0.0,0.27498934112776574,0.0,0.0,0.0,0.0,0.0,0.0,0.0,0.0,0.0,0.0,0.0,0.0,0.0,0.0,0.0,0.0,0.0,0.0,0.5888998508453369,0.0,0.0,0.0,0.0,0.0,0.0,0.0,0.0,0.0,0.0,0.0,0.0,0.0,0.20796400453719133,0.0,0.0,0.0
0.0,0.0,0.0,0.0,0.0,0.0,0.0,0.0,0.0,0.0,0.0,0.0,0.0,0.0,0.0,0.0,0.0,0.0,0.0,0.0,0.0,0.0,0.0,0.0,0.0,0.0,0.0,0.0,0.0,0.0,0.0,0.0,0.0,0.0,0.0,0.0,0.0,0.0,0.0,0.0,0.0,0.0,0.0,0.0,0.0,0.0,0.0,0.0,0.0,0.0,0.0,0.0,0.0,0.0,0.0,0.0,0.0,0.0,0.0,0.0
0.303969801961172,0.0,0.22032152196883906,0.028176170172907956,0.12500054808492905,0.7444746196450659,0.0,0.641179084777832,0.1928709136231578,0.0,0.05123561758150233,0.3573749599831759,0.6540561719654364,0.11119456776539413,0.0,0.268816268575191,0.27341113903414765,0.29324102596314766,0.1315151751680042,0.0,0.0,0.09734201457729585,0.5421077019424574,0.41132679347692813,0.12080798286743287,0.04484695631498464,0.3256542322331373,0.020780958691478505,0.04361485617772881,0.0,0.31194429698552995,0.0,0.7312933270920571,0.0,0.0036484871374653557,0.26856480305571795,0.0,0.16408024164485163,0.0,0.19943658543662007,0.2706336975097656,0.0,0.3360777840776583,0.04830173277193335,0.00861486589549514,0.0,0.0,0.0,0.2659220405181333,0.06631917399321699,0.15614144125421903,0.8525972550320032,0.3440888627380332,0.0,0.134956632884493,0.13326973095634306,0.5949430420540949,0.483894407749176,0.0,0.12633450890216152
0.7831140110679752,0.0,0.24547947408787962,0.03265043533393515,0.8219593975164947,0.4368429858101881,0.0,0.0,0.21980179235312053,0.0,0.24097703578838842,0.5626913585048803,0.09092058581757687,0.129135888201406,0.0,0.6331062830362153,0.5457701146878442,0.3398065491765309,0.17354841401581755,0.0,0.0,0.22993016065059013,0.22860339158360873,0.5601255018585762,0.7296803718694468,0.051614721214757915,0.4370240146981895,0.04908640108953934,0.7072540672793579,0.0,0.34756441987338693,0.0,0.3056238623071429,0.0,0.02878499053853254,0.3158906216606032,0.0,0.6375514078398323,0.0,0.21898485419600852,0.42444045787118867,0.11335675418376923,0.3646833046203984,0.1915943655965298,0.009914918158000746,0.03395198167532776,0.0,0.0,0.5635471231338101,0.09662649543644686,0.6049056558919725,0.33826057516538427,0.3960146280293396,0.0,0.6347429949634906,0.1545613474932508,0.5812348499924354,0.0,0.0,0.1626522297478635
0.2592634898747163,0.0,0.0,0.010181554714519037,0.06843317691365347,0.3368552808044185,0.0,0.0,0.15091459749383773,0.0,0.0,0.030264261365201873,0.18292319801381945,0.0,0.0,0.0,0.3244525194168091,0.10596363991498947,0.10081924262847153,0.0,0.0,0.0,0.45992734306816446,0.49308047126870425,0.0,0.0,0.0,0.21348395943641663,0.0,0.0,0.0,0.0,0.623642231039355,0.0,0.037481113918884645,0.0,0.0,0.0,0.0,0.0,0.0,0.0,0.06240197174096629,0.0,0.0,0.0,0.0,0.0,0.10993376557319604,0.0,0.0,0.7691869735717773,0.0,0.0,0.0,0.0,0.09065834782357707,0.0,0.0,0.0
0.0,0.0,0.0,0.0,0.0,0.6022155284881592,0.0,0.0,0.0,0.0,0.0,0.0,0.39772194623947144,0.0,0.0,0.0,0.0,0.0,0.0,0.0,0.0,0.0,0.0,0.6487791538238525,0.0,0.0,0.0,0.0,0.0,0.0,0.0,0.0,0.0,0.0,0.0,0.0,0.0,0.0,0.0,0.0,0.0,0.0,0.0,0.0,0.0,0.0,0.0,0.0,0.0,0.0,0.0,0.0,0.0,0.0,0.0,0.0,0.0,0.0,0.0,0.0
0.0,0.0,0.0,0.0,0.0,0.0,0.0,0.0,0.0,0.0,0.0,0.0,0.0,0.0,0.0,0.0,0.0,0.0,0.0,0.0,0.0,0.0,0.0,0.0,0.0,0.0,0.0,0.0,0.0,0.0,0.0,0.0,0.0,0.0,0.0,0.0,0.0,0.0,0.0,0.0,0.0,0.0,0.0,0.0,0.0,0.0,0.0,0.0,0.0,0.0,0.0,0.0,0.0,0.0,0.0,0.0,0.0,0.0,0.0,0.0
0.7546584010124207,0.0,0.0,0.0,0.0,0.430424036020554,0.0,0.0,0.0,0.0,0.0,0.0,0.0,0.0,0.0,0.0,0.0,0.0,0.0,0.0,0.0,0.0,0.0,0.3313841217910749,0.0,0.0,0.0,0.0,0.0,0.0,0.0,0.0,0.0,0.0,0.0,0.0,0.0,0.0,0.0,0.0,0.0,0.0,0.0,0.0,0.0,0.0,0.0,0.0,0.0,0.0,0.8145179748535156,0.0,0.0,0.0,0.0,0.0,0.0,0.0,0.0,0.0
0.8435658535724018,0.0,0.0,0.0,0.0,0.16079428804683624,0.0,0.0,0.037072904596413214,0.0,0.0,0.47092975112262536,0.08192039892956435,0.5829647779464722,0.0,0.0,0.6727209091186523,0.0,0.37515782075061566,0.0,0.0,0.0,0.2059740472059328,0.1326492391251493,0.0,0.0,0.26143013821858574,0.0,0.41851532459259033,0.0,0.0,0.0,0.19496023040696234,0.0,0.0,0.0,0.0,0.0,0.0,0.0,0.0,0.0,0.1455579028790499,0.0,0.19209477305412292,0.0,0.0,0.0,0.027005763993015776,0.0,0.0,0.18895451971897353,0.0,0.0,0.0,0.0,0.010743791398970151,0.0,0.0,0.10568826645612717
0.2590966624662293,0.0,0.0,0.0,0.0,0.29319976781369106,0.0,0.0,0.14389175877968796,0.0,0.0,0.0,0.1744108331527596,0.0,0.0,0.0,0.0,0.0,0.0,0.0,0.0,0.0,0.4385245390701812,0.2806924595844335,0.0,0.0,0.0,0.0,0.0,0.0,0.0,0.0,0.594620924441756,0.0,0.0,0.0,0.0,0.0,0.0,0.0,0.0,0.0,0.0,0.0,0.0,0.0,0.0,0.0,0.10481797745408296,0.0,0.0,0.7333927154541016,0.0,0.0,0.0,0.0,0.04170007872837319,0.0,0.0,0.0
0.0,0.0,0.0,0.0,0.18184970319271088,0.5706115142402686,0.0,0.0,0.0,0.0,0.0,0.08042220447477932,0.0,0.0,0.0,0.0,0.0,0.0,0.0,0.0,0.0,0.0,0.0,0.10135050326370187,0.0,0.0,0.0,0.0,0.0,0.0,0.0,0.0,0.0,0.0,0.17556875944137573,0.0,0.0,0.0,0.0,0.0,0.0,0.0,0.0,0.0,0.0,0.0,0.0,0.0,0.0,0.0,0.0,0.0,0.0,0.0,0.0,0.0,0.11657276524495064,0.0,0.0,0.0
0.1618475412972245,0.0,0.0,0.0,0.0,0.18315041605658702,0.0,0.0,0.08988354828561809,0.0,0.0,0.0,0.10894761921162852,0.0,0.0,0.0,0.0,0.0,0.0,0.0,0.0,0.0,0.27392911113341056,0.17533759027224982,0.0,0.0,0.624660849571228,0.0,0.0,0.0,0.0,0.0,0.3714364118346163,0.0,0.0,0.0,0.0,0.0,0.0,0.0,0.0,0.0,0.1478654146194458,0.0,0.0,0.0,0.0,0.0,0.06547568684680528,0.0,0.0,0.458121716704909,0.0,0.0,0.0,0.0,0.02604840660565269,0.0,0.0,0.0
0.4483526766052318,0.0,0.13954831659793854,0.005428366765825277,0.17094935240515513,0.654688919296628,0.0,0.0,0.3428316153428333,0.0,0.09205387422649891,0.2897576409795436,0.1468793175050387,0.04950399085449134,0.0,0.20170517144804978,0.17002602795004626,0.056495252191705946,0.08887132697742303,0.0,0.0,0.07505950985147658,0.36930151552814117,0.4301467553394166,0.6122565348323024,0.0,0.25233184784894386,0.6989228208030137,0.3803793451558697,0.0,0.0,0.0,0.3839649345777543,0.0,0.12270901259365208,0.16612522879826952,0.0,0.0,0.0,0.14249798036053907,0.0,0.0,0.7214309768582058,0.0,0.0,0.0,0.0,0.8148884784577799,0.7081741992055294,0.0,0.48952078823770306,0.3413197188959086,0.0,0.0,0.2424735271282472,0.0,0.40867182077812214,0.8647966980934143,0.45032998919487,0.18475840400756832
0.3326892222055543,0.0,0.7062848210334778,0.001746560959253275,0.10215340297292314,0.6885501918312125,0.0,0.0,0.026223398621285577,0.0,0.0,0.3254357530756424,0.09272924131457301,0.21003385188505042,0.0,0.0,0.44027781757140994,0.01817718037815752,0.3235254950154424,0.0,0.0,0.17154167592525482,0.23315092916381341,0.20319569656440192,0.38727421541236495,0.0,0.17174869865561132,0.03662139618488203,0.07964793053974573,0.0,0.0,0.0,0.3161429034913228,0.0,0.006429573097190867,0.4123522778013715,0.0,0.0,0.0,0.4591038961502978,0.0,0.0,0.02248171308632607,0.0,0.0,0.0,0.0,0.0,0.01910243942228713,0.21259941160678864,0.31544180965066365,0.1336563656348525,0.0,0.0,0.0,0.4272228479385376,0.1953302620546848,0.0,0.0,0.1235160312621883
0.5047287814138961,0.0,0.0,0.0,0.03454637674726646,0.3969077865837617,0.0,0.0,0.052281624790265165,0.0,0.5161638259887695,0.49559931806701196,0.07852596012084627,0.14460499500196983,0.0,0.63176429271698,0.16870738856381595,0.0,0.37949170924420894,0.0,0.0,0.0,0.19743934390174483,0.32015751862550285,0.0,0.0,0.36333995243128087,0.0,0.1318482424562113,0.0,0.0,0.0,0.26771948826617525,0.0,0.0,0.18910068273027036,0.0,0.0,0.0,0.1754189656225902,0.0,0.0,0.0194957950376329,0.0,0.0,0.0,0.0,0.0,0.4952377680021126,0.351934552192688,0.28809073088379833,0.26647087434654115,0.0,0.0,0.0,0.0,0.508991881107502,0.0,0.0,0.1877164148826078
0.43573418259620667,0.0,0.0,0.0,0.0,0.444125452361277,0.0,0.0,0.0,0.0,0.0,0.0,0.29331432175297323,0.0,0.0,0.0,0.0,0.0,0.0,0.0,0.0,0.0,0.7374858856201172,0.47846546882965413,0.0,0.0,0.0,0.0,0.0,0.0,0.0,0.0,0.0,0.0,0.0,0.0,0.0,0.0,0.0,0.0,0.0,0.0,0.0,0.0,0.0,0.0,0.0,0.0,0.0,0.0,0.0,0.0,0.0,0.0,0.0,0.0,0.0,0.0,0.0,0.0
0.38848350361521367,0.0,0.04654244409474725,0.015906084324017137,0.0667407189568947,0.16174893098830795,0.0,0.0,0.0400246159923765,0.0,0.2430217349000801,0.13700864135533808,0.19440150830264086,0.0884205363365293,0.0,0.27512958029602386,0.10181883693809544,0.1655411809911616,0.22463803051979211,0.0,0.0,0.015378719901763444,0.24079230171671967,0.13549229596196838,0.02552042459838271,0.004169027346773477,0.11373657078325491,0.00328311001569208,0.08198226159814409,0.0,0.06589755677694388,0.4615953266620636,0.3261527026707399,0.0,0.39006529366414977,0.10884403256443356,0.0,0.015253097884237565,0.0,0.1009654008887835,0.08047310821167386,0.0,0.092867921157397,0.03924566872492816,0.0008008483620348832,0.3015792965888977,0.0,0.0,0.20769831469011046,0.21417300636986525,0.2508521658610057,0.19309341172920647,0.031986917203469904,0.0,0.012545731959426792,0.08210438256644406,0.2080367755177398,0.0,0.0,0.08876598724553351
0.0,0.0,0.0,0.0,0.0,0.0,0.0,0.0,0.0,0.0,0.0,0.0,0.0,0.0,0.0,0.0,0.0,0.0,0.0,0.0,0.0,0.0,0.0,0.0,0.0,0.0,0.0,0.0,0.0,0.0,0.0,0.0,0.0,0.0,0.0,0.0,0.0,0.0,0.0,0.0,0.0,0.0,0.0,0.0,0.0,0.0,0.0,0.0,0.0,0.0,0.0,0.0,0.0,0.0,0.0,0.0,0.0,0.0,0.0,0.0
0.06227140054266753,0.0,0.0,0.0,0.1335747228989792,0.33637118650696307,0.0,0.0,0.03473606512562642,0.0,0.0,0.7881482854201001,0.04191797280156571,0.2356295888740867,0.0,0.0,0.8376529536187078,0.0,0.2602893530342705,0.0,0.0,0.0,0.10539517167183571,0.06568940814074045,0.0,0.0,0.24140413196846566,0.0,0.0,0.0,0.0,0.0,0.1429114424111505,0.0,0.0,0.0,0.0,0.0,0.0,0.6782633066177368,0.0,0.0,0.0,0.0,0.0,0.0,0.0,0.0,0.025303492861993102,0.0,0.0,0.17704403186619333,0.0,0.0,0.0,0.0,0.39088337322270295,0.0,0.0,0.29954007267951965
0.2953780557474866,0.0,0.12873209642946737,0.004953304975574364,0.1804212543008131,0.404557763610914,0.0,0.0,0.048291688839092316,0.8263416886329651,0.3819853527835632,0.5613374194320009,0.07535307176147385,0.34461644031923155,0.0,0.3572226834167542,0.2874297805831514,0.05155108817245911,0.3464894937141058,0.0,0.0,0.09804365858180865,0.18946168918750889,0.26353048556140585,0.07058713447948753,0.0,0.3321295234431645,0.020930748431676718,0.09215167144151351,0.0,0.18226654827594757,0.5888172388076782,0.25690212230732995,0.0,0.7774672908006113,0.10966735300228124,0.0,0.24998179035334722,0.0,0.8236630672124161,0.0,0.0,0.04398447324125032,0.07358932138600802,0.0,0.0,0.0,0.0,0.29366926711518127,0.24597489218218205,0.22039154675179326,0.24613482462044894,0.0,0.0,0.2056109886865439,0.07786843383837727,0.37151053255722294,0.0,0.0,0.08468476729295624
0.12710238291906484,0.0,0.0,0.018541211868377514,0.10306871681718213,0.42188976720138344,0.0,0.0,0.04487733471622182,0.0,0.31225952051192607,0.5833472434411652,0.05930419994002991,0.06839937074423225,0.0,0.6842119427387772,0.3298274220047706,0.19296604036381626,0.22473543164445758,0.0,0.0,0.2671288549900055,0.14910969963000834,0.40339529628405146,0.0,0.0,0.3056070586105502,0.05702772564298275,0.0,0.0,0.0,0.0,0.20218651304035332,0.0,0.010012287044901614,0.29028345324144667,0.0,0.0,0.0,0.1968886148519588,0.0,0.0,0.11363767238846666,0.29437872767448425,0.0,0.0,0.0,0.0,0.5277959423279496,0.0,0.3120073751166279,0.22873242115460587,0.0,0.0,0.8225038647651672,0.0,0.5969663950562598,0.0,0.0,0.13978529654596658
0.19147529597298746,0.0,0.0,0.014509522621845988,0.1650553526622888,0.46530223092953354,0.0,0.0,0.16341121286440868,0.0,0.2863671653847817,0.5661693819593936,0.13535918361647528,0.06272773967633265,0.0,0.6274775361317921,0.22299438990144574,0.15100658725992133,0.18140194918838548,0.0,0.0,0.0,0.3403362195531812,0.4981885848177864,0.0,0.0,0.545015650250336,0.48005411028862,0.7254959344863892,0.0,0.0,0.0,0.35032722690601836,0.0,0.08428250460810638,0.26621333923326773,0.0,0.0,0.0,0.18056273973410547,0.0,0.0,0.17801554172197692,0.0,0.25319212675094604,0.0,0.0,0.0,0.5730881811437183,0.0,0.286135927720681,0.4086811738336522,0.0,0.0,0.7543023824691772,0.0,0.5916219498344372,0.26090773940086365,0.0,0.1281943912189243
0.09221640664963401,0.0,0.0,0.0,0.19693638384342194,0.19249313448726801,0.0,0.0,0.051213245338072456,0.0,0.0,0.6477706608118612,0.062075443817083825,0.34740135073661804,0.0,0.0,0.21855133771896362,0.0,0.06791187932172882,0.0,0.0,0.0,0.15607749183573522,0.09729560722961814,0.0,0.0,0.3559150695800781,0.0,0.0,0.0,0.0,0.0,0.21163454769645795,0.0,0.0,0.0,0.0,0.0,0.0,0.0,0.0,0.0,0.0,0.0,0.0,0.0,0.0,0.0,0.037306297738813,0.0,0.0,0.261025519350369,0.0,0.0,0.0,0.0,0.1410856034530825,0.0,0.0,0.0
0.286818493833527,0.0,0.5783602141018775,0.03334948798643839,0.20320095816308503,0.6586720549995492,0.0,0.0,0.4872797263024681,0.0,0.0591865424052623,0.6267990584468662,0.15521836505762995,0.24585804732811023,0.0,0.3229036042063335,0.6740715398079384,0.34708187849788114,0.24930009977834647,0.0,0.0,0.19110383882913726,0.3902685444573677,0.309531125955113,0.3171298482873883,0.051806466028470055,0.8137784701698723,0.04079760417674304,0.08690363791819791,0.0,0.8188767433166504,0.0,0.5248188743337407,0.0,0.007162784753491064,0.7337533072112287,0.0,0.18954279539093122,0.0,0.5016394744568271,0.0,0.0,0.8630525682850928,0.05579736694704743,0.009951751334475085,0.0,0.0,0.0,0.33331227280400444,0.17409271380760316,0.2393789971624398,0.6038507155695945,0.39748579263687134,0.0,0.15589968174743427,0.3498428543903742,0.3549087573586133,0.0,0.0,0.27536499123506475
0.14203458741464448,0.0,0.04622377256897225,0.015797176932941547,0.06645694719959377,0.17228894814203724,0.0,0.0,0.0369377903478596,0.0,0.0047303137535715115,0.18153541433754614,0.05076404725627667,0.08854009466731973,0.0,0.22938766235945382,0.1019674937561316,0.16440773684676602,0.07342333902702301,0.0,0.0,0.015273423322890514,0.12763702817070913,0.6093829050375416,0.025345688767392904,0.004140482427583382,0.0934099323279393,0.003260630885119178,0.08208194725135333,0.0,0.06544636270298841,0.0,0.17272129409706877,0.0,0.1784793937038768,0.10904682863210187,0.0,0.015148661426932691,0.0,0.10115354902848264,0.07992211677414929,0.0,0.7235715429887053,0.0389769575006707,0.0007953650322612137,0.29951441287994385,0.0,0.0,0.6459482805410454,0.2144709792986914,0.11196639677547587,0.17743503611125416,0.03176790593518932,0.0,0.012459832569671151,0.08154222195425101,0.20537241961522404,0.0,0.0,0.0793428720302294
0.0,0.0,0.0,0.0,0.0,0.0,0.0,0.0,0.0,0.0,0.0,0.0,0.0,0.0,0.0,0.0,0.0,0.0,0.0,0.0,0.0,0.0,0.0,0.0,0.0,0.0,0.0,0.0,0.0,0.0,0.0,0.0,0.0,0.0,0.0,0.0,0.0,0.0,0.0,0.0,0.0,0.0,0.0,0.0,0.0,0.0,0.0,0.0,0.0,0.0,0.0,0.0,0.0,0.0,0.0,0.0,0.0,0.0,0.0,0.0
0.23388988822718026,0.0,0.0,0.0,0.0,0.23839408648801577,0.0,0.0,0.0,0.0,0.0,0.0,0.15744290136128358,0.0,0.0,0.0,0.0,0.0,0.0,0.0,0.0,0.0,0.3958617392123642,0.25682684419743623,0.0,0.0,0.0,0.0,0.0,0.0,0.0,0.0,0.5367719531059265,0.0,0.0,0.0,0.0,0.0,0.0,0.0,0.0,0.0,0.0,0.0,0.0,0.0,0.0,0.0,0.0,0.0,0.0,0.0,0.0,0.0,0.0,0.0,0.0,0.0,0.0,0.0
0.16188834016040618,0.0,0.0,0.0,0.0,0.5304551877964611,0.0,0.0,0.08990620631649948,0.0,0.0,0.0,0.23774366309529682,0.0,0.0,0.0,0.0,0.0,0.0,0.0,0.0,0.0,0.5977635012178824,0.3854339914143571,0.0,0.0,0.0,0.0,0.0,0.0,0.0,0.0,0.37153004429406344,0.0,0.0,0.0,0.0,0.0,0.0,0.0,0.0,0.0,0.4355868697166443,0.0,0.0,0.0,0.0,0.0,0.0654921920934589,0.0,0.0,0.4582372009754181,0.0,0.0,0.0,0.0,0.026054972941901528,0.0,0.0,0.0
0.47421620231536943,0.0,0.1543290425476132,0.05274262691082456,0.2218823012908968,0.5752275708050714,0.0,0.0,0.12332558554591361,0.0,0.015793275883079428,0.6060990941705103,0.16948782787499697,0.29561213370659983,0.0,0.7658651887693988,0.3404426944789592,0.5489142751626666,0.2451412548766183,0.0,0.0,0.05099395109581138,0.42614653145880727,0.42659502045583364,0.08462260137562183,0.013823983920409988,0.31187124328932175,0.01088639058724081,0.2740500747930775,0.0,0.2185082249421555,0.0,0.5766710604551165,0.0,0.11898063643134833,0.3640787352554274,0.0,0.05057740387606929,0.0,0.3377251466994632,0.2668389678001404,0.0,0.3082649789861041,0.13013382937366044,0.002655515053895001,0.0,0.0,0.0,0.5759018828322037,0.7160622997620454,0.3738264068793112,0.5924090076505819,0.10606469862244339,0.0,0.041600110157855745,0.2722480737076785,0.6856845974138303,0.0,0.0,0.2649050216559457
0.25433027958396864,0.0,0.0,0.029312470573759297,0.19855358045248206,0.386801031918689,0.0,0.0,0.0,0.0,0.0,0.08780941825034067,0.21880969308723916,0.0,0.0,0.0,0.0,0.3050669729709625,0.0,0.0,0.0,0.0,0.16070890152592932,0.26106472391474966,0.11892049759626389,0.0,0.0,0.623062014579773,0.0,0.0,0.0,0.0,0.21791454542997357,0.0,0.1093902249548151,0.0,0.0,0.0,0.0,0.0,0.0,0.0,0.17965389488043826,0.40597230195999146,0.0,0.0,0.0,0.0,0.15548928081989288,0.0,0.09686288287068123,0.0,0.0,0.0,0.0,0.0,0.13607501130973437,0.0,0.0,0.0
0.1339457631111145,0.0,0.0,0.0,0.0,0.4189947082814309,0.0,0.0,0.0,0.0,0.0,0.0,0.0,0.0,0.0,0.0,0.0,0.0,0.0,0.0,0.0,0.0,0.0,0.0799742585850951,0.0,0.0,0.0,0.0,0.0,0.0,0.0,0.0,0.0,0.0,0.0,0.0,0.0,0.0,0.0,0.0,0.0,0.0,0.0,0.0,0.0,0.0,0.0,0.0,0.0,0.0,0.19657088816165924,0.0,0.0,0.0,0.0,0.0,0.4875558018684387,0.0,0.0,0.0
0.0,0.0,0.0,0.0,0.0,0.0,0.0,0.0,0.0,0.0,0.0,0.0,0.0,0.0,0.0,0.0,0.0,0.0,0.0,0.0,0.0,0.0,0.0,0.6059646606445312,0.0,0.0,0.0,0.0,0.0,0.0,0.0,0.0,0.0,0.0,0.0,0.0,0.0,0.0,0.0,0.0,0.0,0.0,0.0,0.0,0.0,0.0,0.0,0.0,0.0,0.0,0.0,0.0,0.0,0.0,0.0,0.0,0.0,0.0,0.0,0.0
0.05598864063354293,0.0,0.0,0.0,0.09816136702699185,0.2180432084324222,0.0,0.0,0.031176057656348413,0.0,0.0,0.4131988552773451,0.0376887350343984,0.41088604145579044,0.0,0.0,0.4793714840236739,0.0,0.14895822058594066,0.0,0.0,0.0,0.09476151716230848,0.05935366120927782,0.0,0.0,0.21666326077841566,0.0,0.37463852763175964,0.0,0.0,0.0,0.12849265187309716,0.0,0.0,0.5373177528381348,0.0,0.0,0.0,0.4984420101114324,0.0,0.0,0.05539608122068884,0.0,0.0,0.0,0.0,0.0,0.022710204783400068,0.0,0.0,0.1588992571614224,0.0,0.0,0.0,0.0,0.23057107383108033,0.0,0.0,0.16094819873713107
0.0,0.0,0.0,0.0,0.0,0.39986059069633484,0.0,0.0,0.0,0.0,0.0,0.0,0.0,0.0,0.0,0.0,0.0,0.0,0.0,0.0,0.0,0.0,0.0,0.40684691071510315,0.0,0.0,0.0,0.0,0.0,0.0,0.0,0.0,0.0,0.0,0.0,0.0,0.0,0.0,0.0,0.0,0.0,0.0,0.0,0.0,0.0,0.0,0.0,0.0,0.0,0.0,0.0,0.0,0.0,0.0,0.0,0.0,0.0,0.0,0.0,0.0
0.3532850231622522,0.0,0.0,0.0,0.0,0.39978549232268795,0.0,0.0,0.1962001472711563,0.0,0.0,0.0,0.2378136971878266,0.0,0.0,0.0,0.0,0.0,0.0,0.0,0.0,0.0,0.5979395892944694,0.38273145297146094,0.0,0.0,0.0,0.0,0.0,0.0,0.0,0.0,0.8107810616493225,0.0,0.0,0.0,0.0,0.0,0.0,0.0,0.0,0.0,0.0,0.0,0.0,0.0,0.0,0.0,0.14292203241912738,0.0,0.0,0.0,0.0,0.0,0.0,0.0,0.0568591395164777,0.0,0.0,0.0
0.7026422495979232,0.0,0.0,0.08030292007262095,0.25698130313721607,0.2252543412536521,0.0,0.0,0.02623185994947875,0.0,0.14890228406058523,0.3013101936872458,0.03895658784812319,0.10859747366557027,0.0,0.32626938287840984,0.14865287710703717,0.8357456150152751,0.12613657576915369,0.0,0.0,0.12738153373607553,0.09794930407151113,0.24665195873590934,0.0,0.13033539056777954,0.1798036284028272,0.027193914181060885,0.05454735828937629,0.0,0.0,0.0,0.12182371879070458,0.0,0.004774401777124094,0.13842290266052804,0.0,0.47685426473617554,0.0,0.09388717567015487,0.0,0.0,0.5111418141491078,0.14037575173918704,0.025036747272038085,0.0,0.0,0.0,0.2552015528071423,0.0,0.49652374071178923,0.13369949163812445,0.0,0.0,0.3922144756752566,0.0,0.29563702522531776,0.0,0.0,0.08043213629234602
0.40073566399662436,0.0,0.13248121570396343,0.012654895669931013,0.08449340727394242,0.46400681282189843,0.0,0.0,0.05517159746818131,0.0,0.36976928045218127,0.43141239636196727,0.7151603391746122,0.1412383613793756,0.0,0.4561456921758823,0.24632100304523918,0.13170471951774748,0.4554774678618921,0.0,0.0,0.20977981812833546,0.20519913326496456,0.3192512383313463,0.07264287344240801,0.0,0.377283322009099,0.044784626183888426,0.3317279998190179,0.0,0.18757477402687073,0.7410566210746765,0.2782414379258557,0.0,0.007862781261151044,0.19490686909753055,0.0,0.6648586392402649,0.0,0.2008003563321764,0.0,0.0,0.12661198791374695,0.1957202403029381,0.0,0.0,0.0,0.4781857430934906,0.37026296834209554,0.3006817166777318,0.1998677719625051,0.2812005915160298,0.0,0.0,0.546848800297628,0.08013622916118734,0.4963956957202523,0.0,0.0,0.09376697610944187
0.15870349774113024,0.0,0.0,0.019235684466950342,0.10308552246027108,0.503302628522057,0.0,0.0,0.05346398849021135,0.0,0.37964504957199097,0.6994043561361303,0.07218258339644774,0.08315993842018107,0.0,0.8318647146224976,0.29562996894094773,0.20019370317459106,0.24048969405952797,0.0,0.0,0.0,0.18149006882558616,0.42607932373990093,0.0,0.0,0.37155698800005516,0.0,0.0,0.0,0.0,0.0,0.2460929386777073,0.0,0.0,0.3529265522956848,0.0,0.0,0.0,0.2393771303532688,0.0,0.0,0.11789404193969233,0.0,0.0,0.0,0.0,0.0,0.6408944397436209,0.0,0.37933849126132557,0.27249718837530745,0.0,0.0,0.0,0.0,0.7102339968528247,0.0,0.0,0.16995092975748705
0.3359101093336765,0.0,0.0,0.0,0.0,0.34237898980442266,0.0,0.0,0.0,0.0,0.0,0.0,0.22611777965668406,0.0,0.0,0.0,0.0,0.0,0.7195340394973755,0.0,0.0,0.0,0.5685323170990841,0.368851915609058,0.0,0.0,0.0,0.0,0.0,0.0,0.0,0.0,0.7709060311317444,0.0,0.0,0.0,0.0,0.0,0.0,0.0,0.0,0.0,0.0,0.0,0.0,0.0,0.0,0.0,0.0,0.0,0.0,0.0,0.0,0.0,0.0,0.0,0.0,0.0,0.0,0.0
0.0,0.0,0.0,0.0,0.0,0.6981636881828308,0.0,0.0,0.0,0.0,0.0,0.0,0.0,0.0,0.0,0.0,0.0,0.0,0.0,0.0,0.0,0.0,0.0,0.0,0.0,0.0,0.0,0.0,0.0,0.0,0.0,0.0,0.0,0.0,0.0,0.0,0.0,0.0,0.0,0.0,0.0,0.0,0.0,0.0,0.0,0.0,0.0,0.0,0.0,0.0,0.0,0.0,0.0,0.0,0.0,0.0,0.0,0.0,0.0,0.0
0.1442904788622695,0.0,0.0,0.0,0.0,0.6708937120958856,0.0,0.0,0.3991266972086902,0.0,0.0,0.0,0.09712908840598898,0.0,0.0,0.0,0.0,0.0,0.0,0.0,0.0,0.0,0.24421355000487405,0.14563194603138813,0.0,0.0,0.0,0.0,0.0,0.0,0.0,0.0,0.3311433544243716,0.0,0.0,0.0,0.0,0.0,0.0,0.0,0.0,0.0,0.7307104468345642,0.0,0.0,0.0,0.0,0.0,0.29074391406527644,0.0,0.0,0.40842512249946594,0.0,0.0,0.0,0.0,0.3504252936953704,0.0,0.0,0.0
0.34562259817900903,0.0,0.0,0.012054197801773036,0.06691109112539988,0.5074936491905043,0.0,0.0,0.06836138518078654,0.0,0.2044142660609367,0.3816282856323596,0.30577059379065985,0.0447762397981974,0.0,0.4479052612255998,0.21325625802342668,0.12545300900948642,0.14629233866854247,0.0,0.0,0.16667668521404266,0.7688049318921744,0.5280582707315736,0.0,0.0,0.4935778577811877,0.03558279870523107,0.8446680307388306,0.0,0.0,0.0,0.7831186841483605,0.0,0.006247227826129609,0.19002808608270527,0.0,0.0,0.0,0.1288890780166956,0.0,0.0,0.19877644687477325,0.0,0.0,0.0,0.0,0.6209867596626282,0.37390818398612025,0.0,0.204458459295801,0.3484267781221816,0.0,0.0,0.5384352207183838,0.0,0.39608648661835244,0.0,0.0,0.3566950682826157
0.17216702827810604,0.0,0.0,0.0,0.0,0.17548258174312045,0.0,0.0,0.0,0.0,0.0,0.0,0.1158941784799448,0.0,0.0,0.0,0.0,0.0,0.0,0.0,0.0,0.0,0.2913949797735427,0.18905098840599763,0.0,0.0,0.0,0.0,0.0,0.0,0.0,0.0,0.39511939883232117,0.0,0.0,0.0,0.0,0.0,0.0,0.0,0.0,0.0,0.0,0.0,0.0,0.0,0.0,0.0,0.0,0.0,0.0,0.0,0.0,0.0,0.0,0.0,0.0,0.0,0.0,0.0
