-0.9485638642465501,0.7232379981376715,0.12653871919976256,0.47392888550089296,1.1531532114689702,0.3304456740853323,0.10791237752432332,1.043934150899621,0.20908673272677689,0.47542792156112773,-0.9110686142379475,0.004062942346927577,0.671862067135614,-0.07689815744473244,-1.0865745676279608,-0.441881059119584,0.7900439826194884,-0.8290702219757057,-0.0549006525070925,0.7196364294859446
0.0897917430098292,0.8517382397848404,-0.3153470746989238,-0.03402789897282634,-0.3209912480809422,0.014296620370635624,0.033415352725778995,-0.012424288111465167,-0.010435126676789091,0.007548022607740426,-0.7033817141832134,-0.01270278153211392,0.0038330133223487654,0.7375759004743315,-1.0090812408751948,-0.00804978681795136,0.9992314415874938,0.17426886363098548,0.38048648376373106,1.0706741804580282
0.0013189621622036254,0.10197866542217782,-0.5704959415491202,0.00389806565210412,0.11853521360715864,-0.006524528772384268,0.350071124007827,-0.024444531509297058,-0.00405595402434218,-0.006801136283746436,-0.942132648034547,0.00588625797395355,-0.009037524764498935,0.06477948013811313,-0.17911359710535785,0.007687146998737857,0.1157102767676761,-0.04885242450622254,0.868001705684297,0.250722716583029
0.0011894530413289021,0.01704692446201892,-0.01781060278361129,0.002780867768235807,-0.012715044755735861,0.01573894304897708,0.8376885196171517,0.12149859925667972,-0.002199365670772593,-0.009823922657019486,-0.005432000198657749,0.03152358346395794,0.009217730920616273,-0.007148364603815388,-0.0360910184475284,0.007321020928420073,0.028466368215528944,0.023855679642013402,0.021157188931856148,0.008495047868653995
-0.025368365096911503,-0.08754211502958266,-0.2944480822128075,-0.05659899081742812,-0.05108952460974428,0.15856002591841922,-0.18054711939658724,-0.05593957616035739,-0.16872976910763127,0.03174546067662543,0.6096414871020192,0.7707138579009085,-0.012918995000745538,0.17281530604334497,0.18588947735868794,-0.014919045224957671,0.057388670659335464,0.1602903357865586,0.014677602001682683,-0.15203869311389526
-0.03896290800111802,-0.00015184947933606467,-0.029056968735611685,0.015288278508438622,-0.18208574746150857,0.029799399948833946,-0.030744953094618672,-0.137747115421186,0.018797427011704684,0.01434841958581204,0.2658617765182642,0.010664228527788519,0.025169330538096633,0.36165422764827576,0.0315698160468229,-0.0127305941958743,0.026827485698693164,0.053294367930837916,-0.035354330843199694,-0.001518512941221347
-0.033616688699136095,0.03038135806468857,0.02291965451658479,0.0073200254598790315,0.012074870862864191,0.01985878913547033,0.15780770281545556,0.0434998003632242,-0.009377832217730343,0.019296677058866427,-0.004088448219893943,-0.004318355154752763,0.015949014644477545,0.01706960454990869,-0.01730574577791617,0.0007621455883980756,0.014612185084721972,-0.03647948129897689,-0.020683463612817244,0.7943201584183412
0.5514094340359459,-0.3721987112605262,-0.12144520498480876,-0.22709948634247082,0.12836661414965483,-0.007389684884742726,0.024596835608685537,0.17744795233280863,-0.017781997357465183,-0.004767334797949737,-0.34460889441230236,-0.012722998408816312,-0.0025354989109540654,-0.3450394385836341,0.4622088345022876,-0.0002762006359727639,-0.44655157273208357,-0.029087582335954605,0.06978875881762332,0.34718160512946467
0.4982218017518616,-0.2660845582511468,-0.3288580273680612,-0.2023669520265652,-0.9386010090230725,0.026387698116351232,-0.36825001448298345,-1.042872931458454,0.009848622220189717,-0.6033949332711925,0.13719854308948393,-0.0017586750269808955,-0.013513603431707107,0.5644912421602276,0.46149128714477017,0.7339735275777136,-0.27023849663705135,1.267300919089012,0.7222257442757063,-0.11034006541082755
-0.12469392731078173,0.5502920467977395,0.275026210303421,0.04535733905834778,-0.21806017179075524,0.4731476467570944,-0.6304588884539308,0.4306013160534285,0.0057792851142929955,0.1729419044213218,0.1943437843098974,0.025887670944356175,0.0005653198255358255,0.1501241624554189,0.05308554746140747,-0.007309510287726452,0.0877191186273611,0.4573523559196489,0.028796441296089006,0.12108543612017976
-1.3531341475752547,0.8090420091489205,0.2584439766812487,0.524244803233189,1.698350588575213,0.4751635026792169,0.4432301882823891,1.314134920999791,0.0075531231509373626,0.7198837943901306,-1.0723442271346069,0.02928536675442154,0.9029740384157455,-0.4170495783104811,-1.1502631204705138,-0.6942810066952763,1.0667546091504463,-1.734958604815343,-0.18005285835344292,1.4708871064773354
0.010990864601797915,-0.03951969877676189,0.023420964894835642,0.010497184298628734,-0.02539195219397089,0.016278666133950518,-0.018870888787300002,-0.035892147469623034,-0.021969251711755483,-0.0117739660368517,0.04138796646331367,0.022853034253978253,0.0029467244467974484,-0.0011876028445695934,0.05522299945874771,0.011783282504492704,-0.02302615127331346,0.006477062574265276,0.002262359737045142,-0.023657261224829012
-0.01803214017141961,0.07872998560821591,0.4409457256241153,0.023087581441577926,-0.14633700871718153,-0.011864143497355772,0.09818655711462047,0.052028876689138547,0.02462047929496502,0.006493820030805808,1.2101931835782593,-0.0012935993350008433,-0.010201432087838757,0.10811870865129837,-0.07900697204492284,-0.005221402279317985,0.08303774637836418,0.04517967347824859,0.2674872987074558,-0.3334420866469552
-0.061440652567290845,0.045292344267570776,1.1288520677252945,0.02381718856284301,0.4672051654174425,0.32808514096951613,-0.2923240778154339,0.6194973496651907,-0.03161941011637053,0.0776926280804974,0.6459235224036786,0.015073507044787956,-0.024845456009154672,-0.0993203173253983,0.07283166374522262,0.017602172131970694,0.052343244203856984,0.029589560312348225,0.03843908679722482,-0.3339519875158006
0.4475751833094774,-0.22322079679919388,-0.2925400223331182,-0.18967263346370944,-0.8492560867162029,-0.007926539259128892,-0.3386161474746429,-0.9535153193354167,-0.006413280883134147,-0.571101802940892,0.13258093202415,0.005525543904553445,-0.008853144405237174,0.4953180194778894,0.4036238946975317,0.6635594821828861,-0.266534342249084,1.104135591883311,0.6263179641834549,-0.16405262089264538
-0.005421530192784589,0.008638511230413677,-0.016577294232481343,0.007155866910288562,0.014130658029397041,-0.006486580418514563,0.02795733634922919,0.0009327782444260913,0.023670653063942337,0.015357549442032431,-0.00856364779458019,-0.0014548111052321126,0.002815950112989849,0.002456484835038429,-0.027787315508324317,-0.017044429242602417,0.0009212202188765102,-0.04116702345757099,-0.01854238394545619,-0.01658878025231323
-1.106837548574363,2.2318860144881847,0.22632076685226818,0.4442974729966706,0.6037745072519346,0.3869456344637453,-0.11004856867331808,1.5545925250146748,0.0005168054076553647,0.6128362636231618,-0.7005502799340035,0.007690062388362121,0.7492238221812505,1.0192176431087119,-1.7389473751577842,-0.5895304673623006,1.5440259126333384,-0.508013394574139,-0.14080220332984253,1.4540453892708476
-0.11554592103972391,0.10401742741819649,0.0017118984111849948,0.06588272580679487,0.015313335298360506,0.007621737574808727,0.0008613525701603336,-0.021543033227189843,0.024523521324791527,0.16122333038191825,0.03509519330162234,0.0017904398719550034,-0.00010580706600035912,0.02632398312109706,-0.1280833518817293,-0.022976279458113393,0.08286122512232832,-0.06533566386695512,-0.04823875867913345,0.10259731769753343
-0.23147170288705965,0.15186342405418435,0.5100427842348996,0.11229246309164032,0.12083948425015059,0.9059654031906487,-1.0019774511026251,0.3888915751871208,-0.01792884323839858,0.2890506116204082,0.04196617830758154,0.004071078276688098,-0.002384974016346179,-0.5409180717282527,0.39614227530138696,0.00044426671214860313,0.18260035073150607,0.5764373091345585,0.06003953237472335,0.14262206168255037
0.03412627286515947,-0.025941257812412594,-0.013219991268111589,-0.023431654229879674,0.013707043778523578,-0.014421849564115866,0.00627006463797864,0.01691389418304676,0.009540624311552039,-0.02083447213131242,-0.06767973970807294,-0.017416724500627936,-0.014822264985611944,-0.026976921564876986,0.0101125272492921,0.00011023031153933188,-0.007757320235400342,-0.016435944961194788,0.014212463075501454,-0.0032880082834683437
-0.9935145997572195,0.5921660587450016,0.2199495693653854,0.4351117299946102,1.3522994705843794,0.36425920234291526,-0.004064728202916883,1.011483292225534,-0.006671167224340246,0.5351466897650784,-0.8482059603452522,-0.007047972063475972,0.6969816446445551,-0.35728145951060286,-0.8402495339861666,-0.5085888578608448,0.7848845152174915,-0.6504212164455336,-0.12735990690360108,0.6839307420507049
-0.012346050103632062,0.1400043078094002,-0.027490025000935624,0.08897177862158576,-0.08438916693816112,-0.012266926009411008,-0.041514089864794185,0.057160701291280154,0.16897189156464212,-0.014856705322819234,-0.04358135297154433,0.00305401312947354,-0.0008071738288056782,0.20383454995864517,-0.2220743398384403,0.015452019996746343,0.01948731092796378,0.07702926220302657,0.038569948100514964,0.14857725857876505
0.04423406033305855,0.16323342806612046,-0.06627102616612347,0.09793606927692768,-0.44799822427562785,-0.005272254685676256,0.09513263323366702,-0.0955794556735385,0.2688689539132888,-0.04927747891393682,0.29234888475632576,0.02081164757292543,-0.0051992712041300905,0.7652260887444353,0.5130452981809145,0.040443161561604914,-0.03663307463488717,0.6364081737843688,0.044217701259069375,0.013350094628536842
0.014530445594710395,0.27238827281703054,0.9918131889910197,0.006279992609122921,-0.5555849289606005,-0.02593235923969231,-0.09923349240785995,-0.04114428530359497,0.0023071092835055687,-0.011525139153107712,0.9612759330274331,-0.031553372460035825,-0.028063740727063417,0.35001874210596207,-0.20288601772548243,0.004175729797434807,0.27200548892465903,0.2832722351511578,-0.011333456083654672,-0.1156390077589964
-0.07988089664936633,0.1910700569038624,-0.34332893842869167,0.62367025009005,0.4467711494722621,0.4028576135730116,-0.0727350268947427,-0.03882714782659026,-0.008360648057143226,0.09883703338919268,-1.042714800541044,0.003825618516091535,-0.02472690230907546,-0.15397096899760107,-0.5671284999370163,0.026500143121612835,0.19265964808397196,0.10853676554065456,0.8398571578429929,0.23617249833184548
0.0077151540540160955,0.10794143672045735,-0.009446825608621198,0.08881680031346693,-0.020936220182051518,-0.011613615806716663,-0.018535232536346775,0.3991241605270408,0.18611927233533945,-0.019257204343414526,-0.1277981134931768,-0.006231974389334635,0.03338249682125942,0.10870580062866973,-0.18912913137788406,-0.002878917536782504,0.021658866518565332,0.008126608379283817,0.029298742393100534,0.08376156529607048
0.006284337402489376,-0.039923451056264145,0.02957968910668498,0.0035405562507774026,0.054379825545373,-0.011591539173988603,0.023673121828475172,0.04337727408534944,0.013168199674895536,0.006341965823590381,0.01897291914911857,0.005898968244759793,0.008899070876185248,-0.02229922482098945,0.041840733251382295,-0.005242339707601417,-0.019528972335542065,-0.003987911477360552,-0.001993425825008171,-0.05338106707391168
-0.016297203718909543,0.4798894894169091,-0.7067091600891177,0.5666879197071707,0.6318229087075364,-0.01637764190705308,0.5220663045626812,0.03248712181221553,-0.01941338789038596,-0.007630563203327778,-1.5406310643787302,-0.02871446245062167,0.03632353915718549,0.3425522011237947,-1.2102476012800047,-0.013588366576216081,0.5296944741418428,-0.3246498823407698,0.9574378067700399,0.2987699420759807
0.026668027798621437,0.23312751343805518,-0.021025025293380205,-0.006968266217708536,-0.14722128663334086,0.0029277696567369016,-0.07483577987395099,0.0767254016123711,0.0036912179093984534,-0.022423158440026566,0.727478089167569,0.002398420185817888,-0.014736392747618399,0.20024465345689568,-0.05177904528242305,0.028648389661156806,-0.03194489679194992,0.14190951517487596,0.037493276893195746,-0.19740583274337628
0.03619082374978396,0.0061642082922632666,0.0006710681370433024,-0.005577870663110629,-0.02123645395760249,-0.0007744229661065748,0.005605033643872347,0.037728523622762695,0.013813912992263998,0.011622537569255888,0.02880526263595754,0.01794399054628789,-0.008773891784837427,0.025701506835730102,0.10009491719688772,0.007615273837553885,-0.018846726997015804,0.010118008529892843,-0.03663998429529218,-0.03211334021926945
-1.1940250253039315,0.717685028718157,0.2097774300475545,0.4817354552750434,1.5003821579304206,0.41306135764882324,0.3900490900879303,1.1372918622291865,-0.006380482842509728,0.6490950520178882,-0.9453589917247474,-0.008774040142195828,0.811094673921397,-0.3687462490856083,-0.9818156650153368,-0.5990890090610114,0.9396585495912607,-1.5171494714186458,-0.16445036872047258,0.7921961398737893
0.1583328302487198,0.295716070063366,0.06006869708337044,0.665700743959332,-0.27179124891946255,-0.0043426252305255875,-0.09864118306947046,-0.17297203954697427,-0.03487404567139152,-0.21730637191425312,-0.05830180666065,-0.0022538825714146504,-0.015068749324848293,0.5780226751330589,-0.9864640564491763,0.25917428099618717,0.3758419684574771,0.42330185149869,0.23770466808436141,-0.028279309301181065
0.0355826601733973,-0.0350203336435191,-0.010502892443721552,-0.013557249669800991,-0.014928631443049548,-0.038333858996696724,-0.14360546620888365,-0.060811086255997654,0.007843926891596175,-0.015065880589973936,0.005264239143956451,-0.005046215007584457,-0.0077534927602706995,-0.0037904331172481064,0.018087424747039598,0.014612209660032944,-0.026688692478334903,0.3862408359124882,0.0032916381204039476,-0.02108252832318815
-0.4939372185136721,0.31784002278150264,-0.08557072557176534,0.19988645904792782,0.0854543108930285,0.02218351954266947,0.6449731088680848,-0.08840386155017375,-0.010681393878702398,0.6281994875605375,0.07596999126509558,-0.0012937734513569984,0.006659488755683998,0.013889141734894327,-0.3102660034412467,0.019472580065781297,0.3605042480997746,-0.20294027882022408,-0.22161304095590376,0.5274451646056342
-0.015025112554513232,0.010568158794402534,-0.01141089924793542,-0.023514856997549755,-0.0200723872591809,0.005574402427558406,-0.026160225899299398,0.011409604883445666,-0.024240250465802228,0.00476878237754462,0.0493921818882609,0.010500091074346414,-0.007434231331902871,0.0001889239820837352,0.057661182584489004,0.014150739424124705,0.0018422923141216078,0.028945760045109983,-0.003704206570529638,0.021393636438807446
0.059137373679609424,-0.02428562352617486,-0.0034148896393400886,-0.03147034589300675,0.031981191983666335,-0.00663806544190184,-0.0061249290103268066,0.4952406349824398,0.015571608285959751,-0.00513365058649414,-0.05761634019207337,-0.0010162478159750586,-0.013396752880674788,-0.022486589919537878,0.00880110704138785,0.0010559115472749357,-0.04474185171029492,-0.011587004598020942,0.025563529339322637,-0.057728568328933964
0.17235594078408992,-0.14015455956233316,0.1388800746369262,-0.07305338703778719,0.0512033513267655,0.019329540484417033,-0.2580699858238563,0.08130479889978084,-0.012911037907147774,0.018078769627122213,0.012150054615617193,0.004569243471976258,0.015176672514690707,-0.12089609794573397,0.18581990261421563,-0.017649801735698085,-0.13595170094163278,0.5028319457240185,0.057664903439980625,-0.16482135252545668
0.005373502420024135,-0.012241544729108027,0.07830081839349368,0.21570498576183156,0.0427977197316252,-0.005821576757168118,0.20414075076325486,-0.11032465012382123,-0.021533457639429605,-0.015024958400666324,0.015430708541128931,-0.001053096560627707,-0.019789865758191024,0.04768469531696883,0.3488476858423283,0.02329007024010664,-0.018469168053366215,-0.015217376218125668,0.00036891982997612656,-0.017078527959131628
-0.05586175184216981,-0.06482536406976105,-0.0950814366115987,0.5593918311739426,0.23724492222192717,0.11955012765334536,-0.10925701313446837,-0.1890230396563269,-0.12314343616838785,0.06958294533780318,0.7944316013263729,0.6263676868470286,-0.005619267087004231,0.1317724601207165,-0.4172461039555059,-0.046024881479479855,0.036985540521413694,-0.06748037250898907,-0.017929130484599418,-0.2752437955244079
-0.009157627029430201,-0.009935200021768764,0.7779646446837191,0.008876412391302933,-0.2822216226076625,0.010020812077245164,-0.05521660746187583,-0.007616239467080049,-0.008642424946728525,-0.011520866581658868,0.747901622589647,0.006067357954039664,0.0009520214020891305,0.031322870400133,0.07955248424749548,-0.004441677818185713,-0.005522885934849539,0.10982162424434976,0.007858347801091292,-0.12467786187658157
0.00031799315500368776,0.019766905054869943,0.018015120251281533,0.0024007981361730294,0.021675632527926623,0.017858110722566954,-0.03320871501922288,-0.007619885200635121,-0.008383948547899894,0.03557662716755983,-0.003706818643091052,-0.0024364581156025144,0.00788526774198616,-0.03040919378456309,0.018297933838991386,-0.012465726868115793,0.0034044805733878594,0.011006402619244945,-0.011435718786693999,0.0016350683792145408
0.01277902581771025,-0.04364295507760184,0.00543728264143393,-0.01695775843069168,-0.03154456462775472,0.010721674887234408,-0.0013637561608115128,-0.046856440203927506,-0.020276620272756656,0.003369316265548664,0.013906501130146272,-0.0047486243147530595,-0.005012514703610729,-0.013744242788133102,0.45071252929348027,0.002777402167376433,0.03212852520004792,0.019228050156430324,0.013930987910965802,-0.0019745762213245668
-0.008827603618321975,-0.03457328080549054,0.026054910583111053,0.012227444322796292,-0.008808217888724655,0.015599058283475919,-0.012907773593738346,-0.011502599942529012,-0.002708281832900266,0.014832609244352642,0.009181042822759583,0.002779132522168348,0.029607609341874407,-0.04017966554804088,0.0013909950861685767,-0.005819679890646695,0.017193030540152823,0.00570129469032563,-0.01121454716816865,0.02945853893992212
-0.1036529143032004,-0.09195091629539541,-0.2982056685305249,0.13777522310976442,0.03835083131641717,0.23874861007440829,-0.20340956384691156,-0.11332960942276238,-0.20687392083334602,0.09569982890137416,0.7679096407778301,0.9132705217501238,-0.0061252956870819115,0.20402506884645025,0.04194605968046651,-0.05279786074230555,0.06530102906637403,0.10144716573759571,0.0020212657079364304,0.018154805854754465
-0.47133357138864534,0.28392523341225034,0.046523900511612204,0.19355721486850172,0.5639534191095537,0.1658045187609144,0.1511956468923024,0.38850092344043413,-0.009797847227338376,0.1998814811263588,-0.4232550585491293,-0.00792807801918349,0.3906185622311797,-0.08504550870606263,-0.4036540348527704,-0.16014813001498093,0.4095328801820383,-0.5166712969557586,0.07302659306904866,1.2204294081452474
0.02174193212464185,-0.0308141187020558,0.012906745408079567,-0.012173113246159625,-0.007122803280643137,0.0023707280627799157,-0.0066935310266423576,0.00946491739971465,-0.003013309545143261,0.00043342414326915865,0.003241147929960265,0.016195144626359202,-0.005452101436172322,-0.0020538183152465856,-0.02242284769133955,-0.008102562596513764,-0.006137985836710648,0.018886289675210707,-0.021000862831027707,0.006458329170074777
0.01944101981032057,0.547883259823505,0.012382547748057223,-0.02034557462207108,-0.28569470594921487,-0.010414774022882961,-0.08293904044834124,0.026892648339256527,0.000840958700151398,-0.007889016371829967,-0.07505003091531545,-0.030156585035605067,-0.021136433505120126,0.5137240390294431,-0.6299576031383385,0.013021027621612717,0.6324761134879439,0.14372764692426018,0.020465377380416556,0.10524659453659062
-0.24547940457814363,0.19976681485774714,0.5050897496422744,0.13938571954667767,0.42739234126184356,0.8195240972515794,0.03748558225149188,0.5785220641675219,-0.003342507354533471,0.25516767452677325,-0.12254888658014143,0.016891298053945316,0.016743185124436608,-0.44313995783130344,0.20749536820591136,-0.009830211651479851,0.21167834286110493,0.35186213455760335,0.05243955320111564,0.09568326832423499
0.003925304625124427,-0.004262200794011777,0.03396957581039547,0.025183404592116886,0.0014842942235521444,0.0018052182165424393,-0.013384534547119962,0.012081043178440389,-0.002249626894129674,0.026099526312320032,0.012718766753420502,0.020710702951038017,0.009796828098356882,-0.025228488940775468,-0.012848160801808886,-0.010662417211431085,0.01815023496041008,-0.008480462024112295,0.005066314878612572,0.005282252613005647
0.017813513318529855,0.014561898632829282,0.06261387791089222,0.2687537954382407,0.09781147193626633,0.0006105253239073009,0.005802450178271288,-0.054200721522225395,-0.01968849906396545,0.013022438546789583,-0.03537186776493614,-0.009158514813730336,-0.024103582754916017,-0.02617467494397998,-0.2376517295214762,0.00429593199307326,0.0004961113864877919,-0.055205934033092284,-0.003869272673210718,-0.030697910981969632
-0.004763583640545606,0.009023114370067472,0.02678433741417476,0.0033972762338879726,0.008231462074342118,0.0068542060211398085,-0.015543690605161925,-0.0012412326995838961,-0.01357586490229579,-0.0032876573345362,-0.0119303688209506,-0.01723600139942998,0.004710974720108834,-0.02593447723562673,-0.02843011611203091,7.70702209051781e-06,0.0039388598660087,-0.007589845404501331,-0.0020549714793980075,-0.01787510659375252
0.06961620174853193,0.31617351094785523,-0.08911090484976529,0.19494852692534456,-0.8426953132052578,0.013984071345122412,-0.29362160291184974,-0.1812136069489287,0.4839847813888843,-0.0677974902398647,0.6045408404122308,-0.016479060075105127,-0.030907307124258564,1.4129078650729485,-0.32192065222457,0.08361773975026625,-0.05601527912566784,0.4913993765254821,0.07586562010962387,0.0300422269501011
-0.022676536609778666,0.029727293493664698,0.18266905100087844,0.7767538755560797,0.30068985041591567,-0.004465259231204154,-0.03850036850142346,-0.1673856522859491,0.009641065926493188,-0.01756896121921361,-0.06777339114300092,-0.01826341561754099,-0.007956189747659138,0.014659255479753493,-0.7478723138826697,-0.010794731569965792,0.049113538779347696,0.09199651943483605,0.009519461483502722,-0.09584503889839843
0.02258240677702886,0.5176662860845911,-0.0035408266977113648,0.0021302066481309377,-0.33955325785135354,0.0118733477808842,-0.10533156010541432,-0.08273980002834923,0.009322668926750818,-0.02071439129351537,-0.011487010098141369,0.014903259289781038,-0.028278949727168823,0.5113164724834371,-0.6048929587345245,0.009815284131611179,0.6107829834509865,0.1991402187600023,0.012801976590233443,0.095003142341742
-0.010969774806676946,0.10265018191803611,-0.5284624516627829,-0.01642270883489219,0.10557915969118924,-0.010074772082400877,0.2895655405773456,-0.03785605126445824,0.011531581716214798,-0.002437441643283616,-0.7431785537361769,0.0004931964631488173,0.01978555752791405,0.09268618400906689,-0.14929124702642418,-0.01962679709922372,0.13101062024385246,-0.09468020278814959,0.6075557336836165,0.21342131972386974
0.585486474964396,-0.2934239097317099,-0.3619109198260749,-0.20578937812352802,-1.0545478776398085,-0.01089972872660212,-0.43205972073625065,-1.1982029348492416,0.00120379606570945,-0.7109044261555625,0.14247521137741198,0.0002869124527456711,0.007652837362915303,0.6414024362185471,0.4660410776743591,0.8288638919321113,-0.355677193810931,1.421322599283515,0.808999846676565,-0.1885928902993948
-0.17927768746909636,0.1197392839385218,0.9950475305542755,0.03684349193619869,-0.14949636193414184,0.6463577789444567,-0.7363585165647905,0.3210977870289369,-0.0012270440660008663,0.2278015711693094,0.6332877647710924,0.009274453623448885,0.019834228470135,-0.32991407643180254,0.34942817009747773,-0.02227557141349303,0.14128409381854862,0.5188836105617212,0.050787665683824215,-0.007267728997689991
0.06041175652879343,0.3085813919951575,-0.027630405588772253,-0.005703284860238326,-0.19511235245770858,-0.031884073942961805,-0.056475305416089396,-0.08062061751158908,0.026897499490197724,-0.032280966824896985,-0.04861114180778961,-0.005465921640617682,-0.01793984359645273,0.33836554757590176,-0.3836727729288109,0.03593534540637721,0.32494990499215304,0.138991515253576,0.02353065722997396,0.05283616324557609
-0.5013410949481707,0.3022014539851424,-0.04666669286533764,0.23510317634633546,0.13168747148583804,0.012892095457003313,0.06541288401530881,-0.09377276767152111,0.01075183114082411,0.5831129363409369,0.07316810727827568,-0.014405436352667016,0.008398691816206425,0.029330494148435665,-0.35466526604585924,-0.03536039749146722,0.3711366897009095,-0.25954133976238436,-0.24742470450565499,0.3636156526800551
-0.02056765536703369,0.6892873841435175,0.04386585621604884,-0.0012444345432482502,-0.4235682355319192,0.0001658488443098769,-0.08428872119247917,-0.06162553139894938,0.0018487011360920846,0.02064487563836462,0.012137514137364693,0.011405141520797999,0.015521239088356113,0.719651976210633,-0.7950473494017629,-0.005060627609970251,0.8172707593108813,0.1903623099432396,-0.004141037410773044,0.1562237456747074
-0.0008015842275355504,0.10925184174184807,-0.4858936392583961,-0.013956440092805864,0.5468872259023007,0.005573194201799049,0.610362353183199,0.25833850723637236,-0.008982016312924886,-0.0032510881715518323,-1.0638155395011553,-0.004428715841286974,-0.010288146547816429,0.027115344675871046,-0.24740371586448942,0.004548234578349206,0.10631156945399207,-0.28474948771478925,0.5978687963314437,0.12783947942666765
-0.003898827872662891,-0.009378772617636203,0.14431363215751308,-0.00028162256685366143,-0.0918439225876915,-0.00389294427245207,0.5409049251623704,-0.05226929210222249,0.005721389957145056,-0.019483806018671182,0.1897075952873515,0.009926631233584313,-0.004537497281082843,0.049179791974808214,0.017414553807407654,0.03386613529159417,-0.010575291824626772,0.04578696645821318,-0.022471283968254357,-0.04522079843832189
0.0551052324283898,0.2552024714502446,-0.050220973405159824,0.19163142337214903,-0.2140129274452169,0.003551776913129955,-0.1407715711396941,0.15478129179826777,0.4566925386342992,-0.05481207856826646,-0.16675389877153995,0.006030159743642727,-0.0268574210837557,0.39223841784394026,-0.40080382124129343,0.100146146107412,-0.03725097416580458,0.2266030781253626,0.09547034457933812,0.4280113982243815
0.747731827732797,0.15292311508366718,-0.0703622989697878,-0.2817612212995825,-0.24393462719736922,0.02540444393220928,-0.0762271946448586,0.29549611763481626,0.01312665155307864,-0.031908957966607976,-0.40098201151455987,-0.0018056875237059183,-0.010239887773369417,0.14029504223976597,0.047958027283577016,0.038720771710217525,-0.031048114384138827,0.17031467134060044,0.034927193251306096,-0.40704782714383136
-0.189370309265856,0.3818363858099165,0.49478630056155726,0.2436769898050023,-0.0025216216553628577,0.9634948879602839,-1.123281424986804,0.5514189427439987,0.31428399647174465,0.2534267392793892,-0.12139822645729856,0.009051478222162108,0.007419548274717869,-0.32331763113044215,0.1325107473214417,0.07179676495966916,0.17883308316084284,0.7338902783092911,0.13501560164759788,0.209658603541018
0.007507808573324239,0.0077161614811416795,-0.016055336775806277,0.0026632602236580753,-0.016821562588476426,0.004247481385090664,0.017596091558049906,0.0016816269708175321,0.01898948420137455,0.011881482152601973,-0.01020149447411571,0.0034019244239117726,-0.012837742276497324,-0.014148208106633395,-0.02467301450518427,-0.007698797106597577,-0.00326000449000751,0.011632977252267099,0.005451163086894716,0.0012145520241431803
0.007159165908803856,-0.004779563797903164,0.011731520194899404,0.0019341543806580472,0.12074275622291301,-0.01105204422502891,-0.3430655138953509,0.09910395109278641,-0.0011466919076028438,0.018042685413354357,-0.05701608808436711,-0.001997543634040762,-0.01698967566221752,-0.01539269865160068,-0.009874846064027158,-0.010976438899864903,0.01416411510689386,0.6696823607189957,-0.02909705056544352,-0.028311974594805587
-0.07884546301417897,0.4805513458985142,0.24504421057670742,0.01706842975256398,-0.822983679162329,0.02829603921209324,-0.47366767729328124,-0.3313549084873814,0.012879077852231472,0.08451708728639865,0.9020217759701514,-0.00986369349148062,0.035603548206032655,1.2733610977813472,-0.3819168588284492,-0.010609919714274378,0.5618112412640915,0.8375514250919971,-0.022177089943862287,0.08439806306438777
0.1841152480006716,-0.09715392081198958,-0.1183321177243575,-0.06088128618033841,-0.269844454904495,-0.013331689151957976,-0.1106289827728222,-0.3083340865357435,0.018602042296001237,-0.2131622888723875,-0.01792593664570174,0.011574267750297792,-0.009303946376916441,0.19788630974144314,0.1386919244639923,0.266335568492954,-0.09087273269246743,0.37521066724945473,0.2469423565528207,-0.04919321976710689
-0.0850572485099948,0.020213336316948983,-0.36850905428822656,-0.002860680683003263,-0.5719189341350149,0.23737398879935293,-0.5213563902957588,-0.7611108528879471,-0.11927839142568608,0.10345687750670927,0.5483137709085407,0.49892193110490035,-0.0150889887183349,0.4601117931292113,0.18746592373713403,0.46737927301534077,0.13426244505911547,0.828473179447468,0.30517095339962647,0.057351628839256874
-0.014333174688196618,0.030018962757426895,-0.025339512100969974,0.013817899999146241,-0.03556718073525944,-0.018475385325790024,-0.0005372257699248102,-0.004609563128698075,0.02311273162022108,0.0039911534513111776,0.9071643608329245,0.005222331178088485,0.012649896045278622,0.0437182931370715,-0.020183723901005222,0.013722112993369819,0.007836483402790537,0.020711103251258238,-0.005947956329666366,0.20738149546373744
-0.05178215652757326,0.12897039519481956,-0.49777173637388233,0.015631686506381262,0.16831000712494748,0.020152113383620333,0.24715063741516421,0.020905478756784987,0.008272695676216558,0.04020198728956884,-0.8209782516946555,0.003839966414517783,-0.013835436436507165,0.024376338998330735,-0.19441934078847992,0.0018960465158400714,0.14527370529633188,-0.09084220267226097,0.6235751878650213,0.23699255166168032
-0.10938814932170628,0.11919618673361858,-0.28494826474587387,0.051694553035637726,-0.6123025391076757,0.0007462536703665314,-0.2224353852609703,-0.8343357616920569,0.021931150094047967,0.14429227021966484,0.19515024775703854,0.0008329688909559079,-0.004473114974037061,0.4777912095646081,0.04220323887758702,0.5263969156134772,0.10819521201824481,0.686299220998446,0.2844925467545049,1.156945587672967
-0.015749896313386164,0.021644824822963322,0.013688626654698586,0.024310753306646154,0.0018520361880663273,-0.041955288119474146,0.012373819211260528,0.014120647110567604,0.004541438657949245,0.01195717249375747,0.011104460473231936,-0.015131723156943682,-0.0024197123365556246,0.02780700897218724,-0.04354212369784207,0.005183750310183373,0.0038794063131311063,-0.007340955054287425,-0.03966836751833787,-0.012041602030338775
-0.0021078072591253928,0.0016287038636704845,0.00025550186066111355,0.03644259640016448,-0.011267855824778959,-0.0010837391443139332,-0.023815734250244622,-0.007495914527855303,0.011791318867072517,0.031680232815353024,0.0017503892872687606,-0.010753686238417638,-0.006602003611043363,0.033239457769806434,-0.025351244597707247,0.0011008333600580024,0.03020065582018796,0.013395651839265062,0.0023267437774673865,0.048388373288288836
0.0005628042136507985,0.6181711731407755,-0.027165267374702935,-0.018333854624401267,-0.3562571204321064,0.008302465768203635,-0.10865428077523648,0.29823104917861365,0.0004382502322312562,-0.013808208087108618,0.1555835058692387,0.006065213741168928,-0.007070228521879666,0.5774282006322004,-0.2141356098192963,0.0046405887224749455,-0.011753448516363707,0.1752171232409308,0.021183857353822437,0.07252522379286275
-0.022519062050936612,-0.0074061203584899855,0.03142128722768056,-0.006200219094274137,0.023919883953418836,0.0013840855276133577,-0.005130183437665433,0.0084061524364047,0.01189088302754366,-0.009943637306293999,-0.034977139880288936,-0.023457804618292548,0.01579816481781517,-0.008878139297961276,-0.00868184716558861,-0.0007683897098500706,-0.01663543512989409,-0.01705075341129764,-0.001441155828599442,-0.0030450970850220208
-0.014586214296179584,-0.03541870826893513,0.003916469296888755,-0.012059664377243984,-0.01003479895887405,-0.00673485790779195,-0.001828707460763202,-0.018616090976686678,-0.0026050078867506576,0.014477275851922947,0.013329822583978546,-0.009740356621210084,-0.005584433422968367,0.02968366791196992,0.007784609420696714,0.009151199414909947,-0.011006892640137782,0.022955156586065638,0.01848112814187207,-0.002871528785930633
0.16118176317687752,-0.10340089750991047,0.0485615272429734,-0.06443377154133738,0.010716110462028847,-0.005989030312434328,-0.27728300464091826,0.06869052712373012,-0.011441439007562195,0.0011772006127974792,-0.010583566825642068,0.009852821816414697,-0.029056203458848878,-0.06859519925943583,0.13756660878753832,0.0030452351207466114,-0.12130573676152671,0.5955588230498521,-0.002802660055033655,-0.12514180617815518
0.12365173054473434,-0.10096756048175626,0.006735394294745539,-0.04500222740549574,0.031003265447871898,-0.008015648670267245,0.3531403134355555,0.04014711165946108,-0.01102527995169087,0.01298863092507415,-0.048550719579798875,0.007041505654673829,0.0018395986739099058,-0.0825777384526713,0.11161397381068332,-0.025309296979775305,-0.1024525854399366,-0.02618168914136272,-0.011002472733261354,-0.13219511361834088
-0.07536031427403786,0.04859756019088557,-1.0828582894349155,-0.05227850664128362,0.1701965646285927,0.21679641085858914,0.7008554890213204,-0.02921999911553621,-0.2273868410369005,0.09383179867351694,-0.410876298424993,0.9425371019631995,-0.006291202688429675,0.20973512060313212,-0.047108119053376654,-0.0588911544804514,0.2257137740873129,0.03526580032966505,0.8449508107541421,0.13598610428825667
0.02430076085333465,0.26751311830670826,-0.01927255121728044,0.34442881126793085,-0.11403152301329654,0.025166678978370535,-0.11872534753177486,0.1461566598357732,0.401430608140075,-0.05190972779937776,-0.21793809379603865,0.003941479224823682,-0.0006254817390726414,0.3867375540051702,-0.21288822278226222,0.07187679733477331,-0.022580266787770486,0.13275302589008137,0.08396739103549497,0.10632470263314248
0.4363710634172661,-0.3211714594785682,-0.03317118918895173,-0.17953757436350007,0.13365809667996462,-0.012473854352657403,0.03980678513124861,0.20775826721123639,-0.014015942531496928,0.0199193735279085,-0.24526200278194518,-0.02302315524313687,-0.009876373548724525,-0.31080150920708394,0.383609437974704,-0.004042883338585027,-0.32742080826021336,-0.08321596316527212,-0.02152983599765913,-0.3692663336571932
0.018441248280582852,-0.016596625533679497,0.02978692424546946,0.013496078144128405,-0.023737292404334975,0.012400927092057621,-0.1679475370325072,0.004658247399716457,0.0012823331621617104,-0.0012463111114414307,0.666903552340982,-0.0012518932509338922,-0.006907078226994216,0.001275611286942019,-0.0036325363414664025,-0.0010945791168250193,0.003048954769594936,0.3475036691896251,-0.01403568542217594,-0.21169717736849009
0.00432486569421385,-0.013462284067874832,-0.038490709612020856,-0.0025525274532853426,-0.03121125867171915,-0.00993839947368564,-0.346045634601485,-0.030538476488746264,0.0035091208339729976,-0.036305746482876565,-0.01180084166428948,0.007311444607098066,-0.012889579054689146,0.046336501204003386,0.0017753111626217268,-0.00043131409300561224,-0.014231555187503776,0.7418219566729037,0.030681526734385074,-0.009647300413488148
-0.084959502678636,-0.043711690614654033,-0.21183357327898356,-0.029726340918369086,0.021744429801376065,0.14727547617202588,-0.15934658701015186,-0.012846921076897947,-0.1460497278492661,0.1043701565969685,0.5157119533857709,0.6615638558996136,0.009445554784965064,0.12829922736328933,0.08773646338138764,-0.03402934602311099,0.06538340199934367,0.0513956847502471,-0.03975091047368767,-0.11778426549872394
0.007755638715081629,0.06780821057304087,-0.01883556725581924,-0.04023644782794344,-0.06745322935614464,0.002564748398536097,0.4642319226630411,-0.00432374220807041,0.024793279301594258,0.002396013684732987,-0.018838595585182742,0.017223357234957208,-0.014475026650696344,0.0548266156093641,-0.022972680444240612,0.019316694408113354,0.0842288789154007,0.05610596220847862,0.012968910818411318,0.03784311012689868
0.0027839372889164713,-0.0005103932605656676,0.00549303553497586,-0.007928377901633882,0.013681660838032773,0.013932047418847928,-0.42250048058541667,-0.004580191633340264,-0.01109563807012717,-0.0013576784397372997,-0.023179724058829673,0.004774313090267343,0.01727861036557412,-0.021475356991661143,0.014507223149156763,-0.0004835528750223809,0.029166193420157513,0.7715081302933733,-0.01648873735544288,0.029201293996588943
0.022852408384938957,0.006456490202071285,0.11396450984313417,0.6064008425838201,0.21355436488961588,-0.0023162003593591007,0.8470347328863762,-0.1676882359120057,-0.0058397499904014934,-0.019747708436456738,-0.04960881125439418,-0.011030579405760958,0.0004741683014667965,0.0214653866782855,-0.5721325149571685,0.01563649548386436,-0.015957850361358626,-0.12901935631099348,0.018437432474844896,-0.08061251373925642
-0.012897143670445855,0.08966082798525823,-0.2781224210814521,0.9066959217962286,0.49586000366899774,-0.021522596084395527,0.34753843865892503,-0.2572686129970537,-0.00932729473848384,0.02848835283977098,-0.7942058097211698,0.016514009397663076,0.00850670106654691,0.03626245103734639,-0.9562471441256042,-0.010330578616561429,0.08892371975209284,-0.2640771935134039,0.5716479193444138,0.07572331162722369
-0.08566434096883203,0.5915444516140538,-0.1239366188404835,0.37546294770154803,-0.2775845790619392,-0.01442870420067097,-0.18591426325188634,0.2498904252510115,0.7156282905862128,0.09346571155142631,-0.2969034032188793,-0.014086579422480058,0.028837720712546075,0.6580687945597478,-0.829735725384355,0.14939867586196845,0.08350106537561788,0.24399524670281353,0.0820426945108834,0.2773165263800216
0.16726238834680132,-0.05893111279364597,-0.13165772537733036,-0.09022986859559692,-0.18853891028314992,0.027157493275175103,-0.10848255385890045,-0.2932648400173288,-0.004357013429923106,-0.2236969414594636,-0.0644565274004046,0.0019187026691641507,-0.013765588977224595,0.2234910947974501,0.11998830684765087,0.2565967540135462,-0.0819180217431554,0.40292729260964244,0.2760139709006786,-0.07456518160436107
0.00025355886067831776,-0.018579595514962324,-0.06243169590765416,-0.017251599438730322,0.017716136011544394,0.010839796005819576,-0.024958150711608305,0.014983012289286333,0.03164378287787095,-0.024427801674828994,-0.05688908350758113,0.02644003573131397,-0.0035860427843438674,0.004794802330802482,0.005806455494271882,0.004932391154809988,-0.02240480888363817,0.006661524831015423,-0.008029591133117369,-0.01557351020812938
0.012790566590451349,0.1281871983546578,-0.03317111746309698,0.09271264676042525,-0.0657400249066434,-0.008404493220809436,-0.05144077853481919,0.031067372596617123,0.18770343829308017,-0.015430192482011554,-0.08873500560784785,0.014704852896182988,0.006539539019530728,0.19391991426618913,-0.22842953105051855,0.03685107681093512,0.015223086591718147,0.08853745107613196,0.036942190036969295,0.9379586886625824
0.051766925665423576,0.45727430434159566,-0.04201262098780785,0.21458419151116329,-0.2864910512343862,0.031676114663487825,0.24022914856799435,0.28823035108200934,0.4731237057776526,-0.04553881937755652,-0.15157681535263837,-0.014024781382802795,0.039226091833324886,0.5434691960123205,-0.5382662174564447,0.07630193101485086,-0.0174322138628048,0.20265452484982632,0.06437078415186426,0.11533591847100415
-0.1755691109239339,0.12053676188356206,0.367119608519573,0.05712883453462129,0.09869644211785944,0.693500594413861,-0.7984402210471915,0.3213616516772445,0.009267467125300553,0.19706157731159812,-0.02150116889845458,-0.009381136463301314,0.014481630053969822,-0.42095137266056426,0.33298359207442546,0.01217395784757917,0.1397693050552862,0.5055405874379231,0.08073393472050608,0.13368002498021728
-0.847100339750877,0.42642643982012896,-0.33936042664186034,0.25765653090213975,0.08852238281354116,0.18386579500484154,-0.1366871654376103,-0.21086453208632103,-0.1551442602479802,1.0367299260767735,0.7211346407686618,0.7505154194331927,0.0026814070073299823,0.2240867904891969,-0.32879232640076556,-0.016660666163723914,0.62571221132262,-0.1959737531062129,-0.37648160905871275,0.43057903977515816
0.022949224870048864,-0.03383438781920859,-0.0009174452407568544,-0.015483396565220655,0.012327368374564295,-0.023557621109563123,0.038508434305083564,0.0011553678707775057,-0.012427147019900848,-0.015501802848195433,0.017724729214617853,0.0022265681285235967,-0.004165917297748571,-0.04557665101588511,0.008189257046697117,-0.003433578720372128,-0.019260742025642118,-0.025157003233260734,0.008148871066568114,-0.036977450711575585
-0.05048087896519933,0.018877230251637424,0.49073427941382913,0.0006630198876513178,-0.46638775073532235,0.002682973493600284,-0.12736838732597106,0.784612916097219,-0.027870895534074062,0.06045096389159187,0.9142500509410056,0.002204158565581449,0.013381193376581446,0.5714405938552848,0.11159020873305252,-0.011924687812934326,0.004094198122956097,0.20794885436398086,-0.021407202879068662,-0.09100132061981857
0.006053231705585213,-0.004929591422604171,0.09856774495239182,0.6084501888803648,0.22862154098430829,0.00011767642357466291,0.038795387605422456,-0.13966976755982313,0.012812987905438715,0.007289170372026848,0.3690289036895526,-0.024086922337011242,0.001630219848783523,0.04325998889596752,-0.5855823866206985,-0.0038583552556785876,0.0022483544252778157,-0.11664355819744739,0.004043749194120452,-0.18411342199049135
0.11200986114095496,0.49498701672835876,-0.11220636019818127,0.32623043607570335,-0.3555831081424197,-0.012852305402168992,-0.19719553418213262,0.31109212283207616,0.7945040194288929,-0.12553837652860908,-0.28222062141980936,0.018846646484838168,-0.0032971494725395553,0.6904747073945806,-0.776522708392798,0.1584652099056179,-0.04772565317160077,0.3348052011591587,0.1189234162421887,0.12912362353307402
0.018985453505776854,0.015159887250296994,0.47452197732714535,-0.02820491144963442,-0.2489555334214113,-0.010210897016216563,0.19478282511970593,0.3807287077897835,0.023144938611996794,-0.0411142465358321,0.5450247280955554,-0.004055648898441064,-0.010800687420010781,0.08608033832632167,0.06853800559724457,0.021834187292224107,-0.024915624721260653,0.15725238190631752,0.03039746556592576,-0.1005186274328149
-0.04838073504090698,-0.0420347399708708,-0.2506235779420277,-0.05009211792270307,-0.06198971216808037,0.17867469841280578,-0.23009151086295163,-0.06837657557762045,-0.1603945096754036,0.09172003287566373,0.635796488977302,0.7382525280114317,-0.008188423452861082,0.17633453082182912,0.11677688190169418,-0.03895362164923501,0.06483203605600364,0.15756621854299296,-0.03561038508940827,-0.11491097271137823
0.11712912177148933,-0.14837704372613383,-0.1343937890871231,-0.08305339642702833,0.006795450778209245,0.07702667668114022,-0.3029626860016009,0.03380526893813216,-0.11589123127099954,0.0477149885659007,0.2576035536803664,0.4109870632249418,-0.0028990261671957025,-0.0408514830680536,0.24047477128756317,-0.02661211855613108,-0.08097973455322455,0.4873394295437819,-0.018038652708090786,-0.2003206952484516
-0.010126837947358748,0.7171973477439315,0.47792273810838387,-0.0006846958704444127,-0.5549775250981905,0.015269291654318949,-0.3589743055796662,0.3509056243107318,0.033694704439227285,-0.005500005881586781,0.6607765508358125,-0.016033927161831385,0.007809980945558535,0.6966719967173018,-0.26148829382532923,-0.015064991363609193,0.03538791107325929,0.6627972979784963,-0.010238333899831004,-0.0019951086897830256
0.03445558020367335,0.2213728964997334,-0.062240382759326626,0.14602951023250155,-0.10526474322578569,0.022265707397209178,-0.055979517851025555,0.16292529149764245,0.3359317543390978,-0.043033037438098935,-0.22418072186308546,0.0038163481764371086,0.009755241371638562,0.2526995064472589,-0.35615546988907837,0.07189041000142166,-0.027619773663911364,0.10327370805485278,0.07569373344274415,0.06721654279592021
-0.026195472568231282,0.5449349190102426,-0.1298351683278532,-0.0500547410465188,-0.35717803214641686,0.11370963786952551,-0.22956697099382847,-0.08762661501246358,-0.09222453236116754,0.016125712639113908,0.258893819864366,0.40986060579034117,-0.0033663954285094275,0.64385582254983,-0.5940811686417011,-0.0184038208870078,0.6996871368822573,0.2780741504233075,-0.016127864286671213,0.06245169156490702
-0.008796379549970656,0.42178988927982614,0.02653792878934909,0.009594194574323785,-0.24289905841596554,-0.012319792055639921,-0.08449485051778469,0.1586004449858293,0.011921015416847657,-0.018435799370299034,0.14081586380081296,-0.004486031283880975,-0.0026569029811914263,0.39490314019664263,-0.18563605409752293,0.0035269587420664857,0.02207445832908171,0.13695877453399402,-0.00360695594986043,0.011096878885128763
-0.014132090495525893,0.3836975628400866,-0.2953261359643904,0.003925147347753165,-0.07996778625242222,0.023144390564260212,0.07018209418953321,0.15936595168976472,0.0037777700412721764,0.0181460277129267,-0.36743132704718995,-0.0011260705326530795,-0.005453072854367616,0.3113772674874212,-0.1822887981860638,-0.006829626572218564,0.048194951129164464,0.03601976957440376,0.37050040907783294,0.1375365786455204
-0.01704205631662944,-0.018269426063451246,0.01799006017418088,-0.01178475118503547,0.015556562457926464,0.0016426852958442931,0.023175774409454168,0.026691651193817396,-0.015586428954457929,0.002391944550762165,0.0076445724609885595,-0.00968099058725154,-0.002246464954128612,-0.06307473424689186,0.025927081641764348,-0.02374147715105166,-0.018010655982118106,-0.019314258329585988,-0.022874110278971085,-0.001361634245029315
-1.680535674910578,1.056507727831487,0.26705781085434077,1.4571586658199345,1.5422315236126631,0.30443339060349606,0.4236774501539019,0.47891720883455796,0.00770389741393197,1.4724886120430336,-0.6136128691889383,-0.015028164779865207,0.617033541682095,-0.17159929280065175,-1.9511968352135793,-0.4626009377365451,1.2767969418584248,-1.659880034207789,-0.4649911744888094,1.0761545443646894
-0.021261440422665798,0.011024602202222965,0.007277414498826663,-0.00925047371169735,-0.04096343112125702,0.0076742402739411264,-0.01166838131129145,-0.01919943788518224,-0.018367432163644358,-0.004174878394692721,0.030178383588476465,-0.01473807396881583,-0.0016987197360236888,0.014590014045174893,0.0007556352050112954,0.004576331833703546,-0.01927434903985436,0.0037965463402599223,0.002736472260064125,0.006511165853304743
-0.028193439133427815,0.023894007286605526,-0.006902521094280586,0.006459046476054418,-0.03007368994978896,-0.003481720948338362,-0.020529274856647173,-0.0007962245052326386,-0.005973390978027701,0.008718013862711517,0.03470982257692364,0.0037232780630021903,0.018063394681374963,0.01992329079226858,0.3260751479821342,0.005501030714942638,0.003931297327735794,-0.0044320534405431905,0.011895729900775491,0.023480000285610137
0.00398895221492562,0.02255216283612479,-0.0017356221034321873,0.01293059856242361,0.042865051081306386,0.01539031691564154,0.21696089633808302,0.03511780941242738,0.00930643794951397,0.003176646471293994,-0.024905059200333632,0.017498554237878914,-0.003363057833116698,-0.007088308227060856,-0.03898677851315027,-0.025975771882151312,0.021738850719828673,-0.03550380196011691,0.009559365817554174,0.002261801735257262
0.010348600133115704,-0.030732669140089354,-0.009473026915260233,-0.05295669711365117,-3.924151940945704e-05,-0.008780372777887978,0.019587108750318126,0.51872311500609,-0.03143723111875204,0.008383040422312627,-0.003615010196662055,-0.01242518012466631,0.004424649218687897,-0.0523229017854839,0.07091832699006935,0.004497625718719269,-0.019594361126590652,-0.011000533410365191,0.0032088376977511897,-0.024305944089098613
0.022192390896711406,-0.011762143782000438,-0.005191460777059777,-0.008372549460926297,0.14553730207795873,-0.031655729020992736,0.03112447188607588,0.039598417340539205,-0.00767196309051215,0.0022743069616640854,0.22800054441053388,-0.02523468042382195,-0.03512373865630225,-0.0030594164007387414,-0.008450755271899958,-0.00048002608829192904,0.03403077340941595,-0.06883821337213758,0.0068698604775526,0.3610628000453485
-0.013809080766119756,-0.013620840424908815,-0.003883018206899574,-0.01367499186125192,0.020756243814106578,0.01396738718642176,0.005128114637635779,0.031112614863568366,-0.0006921145780387142,0.02377411951210189,0.05173644305475623,0.006033846824846096,-0.0010907313247782513,0.013122581605831168,0.02551157265285665,-0.017393894832296378,-0.01297670103360472,-0.011552772722980763,-0.019530802937274595,0.011820210413638883
0.002821660815058514,-0.01766422936972522,-0.016029307318718305,0.008215313646056436,0.024419718067883123,-0.013116964015632058,0.03424541785203402,0.008026056945486472,0.020686855427856858,0.012404050810066848,-0.03583045606200984,-0.00840564921796933,-0.011061917147121559,-0.025847469318978175,-0.05312702418575125,-0.03397336085541034,-0.011339488280798069,-0.01234725581038297,0.0060522872426264805,0.02370022418899815
0.02455960818733942,-0.0024120396722641874,0.01060251400325685,-0.008426916673379655,-0.0030969358587674203,-0.007862231308234546,-0.0013517923710157191,0.0022166531579028703,-0.010936315240549936,-0.020484627374941278,-0.00029162074037217137,-0.0014825763022099686,0.009345308136492012,0.0054934450323300375,-0.005746304234630186,-0.013247754181074312,-0.01177248657369058,0.012276590782815693,0.003316057880670663,-0.03425746902810466
-0.44027793431691287,0.37986628186150906,0.20129858244130247,0.18475465738318228,1.7401822190289131,0.4580942209172329,0.4015578844715207,1.5325911389276798,-0.03250211535675905,0.7104660080739644,-1.472614655209512,0.00896261247008077,0.8566751067510897,-0.7599333675676226,-0.5572443202896327,-0.6515669263569382,0.6063422294157097,-1.7010251821477438,-0.17830236882201267,0.2520369756580286
-0.003956153731808939,0.5708026819687358,-0.007258503127594829,1.4181081320137519e-06,-0.3218133932600362,-0.00025067212804339746,-0.0838801123216322,0.022081929183333213,-0.004817278816479394,0.020339799293085638,-0.07079621762122297,0.018730364437879288,0.003973666841754129,0.4967056239985287,-0.6616152003947325,-0.03202226567452892,0.6470341384872038,0.16932531982618204,-0.006559580610624147,0.12822110511789253
0.014628821560852993,0.04300255109701163,0.003655065938680288,0.015058311260981401,0.021824822215130033,0.01424617357131905,0.08478260602601066,0.07143956051106594,0.01990921122126336,-0.0048153892343749715,-0.06459460153694796,-0.011904173944585874,0.02162965414377929,-0.003404249306553838,-0.050770185023311445,-0.014896768335270443,-0.0018110420510115894,-0.03823840207402286,0.014179355886392575,0.01370830987858511
0.03677352222136922,0.09543043230546883,-0.01669669069449786,-0.0017113252112608392,-0.1128104805805887,-0.007766618807289093,-0.03472169612240249,-0.027486046323501358,0.019593785699601893,-0.02607942879620321,0.014072491965747513,0.022289395955092918,-0.011975575255784115,0.12254767336230842,-0.0936905668251529,0.018566772812673372,0.08058982349610704,0.10485701891772296,0.03009634656133768,-0.00892684332889054
0.40972000693266014,-0.2070350861262115,-0.48549440353233325,-0.18304162513494607,-1.1617725628771673,0.016826001596333753,-0.48702360917904197,-1.4135991028962969,-0.005191170577137338,-0.4973115686325693,0.18608636836621245,0.006978905214439534,0.01604768632953927,0.7648810223580261,1.1961306180035067,0.9401441939193218,-0.2148569209687084,1.52734998830215,0.8313065361180733,2.5533874572441703e-05
0.002938090451391274,0.49869011599651086,0.022979444607798404,-0.01867285079377994,-0.2808847436316206,-0.01717814500911171,-0.4650391327159537,0.24245226262220324,-0.004749917373619952,-0.015458653556124458,0.1861527208357202,0.0014512315800842479,0.003318801192284744,0.45594991714693883,-0.16595207369939788,-0.004292974498500859,0.005636219460538579,0.9324936746243546,-0.014743676137683282,0.06547137762702038
-0.0036693936952491013,0.004897125891785056,-0.01118429966672266,0.020437888200777694,0.3488107834439029,-0.01076604190167039,-0.2934370365946782,1.0705943830397964,-0.010431774997376908,-0.012090604578306813,-0.21344856795957215,-0.0111091973086579,0.009067425665930402,0.0011484747977467576,-0.0987196180584517,-0.0006221088178615902,-0.0055661855146315505,0.5993856604959084,0.025688014257982852,-0.06476057942306676
0.014937859533096922,0.011403913549957276,0.0015175224047924932,-0.02319686374370572,-0.016736635605171205,0.005422660015213304,-0.016127362698556497,-0.011799561295318454,0.003673410296969425,-0.022097017243247714,-0.05466709334093131,-0.005444106577688954,0.013325499668527904,0.014419608951413455,-0.019705978827210254,0.014013212134822803,0.005116514140939715,0.027301352584498124,0.023810728856397186,-0.005187113641813124
0.09274098526913892,0.5213530926176694,-0.12859880758721418,0.3518523131822378,-0.1454682947592201,0.028747300758725024,-0.14914446126670944,0.46815987369823286,0.7846698085732489,-0.11300078364027633,-0.4836955505198806,0.015096575711644761,0.031200227742541872,0.702483095941577,-0.8368541176605059,0.1499288095861816,-0.07046064273064254,0.24835570102398438,0.15547957405806062,0.115638444816081
0.024053419317078942,0.01830667801447694,0.14895860020994317,0.671139364062234,0.269668829688667,0.017925454399633552,0.11840430079913111,-0.1636610009957698,0.006053609181259785,0.02087750503885583,-0.06625348274381991,0.0029613893510571027,0.0032757938589560963,0.013696790761846609,-0.6272957506833969,0.012761400392864351,0.028573714495924506,-0.10918533577626957,0.01962746645902941,-0.08615445498985408
0.01501203741629819,0.0010718137285953338,-0.04797823680819499,-0.0066079318830047215,0.01616518886566154,-0.012913637439037196,0.010249742431086398,-0.007747595314889586,-0.007773284142491472,-0.012410573074298556,-0.0837771545986666,-0.015011231064806214,-0.00935278986340022,-0.007567205905630776,0.028133151918611793,0.004280554725400768,0.016400531205717772,-0.018851663942052503,0.04867293918695059,0.00015092081405544862
-0.6693637678033847,0.4115856235023823,0.15129893313975692,0.2949466602654657,0.8626546824225478,0.2506503654198701,0.23105125185660802,0.688858459641594,0.025457969832184173,0.35977466415706016,-0.5529488243934617,0.029957932053778405,0.45015837748625936,-0.2033062638981889,-0.5673177031125627,-0.34224001514319197,0.5207100558965173,-0.8883541714848139,-0.07979914784072238,0.46193826174947245
-0.018692759286078883,-0.01887252745281077,0.6114344696293593,-0.05101741723932921,0.45156473508339395,0.07420255242697757,0.058673027566312055,0.4530797060667389,-0.07112549662421482,0.03220597564714715,0.4889588887227391,0.26245619213152543,-0.018815014040716914,0.14596846324511256,-0.060396164809842584,0.005557478608882633,0.0012963778193175006,-0.1914389950121515,0.012252767124840988,-0.0099584489714338
-0.02263527174756338,0.07976833710491991,-0.22424103650654398,0.010061147839597913,-0.31998721174965905,0.19391635019931194,-0.20789596426422202,-0.5424054958092731,0.0031507310445084316,-0.3577732301988813,-0.31000124814983293,-0.008870475174976133,0.3578632758427289,0.45035761143043546,-0.008286867920900526,0.47188013855531485,0.1524220984052928,0.5977974422097025,0.6665510127711173,0.23560949898733988
-0.06092135523066527,0.04147907998192495,0.020310693790576956,0.02250542112799945,1.0156366035342526,0.006612404018170247,0.27824458591502654,0.676148808531021,0.019502878618698965,0.029410347700062317,-0.5981093632351931,0.000576497712161784,0.02541115969737639,-0.02115652137134247,-0.25849480718938433,-0.026561239785451093,0.04475864515172245,-0.547651024733544,-0.00776336965274044,-0.11045911641276382
-0.7717661777463217,0.4740062738878827,-0.05344725989571763,0.31782843326905486,0.1831686906650246,0.0118337776298867,0.0553963814708404,-0.12598688579844755,-0.010859143777642188,0.9629723115344591,0.12226665674541519,0.006424596023453865,-0.005881226871697611,0.024349636142688535,-0.49240830925448115,-0.0333429582848489,0.5607883846709856,-0.4073610461499578,-0.3731975757983385,0.5637559423928128
0.27052860017275016,-0.18805911306043072,-0.04247927604579311,-0.12009483435790475,0.05082589681623951,0.003910919034449459,0.01183814575411727,0.060864801434739366,-0.01746937516923339,-0.012536337774383618,-0.1255908734190642,0.0027064780910745403,-0.0025100116023849036,-0.1628539465670624,0.23511059085603428,0.012033311207311874,-0.21211745737037943,-0.004724077665139052,-0.0020087744755032232,-0.18325156790675984
-0.4388282439879603,0.6688478928244362,0.07277003648555819,0.1898541758552186,0.3233395926609118,0.17793537116791303,0.08936925479815652,0.5951205498781891,0.017534451621609985,0.222520075761135,-0.2465271459673873,0.0014185662921276524,0.2904170479636324,0.23145821033803185,-0.48615294769176876,-0.19627716118928104,0.3546867986126604,-0.4273057419756025,-0.04033549656933793,0.33388642131986274
-0.0008678724910863994,0.324198883690355,0.003907316785237186,-0.00960501097865132,-0.17893771232001088,-0.03156996885817194,-0.043132352735075784,-0.01594684033403244,-0.006385692444325477,-0.011542148833985084,-0.03605025081009751,0.012527122419881385,0.0035502232864718635,0.32543298433481593,-0.4114579331699377,-0.01655985930163037,0.3840779525198432,0.09014459244219289,-0.011775393876165191,0.07328330382581631
0.024945927169469088,-0.01468783660477821,0.015876506402485696,-0.019731444397303705,0.006925912311154495,-0.025021254271335114,0.2116094433491537,0.0019996171014026094,-0.009623445807285722,0.0022563927306584386,0.01728486142348715,0.0025267325825683975,-0.00708022038826199,-0.014299880431864732,0.023070060687534293,-0.0007839480592051282,-0.02979369185218635,-0.003996847650295255,-0.00897339970617892,-0.025507848329805655
0.44033112502962724,-0.22205735510252458,-0.24206169739699976,-0.01699961713475614,-0.7087935911027282,-0.0031741243908884366,0.14053382486163002,-0.9236813600886189,-0.011578024814556458,-0.5264803954287715,0.16042877692006352,-0.007561616131009095,-0.020388695592374398,0.46650508577358113,0.21474719901893696,0.6018333264136766,-0.2704243560794751,1.0351070178275128,0.5898355623824985,-0.1982609562712128
0.21927838757819662,-0.08978169453451815,-0.15418973264873903,-0.0685460434320097,-0.4155042019050586,-0.0003058165101806412,-0.15291555530792847,-0.4675915678881427,0.002769870634423424,-0.2576319977728497,0.023238548080954213,-0.00713383219616354,-0.0010725368446595643,0.2539524212546806,0.18056627282066912,0.3276883889783066,-0.14529317044970808,0.5493184051351212,0.31863719355158304,-0.06427636796598343
-0.020125746130891624,0.38341230809176446,0.00596955356527129,-0.02505406566856134,-0.15252982729992787,-0.009654418329660805,-0.04846025300036515,-0.010583707701873737,0.012032707047881085,0.0020277561173386947,-0.09002622862801896,-0.023606017293734148,0.014728878034851435,0.2855917512087509,-0.39550303833888595,-0.012812618783169385,0.41226957097516687,0.06457823402360431,-0.005282080171018649,0.07222723786751475
-0.10866696847180643,-0.031198141725223824,-0.2622851417531322,-0.026191222956377498,-0.011008170200047471,0.16581639875157755,0.6138672039584394,-0.026805804057108005,-0.18244944084615417,0.12010052499245671,0.6193805889025971,0.7762856945882153,-0.0049820060904917475,0.15183652086107263,0.09287426425862223,-0.041440522669229984,0.07832656794238445,0.07499762466569171,-0.026867173543322204,-0.0041497069712336295
-0.7649815054832826,0.4925903746785439,-0.07147651800389956,0.2937399750385646,0.16518656837316104,0.005992075038641026,-0.4225333072482265,-0.12513328477527988,-0.018001904550492324,0.9764729531703625,0.1010223227789438,0.006049202458313819,0.007946364638982678,0.006732248367980822,-0.46466465046532185,-0.014048747712338213,0.5458988434136942,0.5256872278273722,-0.3635441431549829,0.5575612191634036
0.026668946944865178,-0.01897560157963532,-0.013097066190864192,-0.007663654878247026,-0.005273663072425784,0.006513465190362727,0.011061255913816478,-0.011903179284920167,-0.016737236125448786,-0.008481437391785605,0.012158261142896403,0.029520338417241415,0.0028875161730966825,-0.02447607698003077,0.07227733123634565,0.015438514667480346,-0.0034467796676909534,0.013116853066456421,0.005718370203869267,-0.021558953972733275
-0.09886672637343243,0.4559583550109171,0.08563397731220035,0.38972016526379927,0.03833210465790822,0.04775710974719953,0.004351508114720216,0.13898949314844417,-0.010791806050456286,0.06332369529993483,0.0019010138880844914,-0.00025905030602369535,0.08237432970311302,0.34033446427973685,-0.5400639438337662,-0.03758135141150112,0.0896824838347287,-0.08682567371629756,0.0006634003716863984,0.07137792738674414
0.12843526668737895,0.3629355891270974,-0.1247851073068149,0.241962756774134,-0.2982864070345414,0.012544172467576255,-0.18085283941323482,0.2263626087610769,0.6365526319808159,-0.11866799886219757,0.004386794778210483,0.012656327217507325,-0.014492803682456437,0.5302461483119306,-0.576107111494902,0.14247761369657744,-0.08782368042751884,0.2995075660648408,0.13314851742633566,-0.036025962902408316
0.3552076048845048,-0.16310914483498376,-0.23714211752486603,-0.15422583022704336,-0.3871292333541292,0.004613074896991446,-0.2121732319182674,-0.5619289468317,-0.014705173754852321,-0.46949866282906444,-0.08537928675451203,0.01208336889191556,0.016398495293998918,0.4484090353452147,0.2279554538380967,0.5320288117167381,-0.18851234618547005,0.7482207351253516,0.5290272590742627,-0.1483151182462281
0.032618996876764506,0.7904338655717337,0.6899597055002032,0.791271020453503,0.08502606945205672,-0.009873979614500672,0.28277554490106144,1.3545803994630297,-0.027226150380481203,0.006595523061670147,0.7077622713679548,0.000798957547329531,0.019040065802027332,1.2877360688537214,-1.074569678477785,0.0024978650741107906,-0.001740043789586164,0.5936551309334318,-0.025214357357826372,-0.256710442075918
-0.012788863501146804,0.031049974469524944,-0.008165949408307635,0.004009812480344717,0.00518568238015668,-0.001714605309578603,0.00027163603795975883,0.023226711795929538,-0.00646319967055187,0.016767998105071086,-0.01992601113389838,0.008398076884908037,0.0012122208329264157,0.0011849441383740447,-0.04616823999674076,-0.020642552679836647,-0.005540215030330182,0.004262992407282895,0.01025727266546802,0.0232951478493947
0.607376342968974,-0.4145234447002359,-0.036319744792485384,-0.24725769394129357,0.13358331225408696,0.014342580943827404,0.0055997746762193506,0.2069411043426017,-0.027964135408311625,-0.01396337684821747,-0.2846068823172432,0.011987361644538161,0.005549110962772562,-0.37408976672197414,0.5578581278330148,0.009077157725592356,-0.46400052645655093,-0.04546619911649816,0.006526860499033293,-0.4482077935571326
-0.013688339901955218,0.4176669966148861,-0.833837379376373,-0.0007813308172268207,0.7641909057179563,-0.001226302196511023,0.028166657974821353,1.383003972472057,-0.02627372883604038,0.001672205779787394,-1.5567688264709283,0.015516948291230764,-0.00482822167524413,0.2966109735754057,-0.525329022248644,0.007724638597010924,0.15872849859845772,0.634351337039636,0.9500041227702202,0.757278312361359
0.02637444317792785,0.1312375964235003,-0.7696339407214261,-0.030557366841388003,-0.04039524494337518,-0.028739568187569044,0.35488989635973855,-0.16521864920614462,-0.0015632099599305928,-0.022405472918679527,-0.8889137655606303,-0.004939308926907619,-0.004256259245897086,0.4321010858062996,-0.17405245974685407,-0.03133411289165699,0.17112607653280243,-0.01277803237534135,0.8987414652532615,0.28297172854605107
-0.0816489768467975,-0.023062779373027167,-0.25649648267977726,-0.010193011411963212,0.01304256790597837,0.19323843324136905,-0.1810612062792546,-0.014641739108166298,-0.16060624836137924,0.12689636558124617,0.5725487001617039,0.733848977550541,0.017374876010676277,0.1838518820846222,0.10333448485770313,-0.03881126255909699,0.07077927176161582,0.08703193487160238,-0.02367384332253871,-0.10447933498584068
0.39086057765634236,-0.2905825355387259,-0.12997029691276898,-0.16978092605421935,0.0652551391032237,0.0876240366415409,-0.0236504961674831,0.15121508557942331,-0.05702301810996331,0.04007622335539297,-0.06270827200038076,0.23705831765713636,0.0032799425519421752,-0.2089876225406806,0.4279580080150153,-0.018220455958796816,-0.3037933160018337,-0.002302067726033955,0.03153908674650465,-0.3301218018888262
-0.7757689886442094,0.520068611626583,-0.0926405590763583,0.3154418322747238,0.1342305385558341,0.013397555415474188,0.04279258234042476,-0.1336301402854644,-0.0023985930353794603,0.979728131506405,0.11501347335282823,0.014473560305437635,-0.02186251337582664,0.0657336309106507,-0.49852932940790284,0.0013548453662785881,0.5740759713035792,-0.3670085142363021,-0.3821032052896416,0.5672066814774919
-0.04603975821471744,0.10576814664135994,0.018447647924728416,0.03290643907420619,0.512931165731991,0.011528028414519746,0.03311134723706748,1.0994730380253113,0.0019742748327104464,0.04781874147498666,-0.30666302439717774,-0.005548967376595257,0.024122304704100955,0.050754614238057584,-0.20929251751164582,-0.019448753070591653,0.01722860059784296,-0.10354273620841782,-0.02434187401223748,-0.051723548228203436
0.036878256835680925,-0.025517720328817613,-0.026708148622985824,-0.026716961991683802,-0.0637967953660953,-0.02821397578365552,0.43850704382657807,-0.06598893630058766,-0.016947813126691656,-0.026625413645483396,0.03367087078838935,0.001923705825530319,0.004532807860442901,0.05459110468428896,0.05512888226529365,0.038630864699249486,-0.01656859129169997,0.018924007623174602,0.02428490368576121,-0.028071623670358422
-0.0011008351408809318,0.024745715557134805,0.0018068252459662835,-0.010195595065550091,-0.0034529943834292784,-0.004778917516696918,0.008089417438782432,0.013116880576431731,0.009911402513594065,-0.008640414162738927,0.0030171674993897737,-0.013951754715784236,0.0007492839039579065,0.031907196191653116,0.48459393803622736,0.007333686824424153,0.008448841062753312,-0.023522925376153192,0.009892565149738287,-0.02220970825644728
0.011497498467314963,-0.03671044617808844,0.016280025681728278,-0.008233847148029102,0.03366331233458294,0.0180932095658317,-0.004173939412711673,0.021523781470650663,-0.05322115077250081,0.0019671434004092333,0.004973316122476926,0.006259597411620556,-0.006126929184204988,-0.048725768814172954,0.03181901142772943,0.014424794842502493,-0.03603142777705754,-0.03081315577969939,-0.0013981155025850085,-0.025678553771935078
0.16315953121974372,0.6826921830380946,-0.5029243599597119,0.39093427980235235,-0.39558930396619874,0.0010635035537056112,-0.10101520765210929,0.33489843903201477,0.9622439946061409,-0.18419014099788292,-0.8916799312885734,0.011824197065542927,0.0007355791377888668,0.9174541681022614,-1.0435773882779389,0.19110234036720355,0.02748423224245105,0.3926907471822215,0.5810508036355492,0.2940673847588624
0.37971010400247046,-0.17510358386721814,-0.25941942443260774,-0.17301149247841782,-0.5366090855546569,-0.03051803460168491,-0.2109926349205067,-0.6134469948653054,-0.011904847315876831,-0.44845095842215826,-0.014277529948857597,0.01001283059825041,-6.003645502600501e-05,0.3985888505661995,0.3048558044073419,0.4977266277278294,-0.22372961306619915,0.7931434489206343,0.5167604029324936,-0.1417024542404934
0.04398654537209784,-0.01261477579941575,0.007058733595249431,-0.020679890790326276,-0.05019243353024577,-0.039504454398062175,-0.005347337164513101,-0.02046489777189979,0.019837103851457857,-0.04268095924667849,-0.0021604648394351507,0.00019348206871839559,-0.008816075349378215,0.026109125341012975,0.044190766617381756,0.037464899561538485,-0.024139445376245752,0.031942055133516355,0.02089056920179118,-0.03056060486009176
-0.016062680059341916,0.14646928049538194,-0.40632989687740095,-0.01351558111345219,0.10080327620866132,0.008397422599899729,0.3640257899343469,0.6357262536753543,-0.0074362948748126585,0.007680108642150452,-0.8130292765865241,-0.008964051536844146,-0.006086784683553334,0.05300938862184704,-0.19525803955828844,-0.004786174257266522,0.15990083041225858,-0.052822141175667255,0.8802530938166732,0.24451915245434697
-0.025127321420652115,0.7041056910238402,-0.7107682832233894,0.5926844994433776,-0.1379691738817809,-0.002021285046979281,0.3122148078560351,-0.09858278538250832,-0.003586361810455305,0.008387703795034722,-0.7474886709434496,0.010629743961070892,0.012062081968684727,1.0701622444389505,-0.936769191311845,-0.013901274873078042,0.16006437614288094,0.05318391129567602,0.9771091701987047,0.3034303979027876
-0.12530804837347176,0.06511884366055862,0.02051029960528804,0.05135995041206742,0.1537758297824701,0.0632729527754899,-0.19806774362660645,0.11886054405127404,-0.018724513853362774,0.05621006079629122,-0.12619756892867812,-0.002436023886453899,0.08447809272753054,-0.04655696678507707,-0.09084394743383478,-0.04521970623768046,0.11182513605857983,0.35858359931752026,0.0006427809362595841,0.10904983114521068
0.04085595575995155,0.18827017362913417,-0.0838540001221526,0.14989009399047834,-0.15167475787719809,0.004038026303788724,-0.09280411704605711,0.11109141955277817,0.3391990567311058,-0.05403185455235673,-0.17129669778228332,-0.003489425330901884,-0.007082512961321308,0.29314750833569636,-0.33730786812563796,0.08620087153082254,-0.029791354204180328,0.1373825317991845,0.08835356181008892,0.7487174178614514
-0.34736563100297607,0.23926158142148052,0.16952937123337147,0.5275974132130897,0.23466234181855625,0.25431840022397073,-0.5708522061307679,-0.03362959763256852,-0.012594736403595258,0.49020621839408285,0.006084776585884043,0.012179661845034568,-0.015284161566314774,-0.15127224597671163,-0.4211776348232163,-0.004779786829011944,0.2532900896294582,0.6227399919194243,-0.11050127357346733,0.23298508681130103
-0.1783927105662043,0.10275781292291544,0.039347713128542586,0.0758144259060149,0.2127316532257154,0.027204767990280047,0.07305163582557735,0.6178531963996554,0.0010952939272921144,0.0942932081784389,-0.061380919122413245,0.007073085085493093,0.10468847977355748,-0.033383082130393406,0.27943949928718476,-0.1077527022667559,0.11657081853111848,-0.24192370692670426,-0.06111476633458628,0.08232755415574086
0.015413189299133566,-0.021657664848901755,-0.013564312347911826,-0.011363823806070483,0.00918477637597431,-0.002648926769223036,-0.008370366454217336,-0.012239285120420442,0.02171038977726456,-0.021383839895227824,-0.017338617539690303,-0.030173605850110943,0.008130411402510467,-0.03837337911973698,0.02041205823123561,0.007904652161858655,-0.01729075923471929,0.00451691727262778,-0.012520090099426215,-0.0012350653880689368
0.34902356126106315,-0.1478127186950912,-0.24440244593903557,-0.13309965683283606,-0.6186463812545199,0.0187911015349074,-0.2708386788462891,-0.6889454604821796,-0.013004312090855303,-0.42906375955077564,0.05670673284531335,0.013690029611256711,0.007161216825193439,0.4189892768030248,0.27470411540194584,0.5139458362179601,-0.19914965702001836,0.8882119203549196,0.5119824842207037,-0.10744864243477523
-0.0125050482974799,-0.010175587990574744,0.18992832528142256,0.8822472862121646,0.3470823902471361,0.008632185459265616,0.08711448137254,-0.21649942641296474,0.004901710866091934,0.0052430394414938915,-0.06596556975829694,-0.005862567885370706,0.012642931426696764,0.008704002979145378,-0.8306894244336943,-0.020342607555145813,0.016592809724170345,-0.18014231948999862,0.009099983273739485,-0.08910392000887485
0.015901307085461374,0.007763405546577343,-0.017086444077203854,0.0160663937674123,0.9649396570186679,0.008870481060360362,0.2428686027577136,0.6027271124482242,-0.001450728524720106,-0.003260312832619465,0.11020043212684943,0.007178363189263033,-0.025804653800052032,0.01948461467440648,-0.24593764051686876,0.010720272281150868,0.0030847586696320503,-0.47871803640527816,-0.00450789505851155,-0.400044882161768
-0.3848973499282492,0.23859530100163412,-0.014497439129824985,0.13305709230245827,0.028073737523121506,0.011260399673026002,-0.017679611522038646,-0.0682102295766491,0.008922348575844261,0.4795633891959827,0.917988147961486,0.01143246900654006,-0.017067263089506075,0.00025343992092927495,-0.2363884630037149,0.019448717294364516,0.27488555540017273,-0.1296666075698538,-0.1615362188038974,0.0009509505062410065
-0.035208791467241714,0.001831057372197547,0.009085711823095794,-0.009612772353552734,0.01567167492389041,0.013659658217469258,0.9449791287058946,0.01025339244742195,-0.0034019529468476946,0.008809195229976726,0.006641600688045779,-0.02091472235844954,0.021136170167891037,-0.010747326974946002,-0.014387171045864967,-0.017521580888800355,0.033221427322922464,-0.026868857892979717,-0.0013707073521836447,0.03584724395886459
0.2685955701772183,-0.21284664543502016,-0.02158983825558139,-0.09487828281804359,0.06817619350883751,0.006323315381074681,0.006570095766335289,0.07456323920367106,0.009279496129458123,0.00914250622136269,-0.09525934820962421,0.015547149029055666,0.007334249985522726,-0.1875340728911708,0.27804664371211557,-0.024809076894489024,-0.22029401286655959,-0.033679932764571784,0.0029528995284217405,-0.20160272374428512
-0.09398084237344416,-0.014023393324600269,-0.10734437002491415,-0.006057473310991294,0.014709877953672063,0.0746092157313116,-0.08442130907752476,0.004213185921132736,-0.07683073042944905,0.06005947215055894,1.2210602862558024,0.3438264733640262,0.01835142245620312,0.06580489967821283,0.03867902368325746,-0.03352323470966706,0.05403182018560019,0.029198546218340622,-0.025283371917179352,-0.31535591742237445
-0.012829428097106332,0.31339612389174515,-0.015664031866606594,-0.004631523949411582,-0.5721564559653678,0.009410591783297131,-0.12169840150502931,-0.11331941211045621,-0.0030381421109927018,0.007576261565749355,0.6045952619045493,-0.0076571864204562495,0.009711909768271805,0.9226191155040674,0.5697622666472062,-0.009756350535019652,0.02610953038023323,0.2889546494435974,-0.0043394804012505395,0.02683367233151387
0.018109680848180133,0.06890649968541543,-0.5052185813938155,-0.011032957161160227,0.10879756951177927,-0.018272819020475457,0.2516076353216799,-0.03783296903264105,0.022600764178947214,0.004531139290587689,-0.7993152827271163,-0.02790570331300961,-0.010846163507307879,0.0204811785258925,0.7124486426925922,0.0032394562173377432,0.0980952682277566,-0.033780283594185556,0.6008335182245212,0.19462481351605576
-0.2591131292515466,0.33378746565482026,0.04598088396196405,0.25499268250218166,0.9140815862017253,0.25635658109318926,0.20951993867130578,1.0395550839419885,0.3211908846356485,0.36845510443016066,-1.0235647991747279,-0.013352098607937924,0.503237015004182,-0.25726228041518634,-0.5583587335732567,-0.3177725729704181,0.21934435423017673,-0.8533757051505347,-0.03809289284749297,0.21916184214623732
0.01970298950123464,0.6895506620344578,0.0812548427920927,0.45861447609094735,-0.4138983183154416,0.4717997994249311,-0.7757672842532504,0.5086771902141201,0.950478241617333,-0.04537219962727546,-0.41793824522361794,0.0021732100622218584,-0.016646351756556543,0.5667327619846724,-0.7114120017955228,0.2206655228186211,0.028142802319424016,0.7619539723545804,0.24682414886989998,0.2641162133452907
-0.23385192199600263,0.1799624461228248,0.12595914073212477,0.5954214771816084,0.5060368502591714,0.07692153870061497,0.13511757135412175,0.30397189027601423,0.011901227171965022,0.1193188871963525,-0.2563641065647845,-0.0072465622191659924,0.16805386082918813,-0.07810645668861829,-0.6882298986278064,-0.11523312465677223,0.19932768541776855,-0.4229952301829399,-0.012527685992577569,0.11426078241378698
-0.010881349951441627,0.10677806520599287,-0.6630802104303195,-0.0010811866299994342,0.18684559518692767,-0.007404546164118344,0.34305629711417207,0.003490904499309057,-0.0027609520624838433,-0.016781265963442996,-1.0409236226074106,0.011228438339932638,0.00852308422329038,0.019108425196256273,-0.20177133583672663,-0.01892444716227086,0.1391374866088455,-0.1266389114811755,0.7971063483582359,0.24939490414278068
0.512841378014768,-0.2745922979598288,-0.3419877838801425,-0.1989898341607923,-0.8960259966025124,-0.004318420011985383,-0.31109147848673996,-0.9941990979173071,0.02782038751636736,-0.6069070815666504,0.12154429700826015,-0.011748615883343706,0.001322581508172804,0.5353576155841203,0.448996399562828,0.6850427753692626,-0.30661269885956133,1.1852301338272582,0.6858591700163534,-0.18019203141626547
-0.702041423609228,1.0154557526943877,-0.08423341262900708,0.28390963762433313,-0.13126430966182315,0.0020148009820355013,-0.022431219905385553,0.14625299164675015,-0.0036448759607258345,0.8858446330120946,0.1946120067275142,0.01325551170627563,0.006251334702831797,0.5139678267581828,-0.664345862591965,-0.01260815104443687,0.5284969814818163,-0.23257267776779333,-0.32439771896050146,0.5661437883005673
-0.004031650984450111,1.3951521134703713,-0.3159923968999503,0.747301471953363,-0.29123020696612495,0.002218279662231085,0.14058100301853657,-0.04961979823373308,0.002308820193059109,0.011202396762329904,-0.17972765150280784,-0.0035376473170831754,-0.012561465290192874,1.2053073101411373,-1.9492428029354762,0.0017109503853852165,1.0203787310278762,0.13395754305911914,0.558837651231138,0.14091583537495964
0.0009619692199666968,0.00960840770751627,0.004017879527869704,-0.025628251141642897,-0.038268879025909024,0.00842103033106178,-0.034042991286032095,0.07163186781735349,-0.012041616130529967,0.012906583291534853,0.5461410693425303,0.021176835003175864,-0.017555827941526096,-0.0009394697977293519,-0.009996488711192238,0.0149501182141021,0.017436920462108364,0.05153480893462673,0.002995439005321952,-0.1537331396483064
0.6111687025030719,0.10133048549410936,-0.1050659229666035,-0.2258442867029343,-0.3058858781857298,-8.041497254174159e-05,-0.0992958294232665,1.1268208920910758,0.010739834098243306,-0.06339546913057037,-0.12120399464889044,-0.025720356657930953,0.0037071466414584425,0.18191493317896681,1.2887531825134755,0.1265318378919785,-0.4629551361525523,0.27615172163678325,0.11012796531445924,-0.37693222307124374
0.002361716130713048,-0.006097466171820002,-0.011594993158213714,-0.020054518584465005,-0.005774530241559258,0.004974102219003349,-0.07033692118670422,0.017942397652494856,-0.0246469283111793,0.0022880364259256847,0.03681660903471347,0.03582684444450931,-0.019549838461135133,0.015376258070595035,0.022765518781499842,0.017868180079078654,-0.0005023783111877188,0.153941556359457,0.009020058348344143,-0.011263576753702098
-0.38876668185669716,0.23621606890505903,0.9641527844804086,0.18627958985003665,0.15309982706798406,0.14067742597299426,0.024364091366674435,0.37823245945612166,0.029541341402398186,0.2246145027531684,0.5762981728689333,0.006695864457888508,0.25624421310905804,-0.010437964522380517,-0.2715691598246182,-0.20471382341929537,0.32455276735765204,-0.36453355982559027,-0.0633305937027397,0.08333360005157128
-0.015119999704679652,-0.03558280757809093,-0.09942571899018338,-0.0411245399216755,0.0007384650172192093,0.053107708157710744,0.28746988183464467,-0.005436611051860274,-0.03842957178724646,0.017374134139934435,0.17926845225510507,0.2336648426652641,-0.003489248672687944,0.06098108748891492,0.025349835103777973,-0.023130713515358163,0.020454310965490188,0.003560962680447154,0.0023981892992885334,-0.0514833576113861
0.5351638826955686,-0.39618103171711544,-0.06551557267604124,-0.21262553830407185,0.15217561097361704,0.002381886368527145,0.026999128909846157,0.2067104483134469,0.010857947625595612,0.0021940474077952587,-0.3008805860899828,0.020537843209407138,-0.0011804334780840752,-0.3698354608673783,0.4784500502123711,-0.012023723428392606,-0.42103646923102594,-0.07155464312950073,0.004674626761212238,-0.41339209394899096
0.582687113608933,-0.10961622631936828,-0.40675709078119365,-0.24941786998257331,-1.2418317267963364,-0.006043383892326801,-0.45797234006299997,-1.2527410624972852,0.016412837693307855,-0.7352402108536521,0.13326690405470315,-0.008229908687140127,0.033092106557427114,0.8740013290323467,0.2730998967731223,0.8981550557181612,-0.14035350498145716,1.5355356611940403,0.8522526174502215,-0.14228524284400942
-0.008284823309505137,0.01739243734110319,0.03128157234555905,-0.0062259824361159885,-0.008770377983290573,-0.005046498176530222,0.0103506218572018,-0.013567132522934526,-0.009997957867155845,-0.005139894120293556,0.014709903011612145,-0.01712514916916729,-0.011635399115495108,0.011840514604044027,-0.032758945745728664,0.01232401109169251,0.01751297826403055,0.011831003909151573,0.010250271554568188,-0.008375660754720161
-0.45039412130325285,1.010440717512071,0.16731679975421845,0.19685240317311212,0.8433665582996227,0.40239909219466824,0.14606237198108257,1.4713463268036837,0.011194315585717946,0.5333663999801092,-0.7209458130144056,0.008289406058415005,0.6201988486252281,0.07419320641053873,-0.5720591562990283,-0.4580545573880297,0.31030194233289704,-0.9644121026542537,-0.13558640120819862,0.98804593492917
0.011019316475428373,-0.03139237766879401,0.0050013473758071785,0.005820923884134448,-0.08963915521221501,-0.00039198344538767405,-0.025210794718572467,-0.09951415446503054,-0.028663634174167094,-0.005178168714627325,0.13025298368716717,0.002939967936585023,-0.004622675424172093,0.09649347142451208,0.056731725556748894,0.014439612981902866,-0.015582252582806641,0.04498223975073349,-0.0017586605313484748,-0.023727734824760344
0.004513426689959082,-0.013645380520274511,-0.007906261184830843,-0.004015810368694058,-0.007189877603436565,-0.015602354975377004,-0.006673779743485677,-0.03527377115984696,-0.010812515398112642,-0.010380143897563436,0.652736872666262,-0.003532325856675504,-0.028707799624685528,0.012908371034411016,-0.05211587070182277,-0.004009172088731562,0.005496751225560324,0.023555952289434703,-0.038218280380951354,-0.21078218768470092
0.3718026047970515,-0.1792892018082779,-0.2181840665755823,-0.1675580946604529,-1.0055506522611724,-0.007021425990901898,-0.35459346599451363,-0.9558554648988812,0.002481263088886241,-0.44023858546961925,0.5139087453947027,-0.006100755700478175,-0.011392296915211785,0.9126261924018598,0.40370826105002827,0.5350057725022694,-0.23359416290211835,1.0598059605543084,0.49619904764744277,-0.126765041539784
-0.08054502338455832,-0.08248009546109958,0.6535504585368246,-0.023282135049285217,-0.3669900881427845,0.19383481338770123,-0.2925150039201464,0.5128419681648714,-0.16597520365950824,0.09956756113453254,1.5901523971196394,0.8236767601275644,-0.004983526271816555,0.27562636156427356,0.21787671081794618,-0.024514447928441915,0.018466383751794106,0.3079571932488075,-0.014169905194059992,0.4752038934931784
-0.1680462768715064,0.5392003459760092,-0.06568039996545169,0.3630862595421645,0.06493334077736197,0.10260140218003677,-0.08973671071985133,0.4678818485758194,0.6182469065015633,0.03183978680289247,-0.4521161121641558,0.05647682433885277,0.1850262967519915,0.48413269406073567,-0.8220522460215437,-0.03444454123158131,0.1791367449344768,-0.07839260538672768,0.08585702884459703,0.26953840289380154
-0.01469722996128238,0.8673882672267071,-0.0028051329714711137,-0.015622322351354304,-0.4482247222256365,-0.008017542389917347,-0.13169696500683248,0.37579376032946854,-0.014898635791654641,0.024626254653819134,0.29316890327046996,0.0055516613899870455,-0.013005707626005053,0.7712347056968822,-0.2813346201953683,0.01022936863451741,0.0033450426171712333,0.24462014595612414,-0.03244419949974423,0.06866493262828047
0.5653219220879779,-0.29973218382097805,-0.3817028142851162,-0.22914262643700012,-1.0123765944401655,-0.022108470418690823,-0.4019318654453468,-1.1184772637577998,0.013602232629611414,-0.6854760144790336,0.16251896583506736,0.008232325377634457,-0.021276824731869606,0.6106013425076864,0.4476231240863899,0.7806121020397797,-0.3329424470598993,1.3482262146218809,0.7826079769309581,-0.19334347949425468
-1.380248854986351,0.8239510545055013,0.24957635572192863,0.5491410432231114,1.557333992197378,0.4876819979571779,0.4272743722686344,1.200786657234085,-0.0052809684758349604,0.7378656142294747,-0.8703689229390409,0.0028416543288758353,0.9467967865989908,-0.10282615541546924,-1.112969030390955,-0.692033779031035,1.1048372900440662,-1.679651900522021,-0.14898638447595697,0.9352826938340423
-0.006469139122274058,0.7262911503099184,0.014526298460637741,-0.0038704040594437247,-0.37191156159470123,0.0034132889735091214,-0.13146982378648595,0.3452405535233702,-0.0033463958175179312,-0.0014474949262313977,1.225418711561316,-0.004427527409939969,0.012231948265743168,0.6336635738490404,-0.25492942200610275,0.005105966994305967,-0.020248388369403302,0.2030095342668075,0.0038613326033834737,-0.27917534488187135
0.003260882299008393,0.16205663834831643,-0.5681620206015803,0.01266031391434969,0.08484101475445097,-0.009773567662372463,0.37467932558873485,-0.008852733614261478,0.017915418342219477,0.023258325912700727,-0.9736222499098406,-0.017063722176486287,-0.004885495362435152,0.09936158716415235,-0.19054886655384287,0.008553541142799131,0.15765107555873942,-0.038487343330972104,0.8784638680839219,0.26315310284035154
-0.22333593854094594,0.1833564825189468,0.595128596927633,0.7954257059151106,0.3575763817934008,0.7858725570506375,-0.7788581836687469,0.27790555033610487,0.007242589584300584,0.2631006263799753,-0.016734229092816324,0.004921459138743856,0.004074675464758889,-0.43030756725510205,-0.33462021949367526,0.009606335978514477,0.1842217389267451,0.345879756750347,0.05149616019649944,0.05319687940695679
-0.02296433357103162,0.03181722080111345,-0.007748982037969745,-0.008282883811512229,-0.006055802782617329,-0.017008438473950047,0.031149266753489353,0.006474097952147015,0.0034841273553100956,-0.00046964373959308735,0.01483192419661756,0.012714150312991319,-0.01263283576240442,0.042597965209651124,-0.01926790746561181,0.013832602678328297,0.03041168854419665,0.01388075234452482,0.012546252093010416,0.016242727862851077
0.8365965145755756,-0.584445919703969,-0.07881808965271497,-0.3324849537694994,0.22739710322281287,0.02942129649300157,0.06578842280483518,0.36455558502128116,-0.009356092774302008,0.0025716696592015626,-0.4693961840432161,0.007480197139897423,0.017784100908420364,-0.5826363159805764,0.7204165565240924,-0.019464584899273878,-0.6681547452264821,-0.13643829732835602,-0.005407031983203357,-0.6019847890001844
-0.008120994085500634,0.13894582315868861,-0.0022532324658763904,0.0008866401035699401,-0.07065807980816755,-0.04632378497646618,0.007103661386565017,-0.006817630876248478,-0.008419912074657532,-0.005755056170314087,-0.018603809357052872,-0.00028022198759383027,0.0024076284313566156,0.12996490987754913,-0.1660610226958492,-0.004346881362080267,0.16149686483719947,0.02228720250405937,0.0012589129810741378,0.0280166490943358
-0.10634389927424073,0.06890358040274516,0.3284387167309528,0.5777326053160804,0.29509352326884025,0.34646443314568925,-0.3252477507113899,0.02830165280385182,-0.010344562367159369,0.13557335375126492,-0.039641425717292025,0.0017688113375183803,0.0007861356929708511,-0.22471133083089295,-0.3796227522949436,-0.0029032844772067176,0.10418576027992388,0.07809689978600717,0.008822011916703048,0.020135728604070147
-0.3061571844418578,0.08933395790466601,-0.21444305431528984,0.04868403192367091,-0.02541023669590697,0.1764968986351379,-0.17706643412970305,0.620231814248436,-0.14576795481329866,0.3962614727014418,0.7318367760915082,0.7643601202978229,0.0070232056678058985,0.19653243951134408,-0.018038876775424397,-0.046832544714565265,0.2302075682226269,-0.00956770234717497,-0.13483172333507215,0.02273830080600131
-0.8859069944076075,0.6551399918559956,-0.6450798418644084,0.33633796607736116,1.3489540802277806,0.28594834182632717,0.23934515249995728,0.8317058973446741,0.008890671304978595,0.463250834219461,-1.9569483088761777,-0.020034675973869584,0.5914074347804902,-0.24966232435837513,-0.9776057466425364,-0.44253601121682634,0.8670163491027734,-0.38749989038616894,0.8772013014974359,0.9179287757128725
0.013831988959558682,-0.023782598687791687,-0.022283451612253116,-0.019241303633022736,0.011641681478948885,-0.012499315284588454,0.01144034732942485,-0.00494123298357851,-0.016127955930683145,0.01707691758074672,-0.026740694868184485,0.006497554565808356,0.013056282926928061,-0.044145472899914925,0.027824209239225038,0.014771669932292454,0.004450326487681694,-0.020685486309023813,-0.013912721221876607,0.005787603048733741
0.016776579841189167,0.014533271421235634,-0.029415238005734017,-0.015941583334387308,-0.002305268813787042,0.010796568404209783,-0.015146197534685941,0.036115260415721794,-0.0008197955697705735,-0.010061055614211716,-0.04017601353041562,0.013625391484789154,0.0036578164193057025,0.0017055753587096965,0.0001468416617915573,0.0015583863105599989,-0.019880393337061028,-0.011133739534387146,0.02657680001396983,-0.007578895920753238
0.029935614876161455,0.010078892979496325,-0.04436071036531474,-0.0060473498085226954,-0.05065660886293054,-0.008796630982249764,-0.06964627802909397,-0.03198562248301487,0.02112445526168255,-0.027022422105479733,-0.02350761610793379,0.0019222215313370091,-0.005837325832372401,0.06634502825026925,0.016847522277945025,0.019070918486911413,-0.019955284288284334,0.24807059644210844,0.02940284692109774,-0.002424373600041111
0.6248279629895368,-0.3075988825978712,-0.42590514727592704,-0.24121591749295532,-1.1667512947910565,0.00027453648613097806,-0.45711641620542176,-1.2483877970008128,0.0029690693684539613,-0.7654800794578012,0.9936095888315399,-0.001391081193405428,-0.026135080481733672,0.7240961576192652,0.5088468547843877,0.9118092208977148,-0.354297461562329,1.5574088733617457,0.873133661723023,-0.4349484530183115
0.007652188623058927,-0.037921189651437336,-0.014087046292916034,0.0018099253688074397,-0.004354795753137427,0.008181857174151569,-0.009358163844682136,0.01581061195281353,-0.0013982098860016814,-0.0026483888815813693,0.0451951576358902,-0.010470815426153128,0.0016579397632985318,0.02039203009543584,0.014449672563087015,0.009734922778520363,-0.009460382564015142,0.006172934937084597,0.0011838767203763147,-0.010758102219815317
0.032398347612631884,0.73496302571141,0.19639555905589073,0.8324985788454196,0.23013558471897677,0.004843232323612867,0.05575285048698499,-0.05610903046000524,-0.004562361562472522,0.004370130405724105,-0.34158843518714277,-0.009759970379471948,-0.0022458971942045172,0.6917016893105467,-1.0834969953483478,-0.006731671570104698,0.8293918833646393,-0.15770561532739338,-0.02939060486004554,-0.01625392410694915
-0.1370361266887451,0.07827363151483768,0.3503783531433481,0.05765952740739483,0.04159393501857236,0.5798633408896687,-0.7471426434111124,0.6376094260924589,0.019186380901680698,0.13687893319444702,0.04604421671684251,-0.005075713740941425,0.0018134392957817767,-0.359016483273471,0.2962368943540868,0.025613810407494695,0.10209233600279402,0.6122072734734839,0.07604002637015227,0.08363615682148566
-0.3303771527124286,0.22915245002289875,-0.03824602417311838,0.1482894252761056,0.023322663626474078,-0.02014363079992715,0.042008619794441315,-0.10883833273283705,-0.00903958550877568,0.4114560777935419,0.08102120920060189,0.010843281340261595,-0.009496502790695919,0.05875475559117585,-0.22374929231073085,0.013570313477306296,0.21267478252826366,-0.1462852459291796,-0.1590057090149475,0.25886487303373346
-0.002277957783509114,-0.023560592270170853,-0.010410862076069394,-0.014442769847767373,0.03587788324777586,0.0007932994988520802,0.044003562586283365,0.002977670030723946,-0.00361260539198624,0.0015726706586016324,-0.03603189013982603,-0.001681044473552746,0.010792681789615153,-0.04129051149382138,-0.004447187893980347,-0.006152158771762438,-0.01935884915146341,-0.0369663276655962,0.016758910206309405,0.00537882517046697
0.37477206098877747,-0.15842826020022563,-0.020762394754997686,-0.143943891341815,0.0346832635907819,-0.007581562223505949,-0.000326768815789389,0.20622218423508054,0.00027172341715465606,0.0018518580372406971,-0.142569956430125,0.0006715186459931473,-0.009714606457641753,-0.15614114797060602,0.32619435579229716,0.0022314421285245857,-0.2963540429102209,-0.03402111291932135,0.005268732809885054,-0.29166720752390024
-0.43542093049909136,0.7454292837523043,-0.1382091322478834,0.4874708010920549,-0.3120269654908904,0.015470010041017637,-0.15208768409846424,0.10861282150352693,0.6297514915472346,0.5485619873244701,0.008858652313814708,0.008400206604951919,0.012087107232955422,0.7773647057231323,-0.8910943032760835,0.10936784248807098,0.3396874858082755,0.10451984425105039,-0.127310182541324,0.4545901223456836
-0.10340185056353504,0.9325203719548878,-0.8635259182562016,0.4701019746252864,0.051773197869477275,0.09377524884030738,0.1922724665745795,0.6138115911208917,0.9456723226624857,-0.01928596944234034,-1.7878930548475753,0.03797941946588916,0.17271024415131303,0.8677349912434662,-1.3625256158923564,0.0668799568745016,0.28463727030958796,0.04764218923525203,1.078296076520827,0.671069424532013
-0.7644593793028788,0.6585701851897257,-0.7415951166434741,1.0069749510041668,0.6266507674316126,0.004108870235557177,0.5269227131117252,-0.3388141196251157,0.02830271007907311,0.9551480615919709,-1.2276803406947507,-0.0347944934449827,0.0069534765013652385,0.12579805620568932,-1.3660932012205185,-0.0003960904777541869,0.7023182414966086,-0.597403181742134,0.6021940928485896,0.8257620798033393
0.4053409022706066,-0.33800887193042667,-0.7023436790409352,-0.2614575637302922,-1.0302493032475883,0.24376924625085283,-0.6837168084934931,-1.178982652825202,-0.20590953310039675,-0.5377500827551577,0.9566477850374305,0.9610634985298753,0.03479067996368834,0.7957471865055953,0.6287662267017222,0.7492503795012123,-0.21068104100418994,1.4564570261059178,0.7218833241057111,-0.32680607406294065
-0.001539805717442921,0.828076610770105,0.17281727458188548,0.8660919908793655,-0.1299427476381832,0.0016105273392583953,-0.025300999520500692,0.12111398232926754,-0.04093703509048142,-0.024759035195909874,0.21898361473993555,-0.02538917504997125,-0.002141020272160481,0.7450082598205487,-1.0624324961206228,0.00881438154856521,-0.0025745503683508478,0.06846058429023903,0.0014639158778272706,-0.0468400521121543
0.016810012940994146,0.4200513025696038,0.6686129126060542,-0.00311305727518388,-0.5358425256460977,-0.027094067811672985,-0.1371820829641573,-0.08403515312725825,-0.014378799046692821,-0.017610797561706283,0.6815914932480975,0.001993879065858988,-0.005904473661076413,0.4906533032117528,-0.4544522410396074,0.004009197478789049,0.49650829936015733,0.27304421518404426,0.03412409217041583,-0.04519389575708861
0.03671254331691977,-0.0022624073505190406,-0.9902326573137181,-0.11020454491330754,-0.13696607016261098,0.231882514169126,-0.020028063888562108,-0.32552139783924333,-0.18259960483132698,-0.044633052170521964,-0.25783832222891523,0.8420769253564799,0.007998514677324042,0.40739647620109753,0.060594133264771845,0.17988275572521922,0.1418043042436185,0.3915022046210773,0.8981382195772091,0.10314150735768624
0.012757373756428589,0.04690500478293531,-0.01361208428595025,0.04851120745060533,-0.05583385707418526,0.015167168740971865,-0.05777474267484152,0.3920612721190401,0.11308053943603452,-0.026506580755247287,-0.06643130895810999,0.01700069775377354,0.026561041073663257,0.07078728830708952,-0.08555957946294535,0.0442042447364248,-0.02040375056034625,0.08145052201351739,0.04348143778441223,0.008138495160881085
-0.1959782257717528,0.4882919616575191,0.3451791266335978,0.06998965066260726,-0.11260424257062976,0.58826332646141,-0.7102008269325578,0.20856221255632768,0.004631366876550431,0.18287301676612774,-0.05053616190801177,-0.024419191086741912,0.016942682115364288,-0.030811620092930418,-0.1334461397390445,0.012913099733422678,0.5500739304333826,0.49533612466433596,0.0575664471741977,0.2111785147582389
-0.032553478754581526,0.02329001365950219,0.010707820197529149,-0.008928941015260781,0.011301921298654542,0.01074595113504076,0.023765952599591942,0.025980551005816352,-0.0098620099253349,0.005632667683994001,0.026210440065055456,0.01972774828015072,-0.011204310477946726,0.034368582716585785,0.01349054050865385,-0.0008364752110815131,0.003130363121378519,-0.044301147083624995,-0.021193037373585483,0.013874590223822142
-0.016409314333730086,0.4944146903798017,0.008455918392793431,-0.005981618707279637,0.3367096986199532,0.013376160802128214,0.08383263128556337,0.3496121255220873,0.012068219784413229,0.012322688291505849,-0.434008210025893,-0.006550461877415684,0.0041206338970325666,0.4406160611899765,-0.7123323971045815,-0.008652776607017276,0.5584493665958696,-0.15642922276665783,-0.014696519196365759,0.02375762390692642
0.017834564019849973,-0.043910682034796485,0.012477365701673036,-0.00992133420680438,0.9265401643784279,-0.00986056385262411,0.78645352403426,0.5465846191153207,0.011387988905423186,-0.020117273938839626,-0.5468707359337521,-0.0008293110324866303,0.0023360357365373435,0.004940287063209083,-0.21479920002621616,0.04169709906887774,-0.01624553255410626,-0.4220702606694813,0.022769662644577447,-0.18165998647956702
-0.055599706221560456,0.04491591127453085,0.0007383620660973261,-0.00860265175402573,0.009461183266698482,0.021266810939308982,0.01480867648794172,0.6224596570460363,-0.020890864161495194,0.030985287549372208,-0.03146454841692212,0.006238994760575415,-0.011216171648426008,-0.02600768542643335,-0.018992210256741374,-0.0293314262324767,0.04725721567166497,-0.018520471560903293,-0.022963703837915204,0.9194660145754869
0.023294074394323974,0.0119604619614409,-0.17735099864184242,-0.025889014034870067,0.03148091815292446,-0.01838090127667981,0.3193088323720741,0.029240143197693018,0.002501438034371751,0.005681674274922053,-0.21311560584861447,0.014434361868019212,-0.015227564135114505,0.013746900748988,0.18626510344290864,-0.0004589690616556442,-0.010179321221594883,-0.022435828805314615,0.17777954478877026,0.03593895805857301
-0.021434822767251165,0.007291605067388728,-0.05790664778479969,0.0064782162807135715,-0.014209532228960957,0.023887714401250534,0.5319252264790734,0.00024566593083258413,-0.012699594376969386,0.013133427219705063,0.1659919971330997,0.06164920114034149,-0.006620879510656244,0.009620616391473762,-0.0346627467110629,0.016793603849452957,-0.0036841284280398814,0.027514229591915584,4.2576044025642405e-05,-0.024710496338974867
-0.004865388150539181,0.5223133079859363,0.027890760799434637,0.021648297796202212,-0.2913050572693554,-0.011140603584178866,-0.06488245543784045,-0.04830955459521696,0.008370167430808853,-0.01100643967888915,-0.07869989970837139,-0.007386409412377866,-0.021586569886696175,0.46440022092091343,-0.6006053230831186,0.009688440792606688,0.6004739760239765,0.1377169445444054,0.009939474399001742,0.10781283939246158
0.0035097601221021936,0.010286295327322132,-0.008107285113926636,-0.0016332743995989274,-0.04662820771453019,-0.001602765944426635,-0.03842038452921914,-0.04404778709642357,0.009218657485844637,-0.010028650739653531,0.018441732120207603,0.01416002499643531,-0.006201983893173703,0.04921034413592172,0.004959110911817922,0.030081964670607385,0.007479379371081574,0.06341407075634117,0.044698036942973696,0.0008744289484021416
-0.7539179235979416,0.5921506310109629,-0.1935003864896448,0.29339764737756596,0.23338848837372975,0.575406695511709,-0.42089958190588406,0.06423765033102771,-0.02084730901936057,0.9205929322726967,-0.5318925485482311,-0.0021140544131786725,-0.018362725717722836,-0.22677510971699313,-0.22818598860990436,0.034101143947636026,0.6722587122654387,0.11535294339125216,0.2961424686995414,0.7581816549620048
-0.01757449027845823,-0.006977194797850439,0.047071377727070644,0.02494127199976935,0.04996834328868503,0.02777078885205674,-0.03286716505828606,0.12880792226199142,0.006626673506666689,0.011182964705070169,-0.02192218623563356,0.0021828947488270714,0.006292397690297592,-0.052969421713410056,-0.01864038293144659,-0.005588014560618187,0.0025058380076796033,-0.03397814688270419,-0.009234029351906363,0.5187407929186979
-1.0363261602388731,1.1512957832118762,0.06591058025781395,0.4024099297327276,0.9157544206076227,0.4694951771979617,0.18714613782740008,0.7075422513815448,0.004925819323540536,0.35368550627320433,-0.4185166376870943,-0.0013960159833932056,0.8974448710803788,0.3694953845843833,-1.473246382467836,-0.26526352140842474,1.4767182611029288,-0.9151276966044299,0.24308029008929888,0.7188435210662173
0.09814747098837108,1.0758733204995254,0.029827825450674233,0.8683164129188087,-0.444964705888688,-0.02178567690260657,-0.19125125323724446,-0.03340761421973638,0.6052760177891002,-0.10376597020708882,-0.36940320789430264,0.003891156927651145,-0.01654220294059594,1.1881766183060467,-1.9557314113792539,0.13025305537642368,0.7547323430065682,0.33274298856014306,0.12046721404542583,0.19172147445726648
-0.05576800123187123,0.0252746140604994,-0.10750400837722703,0.001954831764098443,0.0579897223481404,0.06745288564991613,0.05381188060998017,0.03853901446867844,-0.06083430829723686,0.0439222737047897,0.15313159406123797,0.24004572648030484,0.04635034896840125,0.038486654553331376,-0.03186007368223376,-0.037699108717663556,0.06790269362949036,-0.04715125235546221,0.0013128453753419728,-0.024589720163346613
-0.025984455687465616,0.03384484067075514,-0.013918239014082073,0.018804787562849166,0.07278489391988807,0.00972740339395854,0.1470420293277074,0.07894908575965923,-0.0024797514990031523,0.03388773630312888,-0.0088413827138724,0.010640774707403888,0.012197880756155926,-0.04287683871300515,-0.06012450895725281,-0.04161140445480222,0.04060097663085101,-0.05236131904205073,-0.014885308131955259,0.01632859475615916
0.2759643926821697,-0.1272058615547667,-0.00748763527393773,-0.09050578245633012,0.2164383235313601,0.8318817162740669,-0.399086146455242,0.4103393272113495,-0.012088728329884717,0.21733018622954867,-0.8052837335321966,0.0066842132926882595,0.01036529309805551,-0.7073856036301354,0.6828683626098901,0.05544921363204265,-0.14725484563558358,0.5951008468230452,0.609303445321166,-0.06508840488197948
0.002623025465161617,0.2707141657294367,0.015325556818725784,0.01354716693582603,-0.14762812414344018,0.035652271304613105,-0.05460121328831694,-0.01353284954119849,-0.014204650811121499,-0.0003672788302797672,-0.03346940090422368,-0.01826484874688364,0.009017196427778543,0.22281414381656,-0.3221291172437959,-0.006346018695217993,0.32355546141313873,0.09081088997194871,0.012785686921756164,0.07825767784395106
0.016032395805685343,0.041104249114279005,-0.006861023273292591,0.006197228006579328,0.0015694994853688304,-0.017071151434317613,-0.33126915505679005,0.0514444046270228,0.016959745995078258,0.01842320007607142,0.005014891266571203,0.0001919608094341379,-0.0049046631348708255,0.05153628256765691,-0.04724779737218029,0.005781974102832961,-0.013380307568225306,0.6734015690914967,-0.015054559197647623,-0.03617850352106176
0.0027253273046131763,0.012406536578181882,-0.009605313673541033,0.026035546312321224,-0.035572989313681136,-0.014233375884960524,-0.03888392010375307,-0.03116232128167492,0.006155174736128607,0.005541492858193034,0.019074852195534876,0.007797776163682406,-0.006035936308595552,0.059267562209981334,-0.0177798066151887,0.02492993799430778,0.012404432279475814,0.042588602958533874,0.008815460134272358,0.008666034394849894
1.5306320640493605,-0.4055345341168021,-0.5217833131861299,-0.23125468767341256,-0.7384103990757159,-0.013603825239482753,-0.4467060330656479,-0.06664924697864656,0.8651934942389359,-0.6981413897146809,-0.8621827485699431,0.01899002643059899,-0.008131361816613095,0.620639359253718,0.3779669853216259,0.7807558144608358,-1.126645935361698,1.201080441859062,0.7642438034576384,-0.760058286045337
0.3946892877737568,-0.25148475156755884,-1.1497133995525457,-0.27439025533971145,-0.8396161494495905,0.2404409814750558,-0.3941899301631729,-1.098818882936808,-0.22745448716314592,-0.48729214935503845,0.2121777677337891,0.987105349641604,0.012998679118863776,0.8054133763928921,0.482369287244744,0.679815298781657,-0.11833450381627605,1.3124015625619745,1.2228240833213977,-0.10682562428104957
-0.42422449672955564,0.2603858740733268,0.06703541333986297,0.16504336516888313,0.582534704474345,0.14287009262759645,0.14374987228611097,0.45209492198029344,0.028373733962195544,0.24312167852643038,-0.3688380074613866,-0.0012261339340951085,0.29896440963728066,-0.12609967344278555,-0.3828637049230377,-0.2284852645092195,0.34260413276253077,-0.5615172316754756,-0.042850921643005614,0.2774055541044424
0.03701659822368604,-0.021975479224474806,0.008713212468288937,-0.0014887232871927157,0.20402209245425282,-0.013529292361240564,0.06149569257687465,0.14319376427304387,0.010946496111075977,0.0075933423895311256,-0.10187565008084275,-0.015173158981771996,-0.019478594855017378,-0.02111707590206945,-0.021791581190184216,-0.003313338269821108,-0.02450066722096085,-0.09987494314866396,-0.04244516755603507,-0.07616403274449211
0.01166115645583575,0.016333893005091117,-0.016217860142120805,0.004344937797401622,-0.08299968112040457,-0.005230271374233805,-0.04563452670176674,-0.08019153061883091,0.007086361096603423,-0.029960618958737428,-0.006063845977758872,-0.013137616794766853,-0.007582180179060271,0.056692402356085116,0.01103066323499874,0.04766504052372222,0.00399209675774461,0.0742767470279739,0.04811843735383741,0.0068659915979784585
-0.03919891077040554,-0.052643366090489405,-0.23300770989534214,0.18329342209551314,0.07699214158010388,0.16620185057118753,-0.4818670188530125,-0.07947850300379967,-0.12566363690126225,0.07839544862562631,0.4050876740202213,0.6387857753809613,-0.012518843910149423,0.12304480164200292,-0.09074642225053658,-0.031335222753713636,0.0582372645251735,0.8167959758612472,0.060184768113015236,-0.13760805083165112
0.013457284733798754,-0.012268087866028508,-0.02550500574910774,-0.006721487569626333,-0.01960022110543024,0.02519384489199642,-0.2784724965382589,-0.03039896879566966,0.012350276955906736,0.008376469727507403,0.0015840641736034693,0.016062584808115385,-0.0026174930384274837,0.017418987784868153,-0.0007307142038637873,0.002563742004116038,-0.013966803028837637,0.5794254431603495,0.03848474810175051,-0.011402950012719057
-0.03677496532161066,0.018838904660779084,-0.004305894007774164,0.011383329957061452,-0.026420158950344188,0.014496386381167606,-0.02631088637402672,-0.061989507620367104,-0.01749736257567931,0.06538306004675219,0.044833318842780585,-0.004342413884497776,-0.016018341159052298,0.028205618217966598,-0.04210887226171496,0.0012632173527460724,0.029440440579430953,0.053282177094987185,0.020797759263776854,0.9153691682820879
0.04632677328291453,0.2736763011948631,-0.07681443763867127,0.16297742116730654,-0.20169624304534256,0.010301860974634822,-0.1270689490266721,0.1637361781345025,0.43037791255373903,-0.06313061688872416,-0.1888859579209632,0.01771576555319538,-0.003367072210573064,0.3856668167624856,-0.3771404849445561,0.08362074382674674,-0.020132594680899944,0.1918142062564511,0.12955393010128174,0.093662588079513
0.003698404605819226,0.04336330573516735,0.44190103358426447,-0.0035378649194224357,-0.18750893152312748,-0.013492832140279921,0.07958400016739962,-0.0005822739496618315,-0.011331031367912896,0.0073371376236651825,0.29966449866042183,0.002128545910633775,-0.0013087418609197795,0.08785646765840342,-0.001233216813693705,0.0177110332709422,0.05383238168596206,0.10187113086877264,0.33172622640978466,-0.04516709360386241
-0.0274903772166529,0.8849960929464872,-0.5751274154818511,0.005036165334505115,-0.2555421844856761,-0.009140952423499927,0.18508576768700247,0.35705138077645854,0.015369467090462031,0.027727733354461798,-0.6248467626551931,-0.002210408590905042,0.013150729350516513,0.7229744591628666,-0.48524807166882394,-0.03633129216312876,0.14168617133052927,0.0967014890818031,0.6483414913330457,0.3373408659102025
-0.08483157920709831,0.3045536348264204,-0.20623389960767521,-0.05879963805693481,-0.2337815106879417,0.13378933190801826,-0.20974686006397675,0.13617361324863156,-0.12859959294867318,0.08988226699142599,0.6609410420680562,0.6263253527624131,0.00518098883862847,0.45794692561409284,-0.00695730414327838,-0.03832343358639009,0.01894044765170026,0.163646406656985,-0.04531107342316534,0.27865725980433176
0.0038171824342895645,-0.03278762053699299,-0.008999504720640103,-0.025449478698019293,0.04444618146608636,0.018628374332813585,0.0005114647025632199,0.05035149171759426,-0.003196693073334999,-0.006439925955294173,-0.05937319417731657,-8.869227441053599e-05,0.025097042808457336,-0.027883511543773068,0.013120037718308797,0.004699146044930408,0.002843726380923675,-0.0418465263468025,-0.004347107656607968,0.004762583151276775
-0.9618765515027716,0.5942855715620543,0.5746854000511664,0.4316282666174663,1.0940894283397948,0.9963171801436886,-0.5195053673292784,1.0807781990223244,-0.00812159531742857,0.6498122511194676,-0.6043749122496538,0.018382409163493128,0.5024318541259132,-0.7032344810272692,-0.36661904775648224,-0.3993096519263276,0.7857866587458421,-0.5575955752510073,-0.026495286629616248,0.621855265327212
-0.0015912728941632182,-0.01363403332569273,-0.03370693595812845,-0.012558028853633474,-0.4575885272249767,-0.0070767375498384175,-0.10647427936506605,-0.29996989900815135,-0.0050658687899448945,-0.002429424645097214,0.5742768188608525,0.0043332256801576,0.01384253475079652,0.7622451263453397,0.11332077755624849,0.030653245517673004,0.008822889067129554,0.22749682747243785,-0.01709338077842234,-0.013109855120641094
-0.01324709299103263,0.17779564102793333,-0.009407462416942389,0.011834111907988411,-0.08787032376192526,0.015076636635121021,-0.03140735763218597,0.09092892783868245,0.011842059164702289,0.014008891349160477,0.03993418182332095,0.009324268530637525,0.0032110576742859593,0.11741614597836172,-0.052762492241183546,0.014142751882690374,-0.02314041851646105,0.03481386875131439,-0.019406665045845657,-0.0014139951469648894
-0.30462524250112316,0.1909378141320978,0.7052764441475662,0.10321115955973917,-0.0235246123045389,0.0007570125731964032,0.008996786187611145,0.056956684293950184,-0.018217962419606208,0.3931886272694957,0.6733560025410594,0.0019554381072669474,0.016528250245321407,0.10286451455433204,-0.16394915484886763,-0.020841087655943107,0.22550828203946233,-0.10039626358166247,-0.15159106391223212,0.05374673347110026
-0.041107353941810254,0.039713996954623965,0.014219713177225814,0.011093039057897294,-0.044297245103623796,-0.0018774290252914286,-0.03023134974700728,-0.033902293152757626,-0.005810790120606884,0.03160741138760311,0.06870419077744208,0.007270024564347798,0.020530313284993527,0.1344235508879617,-0.010293848361641763,-0.013897918000390582,0.022965368083181927,0.0030449409235037295,-0.004741883754766415,-0.0026013248376081915
0.9856716778802977,-0.7265478259714936,-0.0737189899003342,-0.4045009031889756,0.2022756429705526,0.0030690348847569435,0.6127696202470553,0.34152393393459957,0.0053402544415468755,-0.0015644068729201727,-0.52583126676407,-0.014682631975884385,-0.0019503147513325503,-0.6477723586993644,0.9090683020618368,0.02421540120523337,-0.8174523757551654,-0.07195702736420358,0.01457429944482583,-0.7406921958400091
-0.7317852551991553,1.1065731265595027,0.14308391628295938,0.31242428074492434,0.5962589742414902,0.2776580651279164,0.1663758801366776,0.6675593383535057,-0.005993896940500488,0.38844317533303097,-0.7021933351364912,-0.0054513818045839125,0.49357745425094923,0.36945699110808017,-1.4024244600293578,-0.36710191447904506,1.351767926627489,-0.7914903393924727,-0.08425287809634092,0.6774876499959263
0.008398484283279793,0.0026526737179223643,0.006076777362301242,-0.006827456086720007,-0.032500363805815995,-0.001359841541866389,-0.011346740200844918,0.004014524295527692,-0.009093352800793625,0.015356816849931669,0.027178895122653576,0.023445295602445917,-0.015078936020402722,-0.008436663932422093,0.018513049822816267,-0.0016884255616146913,-0.011853254278118699,0.005187214040562594,-0.02492913688082015,-0.015172856379995197
0.012245564589824648,-0.011271700644811455,-0.020392002314302018,-0.020236143262808537,0.2256571570786325,-0.010817866501394787,-0.17414356915292142,0.1442465074913415,0.008121301862318964,0.0021811206221444414,-0.1462400630992828,0.023860195272136227,0.023393626760867516,-0.03926894873342361,-0.016520723028144904,-0.0018919378226134771,-0.011146828027333187,0.3255895938787966,0.027539842542313616,-0.032494037103578365
-0.0845659157839289,0.3806419532521848,0.1838448188165549,0.2521933456800778,-0.14506318023234208,0.4954682169710893,-0.6544920028476329,0.37371167993633303,0.4598099060852215,0.08035727868868807,-0.10999591915950378,0.017539451056328467,0.01883305550496471,0.11754660087321059,-0.2646154527503254,0.0790638126748812,0.10266329951176549,0.5198604350496524,0.1569019964046272,0.1472215577381489
0.018627936130418507,0.016232988634334772,0.006817668090588546,-0.014745027049199883,-0.0021467766725932697,-0.0016726746931063343,0.01535308224825076,0.021751089135283216,0.017228387837147502,-0.007493221293696339,-0.013330726453750816,-0.00836424214320644,-0.003029798971435675,0.0070410421377504594,0.005372848035484022,-0.00898348280969359,0.0167260142031012,0.0031783091888267926,-0.0025801554822532926,-0.0023943891752900744
0.042842857170300654,-0.00866667961860983,-0.0828263763430753,-0.007280571872687671,-0.6013097300778004,0.009324153508256154,-0.1742687437027751,-0.5142602053297654,-0.02802895410223995,-0.03844121120158908,0.5921582511220508,0.019882607547359835,0.0028661659387321683,0.7846760846531223,0.14642178405838976,0.15807405333469976,0.0131587001957381,0.4406776695318709,0.13427866713300268,-0.022379407203180116
0.018328705415119738,-0.004209588064724464,-0.016202191207967936,-0.0013364857260951192,-0.03203513358193777,-0.038877174136736414,0.005332197390919757,-0.060127942774612905,-0.009344025464357515,-0.0256261908873937,0.03221322157146591,-0.010217368734535989,-0.009831402470154446,0.047997190842562806,-0.039029364745882617,0.024276742471889656,0.01582015049270402,0.024145236027950805,0.005483981483325217,0.4306669722841982
0.6829334393770868,-0.3792722581761238,-0.47650173125900186,-0.26301017536782406,-1.5380099036028942,-0.008674183470496028,-0.5676352633296842,-1.6474688734263507,-0.013271053685712384,-0.8430243218420524,0.4938900691924119,-0.002992874229698731,-0.0012383685936474863,1.144120661133559,0.7785904158441436,0.9955798527073895,-0.3994322809407153,1.8123497133144366,0.9758653495834658,-0.24417023687453704
-0.25686565953967416,0.2721061630128384,0.5009846305440643,0.11909845401464955,0.7138341732109229,0.9062026711412264,-1.117228289014648,1.3285611834155457,0.00186672692243071,0.28520707568310094,-0.3405511473196531,-4.889400571360088e-05,0.009376828897527098,-0.45844113542393033,0.1721178034193317,-0.010332231615356787,0.22951655809867752,0.8433602411966266,0.05635681857242741,0.06875170155668499
0.10537422435500284,0.3501356337130197,0.3070300954157147,0.8683073541787005,-0.19323296153076927,-0.008457678758552401,-0.5906530852441576,0.037347448174720146,0.5662794262437574,-0.10990542823606389,0.03444302811650063,-0.007767122313008903,-0.016285473746259854,0.5546366578459165,-1.0708274720120727,0.1274764421125183,-0.05299515897679412,1.110333134761388,0.10354246208409336,-0.04866817626640963
-0.08027117262991938,0.6277215842249346,0.26783012770334136,0.38749334977235494,-0.49734106641250647,0.6566317555603501,-0.694044442776878,0.435566608720083,0.789557461081104,0.07577634815542918,0.016518943110021077,0.0067264130443269645,0.017882281612654018,0.6262480910200464,-0.4161308045599523,0.11900153503731338,0.08133727475873224,0.8807345841880172,0.17217193410821147,0.2188521028835887
0.016090521701441856,0.018232935721331563,0.021780254861490985,0.01292671894721437,-0.03440040710067204,-0.001499141045470556,-0.03641189069771038,-0.010024109704799935,0.006516154190005348,-0.03386387335734283,0.02774102789716499,-0.015780566359451183,-0.006497130566675558,0.031775426338151,-0.006483465927895879,0.022586984926819417,0.007032351371460349,0.01593068071678735,0.011043416753852491,-0.00710013892211854
0.014805896375313935,-0.044568012261732695,-0.0089070717194393,-0.00873080950917268,-0.018032910723260173,-0.0119493700079538,-0.007005850780258568,-0.06374950782368444,-0.006824628051714883,-0.019231201922502876,0.03174348588752055,-0.013297389106122656,-0.01207315404582459,-0.018751012551372473,0.062372190363602066,0.013467301468548638,-0.02208138309152921,0.015577087595192387,0.003195241985951626,-0.04047981089086871
0.5820259911263004,0.19018829161013015,-0.7745021564731139,0.05806828114651065,-1.6423620314360077,0.15646271493636293,-0.8845940928242969,-1.16595205251254,0.5915922059346713,-0.7043584049276179,0.4283328042407257,0.620478785686814,-0.023333017058421765,1.570543817365575,-0.07346100178520057,1.0848659014295956,-0.3116067818078942,2.046342892155855,1.0051024971932347,-0.08899432493021517
-1.3319935452679132,0.7575933687233449,0.22872350277951056,0.5391229860265747,1.6831953324543998,0.4505890092644506,0.4711194581036847,1.2482678702622356,-0.0036083132467122506,0.6944864093558503,-1.08401330175101,-0.007584178024594424,0.8925189404314092,-0.43414941940257074,-1.1191455835686717,-0.6538744738033929,1.0803219282217622,-1.7196891674848724,-0.1400039797165965,0.8996471377537442
0.04881234583912346,-0.01426611837452946,0.001233774747059142,0.014199640430557652,-0.011236578757530251,-0.0029015069218146154,0.010566408002988316,0.2223438180467995,0.0003118742250350086,-0.013007705811058624,-0.004992368012318583,-0.007667077477548615,-0.01708913323285194,0.006950633150073675,0.012640426176433302,0.009621169019463065,-0.03479267836472414,0.02943130534883527,0.005648499965595117,0.2170018099965081
-0.29768087656337827,0.264082004992695,0.005753588646321722,0.13949594309542868,0.012418095537849737,0.01770250174070175,-0.002696501395778155,-0.01813995636938805,0.006288845887448255,0.41912697186954073,0.06690238673646465,0.007371525523750067,0.01718626841522248,0.08849381594869185,-0.1936615805066408,0.007766456500582516,0.2290372154205181,-0.1298162009450311,-0.17110506604100667,0.21874526303763825
0.11721961009925111,-0.07574624917576572,0.5121088842048687,0.7804213267127117,0.1959228849371182,0.003819952191128113,0.0359079167718617,-0.19684492982117513,-0.0031152931312934656,0.1095046594569758,0.2665243824043299,0.01514985723344816,-0.003021120227687882,-0.053668679159402516,-0.5414328104284384,-0.005334551800683837,-0.09263800503642768,-0.12087957345171102,-0.016245766004817357,-0.2718866508920771
-0.9433218940095095,0.5692087656488273,0.3572525240838205,1.0879373546233393,1.4582608619627582,0.3339862560514341,0.38424394374290066,0.7157165435232581,-0.009031280854208826,0.5120424100656623,-0.7852613295157823,0.008547621311766496,0.6408481987665869,-0.2704359498188654,-1.430362917466971,-0.45197053196561743,0.760507738546581,-1.3298737139248118,-0.11372013658095736,0.5432917290343936
-0.8235678853473838,0.50562509639148,0.18376614614291698,0.35971357642567103,1.0824236191132182,0.2726717070671351,0.3122161055438151,0.8221025116643131,0.029260859508564538,0.44469529464719804,-0.6509609871044004,0.004222797421497622,0.5722862437907797,-0.2646231996919214,-0.7463707623367744,-0.419093663375395,0.6644997888105463,-1.090254694597993,-0.10981350683935216,0.5656914654084971
-0.03233411295323716,0.032308720593698825,0.003499021040522711,0.02075868261834375,0.022155837922714784,-0.00206992755043687,0.959907166568772,0.33613349217576594,0.005964000835464412,0.004533493238472833,-0.03807485750630456,0.0035692747902507016,0.01372289320683259,0.030774523290188264,-0.05902427006942816,0.01586244492427921,0.03595671298131804,0.003444575054182392,0.005337583464793111,0.017646540961473528
-0.4556823380800155,0.2871567064458647,-0.13550728759914066,0.2118545112638603,0.18294409037731402,-0.013405198336315179,0.047727933700080126,-0.15161899755707192,-0.007813139796237507,0.5242800677335047,-0.031838065164771535,-0.002056174630424421,-0.008030441481968627,0.1643200182070332,-0.325287838397289,0.14736792084723283,0.3306336895809797,-0.15149166783307189,-0.09365937470755302,0.3480647314978365
0.009396291498321812,0.00027263530861345274,0.001358154289260405,0.03257667831621487,-0.017866478999169863,0.019852976503146463,-0.0178593813597807,0.9783845058614921,0.023712239430388332,0.007956796200501532,-0.052444669971160124,-0.013017798725492878,0.009052651173084268,-0.00160877720685791,0.014149293127613576,0.004541228146923776,-0.004893938055034967,0.009741211479460648,0.04860164666315268,0.011519092420800838
-1.4481109276812933,0.8681311419020052,0.2808090343003708,0.5813012898783572,1.9096851184904053,0.5317194086883434,0.5725066874910406,1.4443058680115446,-0.022589104081577518,0.8020223871873842,-1.1591198448792226,-0.0007435593164315489,0.993663486219759,-0.5139195763911779,-1.1813701867698587,-0.7467367056166546,1.1540851645456531,-1.6698066266741027,-0.1752908963056389,0.9556442291234212
-0.23393527868958885,0.17749018105655381,-0.05931543233987788,0.08077600434810638,0.024437481963165298,-0.0033249544492374027,0.027125793800900213,-0.029168499249704837,0.0061520466473572845,0.32138031999136424,0.0051406898171161095,-0.0073274030653130455,0.015109732921045164,0.03459702722823034,-0.19106983176481407,0.00018953736344067256,0.18069046514500275,-0.10195410470527733,-0.0912197421405245,0.17605400607802918
-0.006206715524499313,-0.011463839736233586,-0.006801458622188311,-0.008220423323828194,0.005401990897628675,0.009364859380987845,-0.035492491865998996,0.011554374370226982,0.0073673595046821715,-0.02138653837884574,-0.04313352174592412,0.023303373987425,0.012073590536109801,0.016098412656725722,0.00527568446072409,-0.005595912335410168,-0.02755587453268203,-0.002475107026536305,0.017308307302940515,-0.008078021572441977
-0.40927420653033925,0.25958510794950845,-0.02575213425273261,0.18367005929675895,0.07092461145480523,0.02331511625279092,0.013519450986636834,-0.07271334546248602,0.014728757614663475,0.4502634314438793,0.025181691496164005,0.018162895450451334,0.027058822220370215,0.021387482248823458,-0.2661073989266657,-0.009641216989466959,0.29393742501342607,-0.16222299132112034,-0.1601157758734226,0.26029745212637956
-0.39395004358407043,0.16138491561862003,-0.13271519165363424,0.11817623195854084,0.36593950427969724,0.2652580771840003,0.3285501964741995,0.27597378208391626,-0.1096064963282835,0.2803195691874415,0.23883376553575492,0.5769295819028137,0.193926187118825,0.03405467549491133,-0.19202577476162377,-0.1892483153363466,0.3203670616534536,0.47784820400269534,-0.0480857915618374,0.1595854232068505
0.11825759162378331,1.1764160496768101,-0.11258351930221779,0.35146369924131704,-0.7396333385161428,-0.010455521750128842,-0.28479837031941097,0.5598539718975539,0.7515468761297194,-0.15091670190658385,-0.08054670603673315,-0.015897869831038056,-0.004595244470431326,1.3465116064540752,-1.0304667026691923,0.14530263544680408,-0.075300470735481,0.5394020978212571,0.15861890995673258,0.1658246113482127
0.006185411319110179,0.01598383741667579,0.08754741719321406,-0.001177275317638832,-0.02172085227060866,0.22875111929584513,-0.7093075633964849,0.072699074596797,-0.0014318301163826872,0.04117140488201695,0.024577856930922095,0.01019783720613346,-0.022050820481558826,-0.14093872937249227,0.1659699586436834,0.011658507314872845,0.01840318531954675,1.066527708930686,0.055939598941794524,0.0007395419021873424
0.23486014770394104,-0.1349369316269792,-0.05576450967839113,-0.05864501800721412,-0.009500053229896825,-0.02348976501130413,0.012352038228144619,0.03392962774281597,0.02836645209221649,-0.042062206774747694,-0.10823341559660715,-0.010713952230497393,0.005706488498633722,-0.11205088760410226,0.14655040374170863,0.00829325850420223,-0.18035463878320016,0.026324938800978685,0.03969094519465022,0.5823578014319462
-0.7107761961049576,0.4418199156466606,-0.09011118126327407,0.2620520883496815,0.11301460140159014,0.008625266426051914,0.1178540695470963,-0.12945011532563427,-0.024425545814339332,0.8829161066301093,0.14698020906083734,0.0014387904101773306,-0.00021859055643204395,0.02890433010011053,-0.40641495082370654,0.001781025295619661,0.5378366237991882,-0.3180567916234244,-0.33590047090724556,0.5273962642805384
-0.011395539983109852,-0.0005232727355031557,-0.03667922327338282,0.01316535640087705,0.8639940428669489,0.0064489390734761825,0.19582857107461404,0.5082516410780836,-0.003556231036143915,-0.001417168925642259,-0.5305375477432729,0.016543556097128303,0.008183379576758004,-0.009952329184019662,-0.21077727690632816,0.007470687623276713,-0.007588401032007654,-0.43197282945028315,0.016404044446353704,-0.08367412928723686
0.8266344958090737,-0.6079126885761175,-0.06773137261651918,-0.3391435360315478,0.2313635039459593,0.018259535596534086,0.03297387637745491,0.33844199650745815,-0.00018504492152978877,0.033056228135121456,-0.42737316827559463,-0.007641028143039271,0.025472819365011216,-0.6007612667563799,0.7963806758686527,-0.028389891720780398,-0.6789163816043293,-0.11305340576226591,-0.0175035132138857,-0.6444968815147644
-0.29449250514536,0.11086747708681091,0.14877648454529221,0.041261857246962456,0.8345448930546573,1.0228687510559529,-1.3897296283497422,0.802662672268246,-0.16726723281375622,0.3537996081164423,0.22264547130209547,0.8370995185757999,0.019571690555812274,-0.3021798054666017,0.3004036407515637,-0.05377614062225557,0.2629007161113024,1.2023132103678202,0.04813694311170754,-0.1054174590449586
-0.11398256198627008,0.07634849309289038,-0.009305199981545484,0.04928531413352209,0.022064129447193482,-0.007806947091236655,0.03519915388399289,-0.025873167393732396,0.01710316331931573,0.17637908725525903,0.009056359211831384,0.004711749168457608,-0.015472559635404115,0.026038524344726515,-0.11280373629764602,0.004983790797626682,0.09677745687957105,-0.07282255839056821,-0.04932292641585452,0.10262942403111487
-0.003913114233464082,-0.022357516860744945,0.01633431950926747,0.01755535662520291,-0.00184286812069196,-0.006031090691425762,0.01723699324848669,-0.004877726604109797,0.0077262730025661735,-0.02165867561795442,0.02602674097228425,-0.0054343409336206055,-0.010884483876751425,0.0073127707282975105,0.0010523289580397373,0.00028405422056676163,-0.03474448496765503,0.0015833749934274501,-0.013183585861175521,-0.022427637741338453
0.09613104495579604,0.3512257914976308,0.3072627779452499,0.24265238336645983,-0.5022340173462897,0.05651138042823839,-0.2943441963672841,0.2617844544944673,0.6043263433780726,-0.10773167774609865,0.39026032800143684,0.2510568643876113,-0.00850461965337835,0.6551957539631776,-0.4981586501075287,0.1407691198654457,-0.05900903512788491,0.448745362998704,0.1337668653006381,-0.06479879866189406
0.10730262496470566,0.4272867226216684,-0.11398737096227765,0.3191663970414925,-0.31074050376749685,-0.006330414588012746,-0.2145664903943072,0.29822264684915256,0.725894370560545,-0.13365797635060783,-0.019763047445898282,0.016330953802382028,0.003875829271192283,0.6255358677057504,-0.7235393527803483,0.14302465006386364,-0.06649777967020695,0.30848545657658744,0.09699959664192351,0.23470160788364233
-0.3734006641448417,0.23720517610202313,-0.029534012680842665,0.1423911549938483,0.04850228034073054,0.005615751700793288,0.026071814823354477,-0.10686523381176394,-0.012859583008240822,0.44562338386246503,0.10714927022700758,0.02245558171433614,0.00199693247568575,0.03117007820246516,-0.23448997405401115,0.016845996615443178,0.26156263166010035,-0.15519564053768006,-0.17877295912296345,0.2508710061546481
0.26188233156134627,-0.07929228651646486,0.11321519346773011,-0.13418623376598876,-0.019645715043072935,1.0128760574325313,-0.7164180509593179,0.6980397925138518,-0.04014359646242984,-0.3152535993145875,-0.15625481995339238,0.18440709714688197,0.0036668049351570725,0.0728899651589208,0.6975826810641602,0.7229790728092613,-0.08506636198090288,1.5551994917572334,0.8287872110734801,-0.1560159169299934
0.005536599066555959,-0.0015326128487273198,0.0126317942897535,0.00561352425663088,-0.019560264966615087,0.018457722298668232,-0.012425604512157544,0.0066244145408687755,-0.011119463697515122,0.005703610235296333,0.026811176773398848,0.012324135466649004,-0.02512646306760004,0.0005780159642045394,0.014629281137539165,0.012540291698639513,-0.0076879907563421,0.021881408181652837,-0.002238440127584238,-0.011657682772062871
-0.08169881356991461,-0.08576431903758863,-0.1793111708363321,0.6249721935117317,0.24491085674160934,0.21121385072220997,-0.15272913271299562,-0.2306498071218015,-0.1873632208940118,0.09379322162733131,0.6825890744805319,0.9097524062856163,-0.0027031862781473877,0.21727682230659187,-0.4544641056648294,-0.03388332627249242,0.0724513406818462,-0.02795009101065697,-0.043741590675898154,-0.213198239712191
-0.16528888578665876,0.13457387836091264,0.33698781049144105,0.051417332936106834,0.053312105114840885,0.5716726051700411,-0.6391636393036769,0.2516571485551548,0.011554710323229469,0.20191189041443144,0.07838685537890908,0.011097494489244741,0.0020408547725202994,-0.2803553874261071,0.9491033451518789,-0.019557069244527835,0.15099858639554614,0.35023564427078807,0.0040771069379235,0.10443495049933649
0.0060909696856788036,0.8382005439837106,0.14669007371094697,0.7466945571368252,-0.21235676992274227,0.015278528532587363,-0.07340319300629708,-0.26929957349010586,0.0032841550094187093,0.019090346547004276,-0.17268568268128215,-0.003351914775353055,-0.03034701822911886,0.7623404864218278,-1.5919952975847678,0.00899567749376664,0.927723555626416,0.1373712712416951,-0.00010341800029005453,0.12814000681557303
0.01195500747856183,-0.014804652590840343,-0.05076119855579961,-0.01527952372028062,-0.34706304389763876,0.002239732559935979,-0.09041448619097969,-0.2172824025862161,0.00540242461416318,0.00606657765987868,0.45693348706218906,-0.0027175942882427823,0.009671477321859103,0.6232551495652187,0.12098093174093431,0.0027896495847651113,-0.0025296528310888916,0.19590891807928248,0.012602566802208708,-0.02678398971368551
-0.010003421542693212,-0.005835816112773985,0.027592079131696368,0.02038237857558956,-0.006166961102669075,0.014296038616189718,0.1944028621595109,-0.06365554057730863,-0.003725501286779318,-0.005614204851704767,-0.02005961083989555,-0.013977366140823497,-0.0012884837115588216,-0.03452687143833798,-0.0117127981785538,0.028177521742979827,0.03833503646031275,-0.007748096245463437,0.005936814533644837,0.0181942434985627
0.1261916744804308,0.6121336290866995,-0.17328035090552982,0.4016030594210026,0.3254645241848723,0.02191714508191756,-0.048981292643570915,0.8322111172483997,0.9500233430718853,-0.1518836015784529,-0.9138802196149091,0.005386431292589063,0.010691920063046373,0.837827716480594,-0.835888145734726,0.20672383836245964,-0.06395302702474623,0.08323908926205716,0.21221876215852253,0.0807505080639126
-0.0019528009278868101,-0.009754726182600896,0.026461902083317633,0.03002600033930714,-0.490823319892139,-0.01955949427336649,-0.12328931226116446,0.017118279285962983,0.01389454234007572,0.0011078818022007301,0.8644107129324824,-0.0022359430760830325,0.0115355356264827,0.8505993892123513,0.08920456750617839,-0.012661960020017352,0.012092867535100329,0.23976482692061718,-0.00480876305682921,0.12345356308341005
0.27193079084259225,0.3445978148794719,0.011608169422943543,-0.035970468836907334,-0.17712871763939547,0.004661132724500302,-0.027579532695774976,0.2952964530288618,-0.002064409578203853,0.004290055570757286,0.04808201824962096,0.004361231174713447,0.014280650524655176,0.27933589264016706,-0.013118034100464599,-0.009514386467630483,-0.18817920204678376,0.08730814541156742,-0.008309599417610173,-0.1406343260072674
0.03075248316640794,0.3712533515851792,0.00459024855664187,-0.01931664134622775,-0.2170870609293694,-0.009061906347147269,-0.027873877662277287,0.9526888902601421,-0.021218374619228254,-0.028403025273378152,0.13047599757670333,-0.0038635143117801574,-0.002304127699124116,0.3461861563543832,-0.10311617694467609,0.019164862517727553,-0.014734297085621339,0.10787736210635832,0.005126609173497115,0.009115286473458852
0.012594360428754395,0.03205187942523859,-0.020830600740462543,-0.00023167345780940535,0.0005830879605222715,0.02047114869541013,0.016252877147010063,0.023861527326347238,0.006274906721049248,-0.009346200911116423,0.8282487805412031,0.003066124651342563,0.005937383216721515,0.016008436741812508,0.12120895092816109,0.010474632165050908,-0.003861780450659782,0.006218327141481676,0.03400161018965876,-0.2537319233858249
0.7871030853100717,-0.5558358798508015,0.1396236374574133,-0.3204582087579179,0.3047228307008618,0.4289872580076911,-0.3806608586901446,0.5470282214489064,-0.003389069564545351,0.14886310126415725,-0.480150118038609,-0.0018067927224393859,-0.0008059418240138586,-0.8471881580755948,0.9907904269700714,0.01170964441161908,-0.6585429508346091,0.16435318683300215,0.03034354672466017,-0.6291106999798368
-0.006828792665195425,-0.00611413480563443,-0.04039790847184167,0.00886286215619517,0.7562966836440745,0.046823443904438045,0.11881062705757534,0.48427492854567145,-0.04181048174825823,-0.0034553974030840625,0.015077139278940827,0.12490879149352917,0.0014667448402142435,0.05393575623262644,0.3780975887150406,0.0169132762652627,-0.0046342689553025545,-0.33269055296796124,0.0320136632695961,-0.24777110697803756
-0.013848026789715246,-0.014755103043607564,0.009403674176715848,0.01255522201358252,0.0512046528583967,0.008363865767830178,-0.0074504086113671205,0.022275202163585382,-0.03720949274158017,0.013283711416018059,0.0008598697409591578,-0.009863770749528435,0.009217328046663989,-0.03905423392914405,-0.011358258095457903,-0.02551622900867065,0.009781130725396242,-0.04115554030643704,-0.0020329176377582355,-0.0015561276147035177
0.41299198699309675,-0.23947858722603702,-0.29018022478754624,-0.16224621728836852,-0.6141314294570801,0.029304535742344765,0.4745649237021777,-0.7994822635847815,-0.02209472110852097,-0.5054844511358755,0.17301801210921192,0.008634553699228602,-0.004985116522069059,0.7487494755241264,0.37554469228436316,0.6119461112509408,-0.2305394440182104,0.9831860757445832,0.6135095257748276,-0.19047885621946573
0.0964145370446834,-0.13905323712044518,-0.6271671959263969,-0.12456359143801311,-0.485149258549322,0.22229181378020138,-0.44457952905081916,-0.5914927408579315,-0.17028107636021497,0.1960291736768769,0.6789833414952878,0.904316488276402,-0.012959697879645786,0.436367914522507,0.39371220356941466,0.39649777842584966,-0.01930511739088468,0.6781466498786083,0.24876432234385468,-0.1517669676795613
0.8538857894675677,0.02682295333752717,-0.6441365203543052,-0.3484339802543625,0.1289618798538965,0.006824565654104621,0.31525146393788434,0.6041791126578492,0.0014672828708983494,0.00962465669522149,-1.2478754648442172,-0.0015060294084887596,-0.002418371838051918,-0.08982568878769723,0.39550109831361757,-2.7381141242880172e-05,-0.551730927857444,-0.09940026541287975,0.6636879353960556,-0.3683392643672577
0.00013513057655172543,0.18025323694673887,0.028223786955822054,0.11582680138624527,-0.010761141181741641,0.0014371793113978962,0.02324811044383837,-0.010586909309460003,0.010326011210410987,0.0019976714123992826,-0.033744284700342554,0.02637252206628926,0.01818971515496716,0.14880246028375876,-0.3317005893813161,-0.0219033774155298,0.20628652836185504,-0.023352511537525433,-0.01259377834299443,0.029170798741582984
0.053421692125393175,0.5142497376793395,0.06151514813780357,-0.03637644634223231,-0.3468692394749649,-0.010638094045220248,-0.08735649375484146,0.21294088943286,-0.0014974896970463853,-0.03362114150853143,0.27385023135013015,0.0022107941004118788,-0.010489202521740095,0.46755774937563277,-0.15175836986523308,0.03466955872644669,-0.02901104510545094,0.1901592693588417,0.024377708564063464,-0.005686664638955655
-0.07970960633855494,-0.08201868513261663,-0.26762069019374557,-0.030970673810148813,-0.04503955278590035,0.21431351799315487,-0.2227460944143054,0.7195543975540915,-0.15944979771650752,0.09615513851352994,0.6743150363276204,0.8030742761791421,0.008480937256549682,0.16226030886482123,0.1409554789289676,-0.021048418745098038,0.03411399715704212,0.1580315202230566,-0.03798716886496874,-0.1544572317159465
0.025501523893910853,0.0086514085889395,0.007407855049430144,1.8759717308344803e-05,-0.010203235990717222,0.0022441095679187114,-0.01802202171969166,-0.045086644743305614,-0.0138814302842739,0.026164686553445525,-0.04143823892881184,-0.02348484085116735,0.0005011150269421229,-0.02421547123665507,0.004609356226620617,0.006904603938341877,0.011548474111205367,-0.009936204195011292,0.005957767777025077,-0.011017568067636976
0.008586819035029909,0.7565994153608725,0.05106616517319049,0.10187511585934803,-0.4104633690470959,0.01852904895355776,-0.12398178761131227,0.06447463038407464,0.21612699469992544,-0.020023893592158615,-0.15228338651867643,0.01886796458713144,0.012374989310848331,0.7220105712375862,-0.9578257454206188,0.01989023815814164,0.717484078944879,0.20747416310049147,0.025065143592128167,0.19370479454285108
0.03822469724110973,0.004621271599560377,-0.01751380610418671,0.0037727183941006935,-0.030325825182746118,-0.013056260125220752,0.025576624183925124,-0.03699734349389055,-0.0018476488879858458,-0.048613194904084556,0.009193012815331237,0.006571080886570259,-0.024966569775822345,-0.0009978826326010048,0.048802243538599105,0.019796544489908287,-0.01809360749014621,0.027033905852441767,0.035543134631059056,0.004942221542995772
0.02672387549111337,-0.00877984411348522,-0.016061136180239972,-0.011669435990198245,-0.2067720481993583,-0.034273658256639514,0.5192671216056012,-0.12087503812221921,0.009667382735455879,-0.0037336983051774646,0.264841949028519,-0.0058072270272357795,-0.0192705128510717,0.3328686025602381,0.033217417006169224,0.017912681029485806,0.0009552560745596048,0.1223182430062768,-0.0003246159850477069,-0.016920978632938403
0.037656730869602396,-0.00773139031423753,0.005697540832672611,-0.0021453931066218995,-0.08332963940719101,-0.018652184201454102,-0.014961308676331483,-0.06435300251846252,-0.012162960593745208,0.0060714759038286645,0.10991619890407286,-0.011548426984897628,-0.02324045055191382,0.1211990155583547,0.011252891211260097,0.024908220296655337,-0.012182815855959605,0.038032118874605454,-0.015547012115326695,-0.0200594995824719
-1.433802220128665,0.8435233665153179,0.30338668983748573,0.5706296221153003,1.8451320147163417,0.5147852624910224,0.4705149958482712,2.0543024805961685,0.007297560934329123,0.7458146773939925,-0.9549294932921442,-0.0008159080892327537,0.9762841620180384,-0.4869434066885549,-1.1996746815910515,-0.7374693897020114,1.1251130757254355,-1.8607459027379967,-0.15497699773749235,0.88900307054597
0.5965336404638045,-0.2918606185545821,-0.41282012198470663,-0.2510688653918512,-1.0926940363918696,0.014018638693925703,-0.44866121402823933,-1.2041504785268125,-0.0016459736605387808,-0.7126239174079956,0.143526572650713,-0.019902367207308185,-0.03728605076799366,0.6535130259929953,0.5148523972771153,0.8485673177578202,-0.3501097086269829,1.4774229752772565,0.8413101213408818,-0.18926899688460497
0.6644183485104287,-0.30232330298418647,0.1497256198924216,-0.2821923389212528,-1.5401182902973583,0.007764540362683402,-0.5966568942643403,-0.91456666665174,0.006555957403554979,-0.8430008155799016,0.8035912747146271,-0.0071703854702408944,0.028729936290240697,0.8641761032572052,0.631845610991734,1.0021681251678012,-0.41437879385295845,1.8175590842469735,0.9791882532761532,-0.31068510057970133
0.005369098258768868,0.012840990026018215,-0.0062050221014164925,0.014726818372615988,-0.008741384170756457,0.0015443129020086483,-0.0053128714785280915,-0.013401387032817728,0.0021087830414977865,0.0328708017383426,0.03991507111293659,0.04094940854829217,0.01147666760770074,0.017119746949992826,-0.046130666399594816,-0.002980326127081027,0.03886814416323035,-0.013116149187132945,-0.03152303088395945,0.002741972920296904
0.26922166052320246,-0.17446427036978268,-0.05616849971201283,-0.10801774157128263,-0.05090865734544967,-0.0018369275931572008,0.5774047586291984,0.02069334858502954,-0.0024321444309393578,-0.01935997907780017,-0.04176990337016893,-0.024337207279927497,-0.010645579451947858,0.05959744440763033,1.1535075466929514,0.017087633798661718,-0.20701966723557103,0.045290243272885965,0.005070248754577324,-0.17543290486807947
0.0012388878105306339,0.024832435663273124,-0.01622820960793338,0.01045916866243914,0.029940746056232984,0.01031714619714694,0.0065311592744961575,0.05421011927702503,0.014846297874541423,-0.002612022484145093,-0.014518691714073368,-0.007238834761862241,0.009904498299281295,0.0002255701580687417,-0.054616448909882015,0.008280741491127683,0.022297574708018186,0.0022682201898206276,0.018770728078821772,-0.000667826202440075
0.6473346729294583,-0.1566077264210057,-0.047941869058312374,-0.24822375037507327,0.010915402921710574,0.006153042971758138,0.03431284417609832,0.43071074327964554,-0.00519370489503746,0.02901084670718235,-0.2801586666170929,-0.008573901276493646,0.018975792401211614,-0.1751025371365196,0.5033301270988304,-0.006372053555876153,-0.5393525635956108,-0.029311986321173475,-0.019273868283981616,-0.09469607110916192
0.027305832161548,0.010450214013071155,0.06486885612677076,0.295272628238518,0.09333511793577802,0.03645496513415736,0.02792180119223695,-0.10275684982377731,-0.012891364341799244,0.005214957016891661,0.4252428106519483,-0.008912782376344975,-0.005754444827162581,-0.011646601698404153,-0.24999476155870995,0.014922634383941322,-0.0006470286062834852,-0.015784855242278364,0.03055293859559403,-0.21217039755353267
-0.0005879336483172834,0.008072811134385197,0.15203671506594,0.6800020037646365,0.22745691978625118,-0.02241447102509726,0.08875320970217287,-0.21644356653766333,0.002825363283024635,-0.012356769268886549,-0.014517893804816506,-0.019174428760867793,0.0015445686971285143,0.06699689626841139,-0.5955407540571399,0.019179069788578553,-0.001174583947410887,-0.11267059340768804,0.0015124248963490482,-0.08994222604999277
0.20545892065171362,-0.10910842825262217,-0.13731953632219077,-0.09964578896093215,-0.3023216651849098,-0.027106020243551132,-0.09672822479056345,-0.3407707718062825,-0.008402226369747518,-0.21283150588310717,0.03739119433323756,-0.010157511271087924,-0.002633237410895787,0.1998104075789719,0.19572717798928638,0.23739635215622046,-0.11392606519043319,0.40888322532034915,0.2206014258790309,-0.09662654802685518
-0.03985041488803609,0.006010102811184965,0.4953919467493394,-0.003254541040123683,-0.11080666269829989,-0.013521169292577871,-0.0020635330780822197,0.027984318005020055,-0.03448149646977171,0.015090312772236493,0.47301113786150617,0.008467833382137462,0.0009116903834918179,0.05543348734680253,0.03755715928462321,-0.0420447000505328,0.01597470772349814,0.03337644998860007,-0.017338341818529734,-0.06811055878622092
0.017352420386589643,0.01408220427253155,0.01931842589672737,-0.007205354720559363,-0.0380937927348367,-0.011830437479924563,-0.034598436165965786,-0.04493087706299107,-0.004872863874375433,-0.032635918823470576,0.015573780072021072,0.005168612340622775,-0.0050340239982086055,0.004288147784575485,0.04257468620746123,0.030618865088746963,0.003982038270358285,0.009917805671214829,0.019709389985306625,-0.0131279323840343
0.0844018735835155,0.3493525716644903,-0.0873417335524292,0.2182729710891741,-0.2661764124942093,0.003909313866406538,0.19601561716777605,0.8819351071313943,0.6152001555432792,-0.11556929422913029,-0.28705293459865416,-0.02584432254224297,-0.0004080068099720285,0.5010839391931463,-0.5519558816504235,0.13682121641087608,-0.05483081211604832,0.2673927239045817,0.13135162232475717,0.11954108846643188
-0.005880964339288405,0.03343945536057156,0.0601965555333262,0.26446522448712434,0.10816139193940238,0.01797532471699819,-0.012673818312092194,-0.08109843526425645,0.024961714973194018,-0.015599506104445276,-0.025339201961684293,-0.004735588108719829,0.008637094776592654,0.042245782310743926,0.10583625995529096,0.021902749775866752,0.024820971978887826,-0.07270107662226588,7.227648612396446e-05,-0.022101190879601898
-0.025560115347564045,0.010620066001443645,0.017341296165333447,-0.015034438038588489,0.006997895844523693,0.004829490211299762,0.009195277185206211,0.023308246647797543,-0.026750888353511096,0.02198924648232462,0.015478069418937975,0.004780449280371061,0.0035516158424051154,-0.033915697314182265,0.016949632321788782,-0.005388993502900482,0.01019313953002555,-0.04416525223444515,-0.0181631224705609,0.012377566950489131
-0.022241519161000055,0.9099671368127731,-0.46843786136895155,-0.008809451667643986,-0.3211503261274468,0.009044278010190133,0.10442163626648333,-0.049653347879171486,-0.0071436162599867,-0.0033972576896931644,-0.822304636583606,0.011279656583962353,0.01940123219347202,0.7592802231907317,-1.0775634573969426,-0.003211370591404235,1.045699032254684,0.1552780490135927,0.5344236440963801,0.379523304245436
-0.08486611290790318,0.1368212547726511,-0.2959967978868022,0.03171733245720975,-0.5288466363782626,-0.01987101233892933,-0.22485464027024601,-0.7914102669974794,-0.016066246587898556,0.12865573106000042,0.11250257121169241,0.01809503268169663,0.010977966511154319,0.41784442607527883,0.015894300161100102,0.4655653884031251,0.111908385421471,0.6226516867880373,0.2520425619569752,0.19650249949993887
-0.0006856490257636549,-0.002343551397200614,0.02561816542507387,-0.011921998649988021,-0.009082896084536517,0.027415914450449455,-0.007147750461047849,0.039106320063147425,0.015144669498186263,-0.020457884271935782,0.012452288282033184,-0.001908373232642275,-0.00913449986976037,-0.004939068113354634,0.015847336750721024,0.010109556179665115,-0.023898256659280415,0.019836465951026276,-0.024358758545800354,-0.01789851485479395
-0.3249298031488178,0.3010650632554338,-0.05007391402787939,0.1725232859813764,0.004407282495236059,0.008961862074040608,-0.025269365104457986,-0.013668191174566932,0.1261537015891435,0.42982881753489705,0.029542375300892692,0.020184645331358622,-0.013662407480286857,0.11193457354340314,0.07557945954378882,0.04952814080361847,0.22272357334653523,-0.10053805112061237,-0.14810834256872257,0.2849222834081689
0.010022675013288566,0.27148088612669674,-0.6451739816148485,0.10592802573560418,0.09054676112494045,0.02037124550759166,0.2075845084669587,0.07339578687184307,0.2186215848872709,0.0023615632656309314,-1.068927033321855,0.016950745339149392,0.010471505189771347,0.20272910681260084,-0.4079669937669251,0.025637275165830614,0.14186819172378848,-0.019575960696106214,0.7679979804343219,0.332579760832348
-0.00122002052034287,-0.0014937931948234354,-0.003957147295332779,0.012021387092917266,-0.0054266072931323725,0.0052930569371769124,0.4113575903044838,-0.0157078593852625,0.010469228922037884,-0.005117538565322396,-0.009426471291564965,-0.018769534117101562,0.006039540284949201,0.016415117325757414,-0.0036463507998642586,-0.01624422874012647,-0.0014826504542774926,0.028719726128169185,0.02494911316141801,0.012085983268711926
-0.009637318850269088,0.10731187461352788,0.08660454902871109,0.030222835535521977,-0.05978427129273915,0.009361874380628602,0.21466606619769685,0.27265650863969826,0.016155594945383187,0.008154974464057742,-0.2506229065650257,-0.032870183943749104,0.0007949851396895002,0.10883126739660898,-0.1317279815660975,0.0020098956105837947,0.1165062193069361,0.008999288571250371,0.6549646818453665,0.10247232761630778
-0.8631756825735023,0.5374428484037542,-0.558718360193961,0.2948680897652893,1.179984429652691,0.45261510655508846,0.3675047535327809,0.7913819286194259,-0.14115661088712944,0.5122918828614955,-0.9515420033847929,0.6331388846839697,0.559459356589473,-0.1047500429576627,-0.7305901366555084,-0.4408893389987165,0.8060151382428568,-1.03295347105791,0.5032575997608367,0.6692535946632998
0.7817061343074543,0.2214520337697607,-0.005193200542649195,-0.060664502672274925,-0.17778870300698554,-0.006519978747198301,0.30349455920467866,0.5871655660497749,-0.011693036308930416,0.0032168134096129926,-0.15532676619156213,0.03744483848884386,-0.018675024434195664,0.2559847286495321,0.20146287842118865,0.01822819847296489,-0.6370911573716498,0.09587694160523665,0.0316898397077929,-0.5582685322399632
-0.061680871293977646,-0.05893770194029932,-0.2619185609687085,-0.02932291436967341,-0.013073012925229926,0.16684354124187042,0.018431698851636036,-0.0196242370490783,-0.15785237661910972,0.06527328980237133,0.5594941856322663,0.7121770185965688,-2.4858793476775385e-05,0.1669701305525392,0.1283582862978832,-0.0025432170635368186,0.04214433972212756,0.0850198272644549,-0.013413950504378358,-0.12197621800408369
-0.7716421445959845,0.4072759157770815,0.13314284965615625,0.3104022510933115,1.9360224228533054,0.25495059169527634,0.5265434778486082,1.302212200321542,-0.03164514336962725,0.4163974195636093,-1.178087430960573,0.020985197866807734,0.501985486022084,-0.26417162776327097,-0.07415158284609305,-0.3708018701464827,0.5912589307519288,-1.4712550770856947,-0.09927628501483073,0.35662828765985394
-0.06289445559283939,-0.05357897743436115,0.25743417218672016,-0.044856578940556883,-0.2501686247535116,0.24172465596392215,-0.28966641032503465,-0.012289131128387684,-0.16037888305648695,0.09077389357637801,1.2210527968950242,0.8436052152538857,0.016197086152255735,0.23680628541861978,0.1764595056799771,-0.021074304559795,0.09414964030308881,0.2508088151208564,0.019319800937029116,-0.24180333077663047
-0.12578603764765145,-0.01538524284252159,-0.28904033966870757,-0.018942283043070964,-0.27104600202420953,0.21179291772451142,-0.2587104528678866,-0.16399623037234304,-0.1306257714304412,0.12174427867736966,0.9788639716130068,0.8182935406427168,-0.012365840954676504,0.5974866577479838,0.14307034136240715,-0.041395836484623486,0.07925094515345833,0.23631783799593883,-0.031100368419210062,0.5362094468117121
-0.02601665777455115,0.03992761468337019,0.02580420682090124,0.007430943522906439,0.059546264966917895,-0.005131032960856704,0.0077837795599066395,0.06194946670668188,0.002150212876369146,0.007898368907211543,0.7933356625609029,-0.029132417725712116,-0.010664571542826032,0.028841276610050797,-0.04052643829197857,0.015876641327211605,0.03440016899457887,-0.019285687672256028,0.006786153551953056,-0.26694617321342806
0.46065613405741745,0.3553475747536633,-0.1865741312315431,0.2618326552988214,-0.40509612688464497,0.005388229527777322,-0.24774342481350914,0.47311396399288547,0.96312347908289,-0.1739858733608311,-0.5744562797973776,0.003747495368245429,-0.0050401800866801665,0.6579629207465736,-0.6243309120835878,0.20849912424353725,-0.3499020912971629,0.42223055565861695,0.18692699430644819,-0.09661205000707276
0.4726930919881449,-0.3672316513402721,0.019641485440436597,0.1284259278164367,0.2712754465831997,0.028357884211654437,0.08345850397229092,0.14782752456010428,-0.026973915812633947,0.03836100317765159,0.18961196882872633,0.016423414930276627,0.010161054991315093,-0.3825580122314342,0.19801183008018683,-0.027304222384256248,-0.3912519030258704,-0.15125746165808074,-0.023342845836240612,-0.5614859262734938
-0.0217550724794578,0.015496811737297264,-0.015369618354495834,-0.0037412026900611184,0.01591534713765612,-0.0030101237770421953,0.0218431891171105,0.023857159045294077,0.01064007100829642,-0.014341563025818203,-0.031435043721888795,-0.017030378968464637,0.007307376162328898,0.024433285751981348,-0.028066282199275656,-0.004864149358554258,0.022249496502365147,0.009614966935906771,0.027458654863794656,0.03411442276670287
0.0003829316376880894,-0.011492278704930555,-0.0047693299680294345,-0.012979479087211126,0.6112121271445754,0.002453529866439386,0.16787288817692014,0.387001772667113,-0.009701414176741821,0.01966501793553006,-0.3409565675529944,0.01639922520412362,0.015467668769443343,-0.019766113311865282,-0.11981740127983907,-0.021518270919492138,-0.023888310918527285,-0.3200798902445968,-0.021311536348530412,0.2684149966592868
0.0239661014851289,-0.006310797088643847,0.008180166017095033,-0.03131994690727396,-0.031227625276843814,-0.026529177731236177,0.16400626371984361,-0.0015707095754777826,0.0013236543551122032,-3.7396450728085368e-06,0.0006920785527490814,-0.0041264555533144735,-0.007405957602959885,-0.010604059125594041,0.021758913529212987,0.001431946573960498,-0.02431826460271504,-0.00012639296634295825,-0.0017281478605273388,-0.007721762615973073
0.01981619244122225,-0.004993580950586252,-0.03396459286041771,-0.0034693353704249095,-0.040886843203049306,0.010606672014876873,-0.009392718336857068,-0.0201187142144474,0.001515072076668133,-0.01870638816788272,-0.02628866461859879,-0.03096514016578754,-0.00990790039744344,0.013600931494344902,-0.01779978257465272,0.028241779050348678,-0.00682004090146685,0.03819754500219212,0.034615337437338,-0.00446475782566275
-0.021935510326290812,0.33361227429138157,-0.008200380687695958,0.028868409826471986,-0.11335537399399809,-0.0006078938396335241,-0.006643881194263701,0.03049632729553671,0.014065996334166797,0.030337853855241327,-0.12261025450796939,-0.027621934914144212,0.01572638776244604,0.2639076711430855,-0.3745992774974017,-0.005788983211432215,0.384457217136206,0.050190115030106855,0.021421601710237218,0.08074659875109053
-0.068990968514767,0.023700656742408045,-0.5303537489283413,-0.028513403630986513,-0.04965654353966404,0.22456423329293193,-0.14188810306064176,-0.07639623637674366,-0.17397598769066627,0.06434735085233884,0.3271203920530376,0.8585787469995511,-0.003492748156644164,0.3167692430990495,0.020585671225937605,-0.024826804557891782,0.14582738719655114,0.16358959571670292,0.30171378525452053,-0.0056412586408716835
0.26153628827700426,-0.10245959022360526,-0.31992785064220647,-0.12034479311686558,-0.29665349355027953,0.0015571008928261148,-0.2133221311981162,-0.6055874063456727,-0.013688979143157271,-0.3066161856776994,0.1266031768803799,-0.0030481282001027007,0.007525648879398808,0.5216858064420367,0.16505440959208617,0.6717790423650297,-0.14339694708954695,0.7592403360114665,0.533868540381292,-0.1799323129072315
0.6998578576312698,0.1918963678676918,-0.5347512958570565,0.06456125382626972,-1.449220116418196,-0.008270282811263947,-0.6426743828310358,-0.9315009857099135,0.7770670985765087,-0.858467063310745,-0.20510956079801196,-0.0011229154199036522,-0.0003070480131227854,1.3653938250795137,-0.23300626266698343,1.013943778380707,-0.40550745415431577,1.8048459064587443,1.0046072094137077,-0.047515783879006
-0.03381412747425122,0.9631772229102911,0.010659117179573489,0.017465897731314312,-0.46171790853139366,0.005515299220379159,-0.13586621895155707,0.46615543883397276,0.012324295859303686,0.016643506943355164,0.2833606128082901,-0.0012299547936817346,0.005698532776571948,0.7985827655353387,-0.36713131853410086,-0.017848372857520826,0.033222614171681694,0.21809677959989437,-0.017123755639192266,0.08563763737471324
-0.03795343880722811,0.30330089788376047,-0.4576825066785609,0.08272854094019494,0.07479317042028182,0.02188137412341292,0.21008019494498714,-0.014163822530849858,0.02240506152358357,0.014801873180894837,-0.7870116671859091,-0.005348797127566357,-0.0013476226841438853,0.1965253246201837,-0.42020783467892975,-0.010793625677208889,0.31150330910071644,-0.00464969679625004,0.5733554088934221,0.24197050232823428
0.023693842004432343,0.03881399707339522,0.00988602790486288,-0.019210129697365363,-0.024866734568030187,-0.0020426606479347505,-0.04140244469591311,0.06332878480349208,0.0025093600290308493,0.01633677015473191,0.015478087004885519,0.02528996785802165,-0.003402841587626873,0.019218758996385827,-0.01242359423700238,0.0018089094822135807,-0.0008658863524890524,-0.005531466022329238,-0.022640460538348103,-0.014838106826893906
0.126806366426888,0.4810264619346858,0.03424920123017948,0.9230305567561302,-0.1394594523832333,-0.003217163359538972,-0.14632132359751396,0.13635978398400564,0.7526152559073842,-0.13126813844791557,-0.3293566311957534,-0.0069934453445899235,0.004571747802736748,0.6841488536550758,-1.2556009444834624,0.13452589373297363,-0.06998668031178723,0.2426917081439676,0.14706809792887235,0.05486564979798722
-0.029891801059458545,0.06364639039000294,-0.011958636468489211,0.049255602086942525,0.03303868647692662,0.026547262672178974,0.0013927134380124842,0.0713179848136843,0.06030640913680768,0.014294987604750026,-0.08330139657244225,0.02172625648075629,0.02309777606202763,0.028926080614780303,-0.10786992788453265,-0.012337759357108891,0.014718427747915219,-0.03735213243394083,0.014409580486678227,0.03714406593928768
0.027608868972861193,-0.022180085878585123,-0.0026812077074301003,0.00956018517395804,0.23500164706249027,-0.0003535865268937191,0.02749780531200098,0.1677897473638625,-0.011289834497263928,-0.019440353532708583,-0.10163950357736766,-0.0067539177277022855,0.0004967184328941911,-0.021926390910334985,-0.011208212358423952,0.0033258776184811375,-0.036321431942079145,-0.1012064195108534,-0.03141524732213942,-0.06599902795634935
-0.3483278044658014,0.23274300862568342,-0.03302064262012721,0.15085367124742355,0.07297110804870972,-0.0014828052179006884,0.019172252866150034,-0.05733827341565148,0.0012411715978479705,0.4577151990602219,0.0489059869936727,0.008606212640918844,0.00037594338009817874,-0.003725122567130243,-0.24403387387674152,-0.014612682101581486,0.24598714375119116,-0.14336950731052078,-0.13978188956976162,0.24766756538796858
-0.010136317815377074,-0.02095468330287733,0.018777836601581634,0.04986928504118747,-0.012705638120765734,-0.004444836886431434,0.019713860351967635,0.812580059013982,-0.003793672036573644,-0.005442872632833451,0.0029700024460319156,0.010155471658879206,0.007526640134637634,-0.005412521344921786,-0.029304645719234263,-0.006712510837984981,0.0011176951775077907,-0.02964966228455363,-0.002777750910386152,-0.025678486090174625
-0.08037821569928827,-0.06208698168344867,-0.12558957111278082,-0.04509415071717596,-0.10890623202381294,0.18228946387117584,-0.40093379595235384,-0.056034723655997425,-0.17061130951341247,0.08745315923408073,0.786429738158663,0.7779337657095717,0.0008107327654525544,0.15895110772986196,0.15732543813416927,-0.0458899232290743,0.04972176270158678,0.5420340898796833,-0.025779938386341544,0.10653031567350019
-0.03371527319547607,0.01729709069934175,0.051483234779902305,0.18891057835385344,0.11568544442985569,0.018042399224002734,0.4201263112914046,-0.022895532738698928,-0.0055279290561279,0.024897433807004536,-0.045258636066591265,-0.0069088216550053354,0.014995569866422543,-0.022768192289011543,-0.19077557872989,-0.0081055106989331,0.016204180862510048,-0.07704533099615374,0.020045189933830396,-0.009766401534417173
-0.14160558119199573,0.14112256120004887,0.35363738522609833,0.03253536242237307,-0.003742924683980381,0.5539162509856864,-0.61901848445501,0.1968062786619219,-0.004398361184061946,0.13604960119330028,0.046812666978033594,-0.018009392712564784,0.010462863851222304,-0.2863046743580221,0.2283304647494004,-0.008952969382637371,0.14635535357396182,0.3944847935116254,0.04885939952826207,0.10255062040735147
-0.5244998981039097,0.3305292302252689,-0.02166007602084747,0.22143463992050022,0.12063966698205454,0.014142867907718456,0.046761795445164546,-0.07180348791452132,-0.0064959850868715596,0.6185637514013088,0.12318582073146812,0.021153231222842846,0.027800034725822938,0.04863385371553446,0.614472627623225,-0.013876243120597391,0.3911888494749547,-0.2342082005587552,-0.22522645654540827,0.374010231141894
0.012370595732337454,-0.02646955501077397,-0.025099235650619642,-0.02826064552671889,-0.02853799907760729,-0.00482055898786172,-0.012218562821763734,-0.03537132713228578,-0.030213039665297647,-0.00040159473890874226,0.011119976534635312,0.005754965386532312,-0.0010829783230301001,-0.005617164570848356,0.04641492406377391,0.0020682629406315444,-0.030974308097980442,0.0062418418219853875,0.0013498162080949833,-0.010295793793889802
0.10636863919563798,0.4297676337792964,-0.09560519477003579,0.29345316434387236,-0.4327409628840076,-0.007460456173365574,-0.1994862743460367,0.19859961615674376,0.6938579586773619,-0.10944054300111224,-0.11836081429257181,-0.01055907627974315,-0.013626857680587167,0.8265597719396224,-0.6355441762167694,0.15229888925091437,-0.04507717369057767,0.3789845933242827,0.1431240598069865,0.38562581655848926
-0.03886801549257841,-0.0022776777418758347,-0.1342518086051888,-0.0030987206717914464,-0.2795433375340645,0.11397415467570146,-0.21420582501584895,-0.18567825287351453,-0.06701756349673599,0.0762009264899726,0.68413007255398,0.42783204660267554,0.0007272354473047741,0.5336148327608662,0.07842331475187984,-0.024925408521375217,0.055347262003554915,0.21049564011370253,-0.042904422053670774,-0.10650320562666853
-0.027083643865509745,0.002021229053164441,0.023271820175790672,0.028632958998996087,-0.0007199035559338693,0.03933925345117613,-0.03088342009403324,-0.007213003537644723,-0.004546317581333728,0.013956298604733994,0.009879607798708612,-0.006477435638114485,0.014386463766127138,-0.017355632082694826,-0.009495268801685868,0.0061974520076205,0.015611916574851545,0.012716542451569997,0.011077980878185813,0.505260336020254
-0.061190611525042876,0.05390412221850312,0.8696729418826176,0.022322776920898846,-0.25981585595401147,0.2642619041788056,-0.35171906161341693,0.12545548887755592,-0.016423882037556462,0.0829091660854119,0.7259943390664404,-0.0020455360096044745,-0.010790047856010638,-0.07629079864514761,0.21300539278901953,0.017811515209871925,0.06110722324702887,0.2839004702870905,0.015065655144836262,-0.0872193868065322
-0.0035281651707211475,-0.003199290795921686,0.009315847737838522,0.013169702189108682,0.0063212432967555835,0.015273794575165377,-0.027879512384736235,0.030402051201851386,0.002462958821530827,-0.0022947307504248104,0.12214868008109633,-0.002990687484951734,0.03240056910245032,0.006060378673102796,-0.02228243531430118,0.009072929823909552,-0.010266147848043434,0.019119977400058785,0.0006499972896757427,-0.04591510858515217
-0.12930328331240812,-0.017288586020947135,-0.269804141520698,-0.030261026863274497,0.36013434279380696,0.17972459036386065,-0.048256948829600896,0.17514942001703793,-0.16057464019304776,0.0902302318717268,0.3299001942215839,0.6889554752690941,0.033006883551629375,0.14913123844382054,-0.00719632662233561,-0.05079328019925802,0.11741505916888237,-0.11754019628750724,-0.003169555473065631,-0.12918426699664867
-0.1340263758654353,0.18025041363540162,0.35581581523905265,0.10999708935863134,-0.007340629283286436,0.633171588150401,0.1741794595853521,0.2666142266876876,0.11124710125649326,0.1797167946264747,0.03348449146704528,0.01281093598334248,-0.01856681997055059,-0.2894272695061714,0.1503078199323986,0.012370003054948989,0.11980178502352601,0.4909540639641701,0.06619791973336504,0.12573739860902725
0.1800289348791924,0.6413982403251566,-0.06365972441397977,-0.019763925894622107,-0.7405322480532838,0.12175545398326183,-0.36387193089986325,-0.4268851088388182,0.04253311008661738,-0.24063659471171997,0.5158869542398242,-0.01593364415534274,0.010015737234928646,0.784388022595352,-0.6264715847830081,0.3223557011484353,0.7247815690776536,0.799578747493298,0.35539959186686365,-0.08227383722737154
-0.012617245114680204,-0.008101282524577204,0.03242058662673493,-0.005278527229851522,0.023960951778746728,0.016046462654592877,-0.014657347386270884,0.00506346071772432,-0.041415150721687,0.004125375019740184,0.022156832566354548,-0.00744182109120761,0.0021706633474266844,-0.023774529852588953,0.010076694286820297,0.0020590962506840554,0.00961481785419652,0.02596833366911566,0.007089328015288819,0.02162006851176005
0.7334400366348898,-0.5767585411445101,-0.046065351266101964,-0.29689255047956514,0.8629686622494364,-0.003616603126587599,0.21440293392615048,0.7257766903634082,-0.016686808875378815,0.01076298376116619,-0.7919737789439301,0.0017470996051228453,0.015130616535824381,-0.5201397516201942,0.5618787617650297,-0.009749325133019682,-0.6044788208499481,-0.4548668219299602,-0.016895049985774742,-0.6614865708901199
-0.014466127700741075,0.02288682415051641,-0.004110559718638981,-0.004997952017513874,0.9386393166915249,0.009820994955408452,0.22384741168163388,0.6085659698230399,0.0019304602599629602,-0.0045627638496354055,-0.5570245852987474,0.0029149689953773135,0.01650578028245379,0.0011344631326450395,-0.228358408323275,-0.008274718602417666,0.005312926165652697,-0.46578425513328997,0.019130584648511688,-0.14327854133521065
0.09376917147558905,0.300081414636024,-0.05090951582721253,-0.02753325785783752,-0.6544783500564556,0.012136143221170504,-0.17932426421390293,-0.23731094603481573,-0.01421500166682161,-0.1310440901913291,0.4598459558838211,0.005084005293485945,0.0008918897062456981,0.8163038211849512,-0.01331602472572396,0.13495030584302767,-0.020919487732472753,0.4529172002121941,0.13830934411053197,0.0043371741791656
0.7409526059617453,-0.3665394724758546,0.5128317012940771,-0.1701732479899455,-0.17366692369754586,-0.010656062632487778,-0.050245174217028135,0.36640241418562686,0.23737652047600927,-0.02892734395461742,0.13519137982568635,-0.016885296638451355,-0.020004793407914268,-0.18085800505750194,0.4225865211284161,0.04576170193527462,-0.5768353948554527,0.13873247054388144,0.052438556142777745,-0.620138623051533
-0.011543895311172387,0.04869039220704737,-0.015351749789938928,0.025972352926418956,-0.018482238890274647,0.0031882747664242427,-0.003503621815426414,-0.034801654911464495,0.011905512990627889,0.005519354653686651,-0.009725228594118684,0.002600480175352705,0.011038417651060145,0.04440497715333917,-0.05695003290406432,0.0025380942362939305,0.04535211096438053,0.020800891319681485,0.007078919979972655,0.013429852509050873
0.0342372110693361,-0.055540661256777674,1.981415502753589e-05,-0.030422887093694968,-0.0255042511341426,-0.014211704143069642,-0.005790054662472219,-0.039651555972972555,-0.010109654873302797,-0.00690973065901276,0.057731679848140253,0.01629451500331328,-0.011594113797385203,0.013637432221330013,0.03979002153611516,0.00667830716165707,-0.042607741108535616,0.04668433244358926,0.003659323792213957,-0.03408337889567437
-0.10337247319888689,0.024010742932683404,0.035765606996558855,0.010299524727638548,0.13857334606825458,0.05932824019174106,0.028691010603240485,0.07677567066933044,-0.03294311753344172,0.04270967418212004,-0.07487466318797845,-0.001248362422259436,0.06817989387751894,-0.06339781457390077,-0.04450097488415351,-0.05266555956381677,0.08578322432777138,-0.11156737362837596,-0.020990691607601777,0.054473843080513375
0.07927757723916486,-0.03736285967566434,-0.08439785295319788,-0.00955961692959758,0.6244858605452581,0.01470287438709456,0.12124918341746502,0.3149453073425212,0.012838318926626398,-0.12346406703972841,-0.4769506847577484,-0.006038274405449568,0.024173243601373795,0.10099832687562679,-0.16705451450782133,0.14496799326061982,-0.02101941394506033,-0.1862296746925405,0.145229045117389,-0.10871106191457287
-0.038859653220090495,0.01998488370495052,0.0026530160873879816,0.00021021209168436278,0.006560075955320934,-0.004109119074701191,-0.007044818333223585,0.012582680235063995,-0.004548268674472092,0.005186076410206399,0.006880031657541482,0.003751864614401626,0.021316198527126344,0.03572842772505906,0.6344074096697325,-0.002533013957182027,-0.011022051341484025,-0.040113279780911455,0.0026527794472512994,0.02564946576441941
0.9113880663943741,-0.6642166405143636,-0.0897523017227709,-0.35884934615642977,0.21309440232377935,-0.012357977413788895,0.014939952058019254,0.49821038241213217,-0.0030909270058504337,0.0005173744624522975,-0.4760857868360013,0.014386160816464103,0.004813800984853353,-0.5785678223679998,0.8137823181752418,0.013499716481987343,-0.7485507549666018,-0.08306984374103911,0.01427520142617115,-0.6810061324256049
0.005038541720060542,0.4883604314697763,-0.027523392498314717,0.016828228459007024,-0.8209149361894064,-0.0007428844791972505,-0.21227657532336724,-0.16457114146112492,-0.004268113448095019,0.012507817694442676,1.0142081925559379,-0.024229310543724486,0.0025527020206239153,1.3932239727352118,-0.06601241531545636,0.0008064256577075081,0.012962678285061565,0.3810248462346206,-0.0183010876216325,-0.06987833515093196
-0.20985179648145064,1.1020129280357616,0.45752805061597773,0.07878865177940735,-0.42777272068094974,0.8197459477758632,-1.0576123993892306,0.8161154093375458,-0.0027238385649959226,0.2588972248779041,0.3460878606823894,0.02092742351919182,0.021506599044318987,0.37966715024112346,0.006006351086163074,-0.005703073923030424,0.18291320073957557,0.7752137479417842,0.04379523802556742,0.1830354321620236
0.024054330230990687,-0.00843764850971377,0.008250613859295026,-0.03555748347428879,-0.04230956569031776,0.008739790774950091,-0.030152319637299446,-0.012379313743697475,0.006539351111480365,-0.01646214817910581,0.014143689294837263,0.014997443506908261,-0.022593461148558855,-0.007567614437661841,0.8382293453150694,0.01802831608901307,-0.023311629498149425,0.02343070587268151,0.0033558680117838687,-0.007231877012947609
-0.17130609272570096,0.1486654304659803,1.1877632064132813,0.08229089501915964,-0.22946492684464598,0.7954147996211948,-0.9900929806796831,0.3143259264195784,0.0073131502282807355,0.2350493829872643,0.784997608211635,0.017886212925388244,-0.005725816523304113,-0.3871795311319935,0.44367227220890715,-0.012620703106275501,0.15115447014099634,0.6967895136447823,0.05723305040511408,-0.03322831538490485
0.03623985260789643,0.4965143724747395,-0.296269967782819,0.30130734168786916,-0.3482046946692958,0.12751056790054047,-0.8197398375725421,0.3324625976741759,0.7278857472493387,-0.0625422960501716,0.011401031106806393,0.4319987224198229,0.025202947827584848,0.7726902813010902,-0.70996216240434,0.11903252908226783,-0.01562319424256596,1.3613220406863367,0.1310401492238694,0.10182415770898051
-0.009427476208346592,0.0075703590051255645,-5.501101505104439e-05,-0.0011551479293335533,-0.04314803139442849,0.006664260462003588,0.5288416931799971,-0.0040308792944272415,-0.006571489102118784,-0.010235884323527789,0.018560520276035303,-0.0038473167149614697,-0.0034899962345955075,0.03645764034139157,0.0510087922626694,0.02032487239673336,0.00412193774356447,0.02563974374720692,0.006658972873311397,0.011383377430182418
0.7491149018298164,-0.5885449400679968,-0.1807887119632624,-0.3099192427867892,0.09155978226642304,0.08377807048433247,-0.08427025056589106,0.21127981230976464,-0.046718135409091185,0.01484346979732657,-0.07136697240002732,0.3413992110182264,-0.016487583894227352,-0.3817908269803963,0.7430843466400934,0.00750237275485206,-0.6142812953411635,0.046068287866382736,0.01196834588783155,-0.6567273379328435
-0.20098237332349203,0.38702976520128146,-0.0573885190642653,0.24916720252652766,0.1437468135958334,0.08438699329455585,0.0037582185962508428,0.8281117696206841,0.37980229849369274,0.07277881417610076,0.34457708304303647,-0.0002899430712053914,0.1221532826874721,0.2652943601381329,-0.5655693199358308,-0.03497760481425809,0.16397314591970377,-0.1503375624390598,0.03346664125870014,0.024008953826928955
0.010511074285074905,-0.017097388073174118,0.004235296576153173,-0.003296033326824415,-0.022286608515237526,-0.013833111227862184,0.5740728102740196,-0.033236550430201864,0.004456373414604528,0.006717923482672788,0.032709661063323035,-0.02104205838065612,0.014756476990370193,0.014887146511562074,0.028875981085666455,0.005006801807076633,-0.003311308901271621,-0.0034430491818772503,-0.015893917105785717,0.38511737506010546
-0.012654855988163665,0.021321316834032444,0.002841511861684076,0.06927315046485666,0.005879396461316246,0.002568867034375535,0.0024091993165163833,-0.046579671700190374,-0.023228479614150952,-0.003723353793315636,0.03912158510579088,0.02972057326591311,-0.02941900020850408,0.04478623017929785,-0.06727345215936859,-0.013437257489161714,0.016941883766070927,0.0013038087257723,0.007679783325213206,0.007260111579786626
0.04921503221525224,0.2581419475269644,-0.08754557676055975,0.17309759284017204,-0.188385590970265,0.03286396677098453,-0.13769120673619833,0.16183774428786826,0.43467268707812634,-0.05306604851404411,-0.1916603465816152,0.013953541324524407,0.014421424476335305,0.4058928497406785,-0.4366112145706407,0.10199508087613697,-0.04247669715203109,0.21616849906946348,0.11691507095000601,0.0641457357596758
0.07934984821360173,0.43290299487553485,-0.09569565007739605,0.2779497127474518,-0.32496241231035444,0.012857784139435745,-0.19186543146311302,0.27929528942154036,0.6724686621164253,-0.15445084045368834,-0.2831137931264062,0.024797158114376598,0.018167820980792268,0.6273285969379108,-0.6964678249163629,0.12615812739956042,-0.04636816320167087,0.3208098847445336,0.14537831152418082,0.09305882115886814
0.19997212032891343,-0.11868746864229797,-0.12429846808862374,-0.07181793536839337,-0.39799147650094446,0.01886163508020701,-0.17538738623731567,-0.38773668856443144,-0.00847957487246501,-0.2626179729616504,0.07920907593675754,-0.014281091221643399,-0.002155196113809668,0.21912231389018932,0.18981791596215017,0.29272221806722776,-0.13953303712172652,0.5207571211032039,0.24051657700415824,-0.055923818359403014
0.02017263199621997,-0.02748643704070554,-0.021080123468223754,0.012014280984616361,0.9597358376449869,0.0014575324062565402,0.26176261521800914,0.5625816943649824,-0.002181560341082433,0.005424764338940649,-0.5774388614813021,0.010127986199381881,-0.005050358660815257,-0.028793004466300044,-0.214593766631358,-0.0038421848689220474,-0.017549534873467956,-0.4612385275096643,0.002181119873698994,-0.15384693974204283
-0.5317155029395177,0.36739704184913485,-0.06986249096624295,0.2202947268086306,0.5595372812831039,-0.014708977900562973,0.12172032129453235,0.2233896820054502,-0.009176802202947993,0.6742351054138226,-0.18046447307082944,-0.0051328968574393605,-0.007066308839548026,0.028253886745185166,-0.4007212841690969,-0.004036408694155266,0.38021952959011013,-0.4558326029257562,-0.2587959717299135,0.32780810094797386
-0.011180577711965808,-0.0031407440569252536,9.427320726751952e-05,-0.0066565764830118865,0.031039779137194246,-0.01211154594042236,-0.004254702056038109,0.02824703892224301,0.002834910425936821,0.007666673503561679,-0.05548251092370351,-0.013409810534615046,-0.017238730292930094,-0.03370152565821989,-0.004365724388250335,-0.005022869882743671,0.02613421059358978,-0.03813281314966292,-0.015978646545053755,0.017264688502506044
0.013818362864650387,0.018820571496479345,0.011422822358721017,-0.011930528604023825,-0.04956193670691208,0.0004185213859096886,-0.028556625710224468,-0.029490974526824358,-0.0019496816302940981,-0.03444089535355456,0.007895440197072194,-0.0042124659787680496,0.021366003691832742,0.030240119531782204,0.7893235308357954,0.023454351364633967,-0.01173412376689457,0.04858068115282998,0.015586039445216818,-0.0156955083167545
-0.007384665596005831,0.6264221899638989,0.020336037323061558,0.0330716358169831,-0.332568832236304,0.015741741953035484,-0.2882405102879854,-0.0428089593274468,-0.011380140738649904,0.0231064587514675,-0.046891327481828206,0.027672943595644674,0.01640439576141591,0.5544927597666872,-0.7216629389172207,-0.007568077734592982,0.7337322925224901,0.5092043594835736,-0.02819107237120362,0.1462773953162149
-0.05039889957148648,0.05457290670106368,0.16084264552153274,0.019732165112911954,0.027700218347184908,0.2983096401583893,-0.3348118923060773,0.10800597406837073,0.008226192174494443,0.07057484941914359,0.038615795381763726,-0.004234863419916662,-0.0019528954379023468,-0.19399237943315562,0.14370409851683197,0.02283870222088844,0.08234017814528627,0.22870002928722605,0.03620026515201119,0.028179576984722805
0.0078111756696635035,0.28451012459107633,-0.15984019794270757,-0.021885732956800824,-0.26220208035552006,0.12067206257002511,-0.19961218828073776,0.1267256495503914,-0.10464186687255925,0.034002634331252876,0.5181967256037335,0.46736429005382374,-0.026155192703825155,0.43609413882938874,0.014610290475978003,0.0014583127526264167,-0.026199321948568798,0.21933142769477063,0.01280004163857126,-0.08124387988883824
0.024717518849280855,-0.008286897365545581,-0.016004804104705016,-0.03781030151606518,-0.04515867306820409,0.007165706169546146,-0.019873275412783303,-0.004787769072030252,0.014039038584087258,-0.01051080229282654,0.028401528710302985,0.024287643860211067,-0.0174378216223958,0.016984564424233822,0.03875328335795273,0.02606619913718921,-0.035386220676936385,0.08228061236994559,0.012743167440314939,-0.025533363292406984
0.1092516540236115,0.005688557883873225,-0.42239132617754493,-0.04363260320834589,-0.9714389209951032,0.0036324644960107465,-0.4182318403493584,-1.2287554365463171,0.00018022630042490925,-0.15733170683128964,0.23035310922380967,0.004601136686626339,-0.011090515123573683,0.6889095579526192,0.841405325116968,0.808419964890314,0.020779158670682613,1.2225596170854343,0.5833466741107319,0.1641989072064733
-0.010055775905815483,-0.007058588367309568,0.5624465909168602,-0.020314234351488915,-0.21201678497718635,-0.007984002785879081,-0.04719925280623204,0.7689011319658323,-0.02173807191644942,0.0028949851065128637,0.5856118455127397,0.01735726956161649,0.002139909004113336,0.06515183400662557,0.09571472236705482,-0.004545702655658887,-0.00999371138920499,0.0982526330128509,-0.00771855003138998,-0.10281635200794458
0.25835209650453933,-0.22312622446710495,-0.03958760620901325,-0.13587703367502865,0.2970978398926942,0.04400602682416863,0.07715336624215637,0.31405213045761093,-0.01880237962969218,0.0729166288182269,-0.3584799185293001,-0.010052828295696231,0.1161131657527182,-0.34888120157880254,0.2851040724325474,-0.09001214435271626,-0.222384287247994,-0.26276745538933066,-0.019377368705755925,0.3507064008422807
0.019928537464604417,0.4288148451523226,-0.029991105230545503,0.039679273880856084,-0.26366046776807983,0.014738902717939007,-0.09688838453304022,0.0019577900478703015,0.0938905679226124,-0.03595921012543159,-0.08647865899339922,0.027120056489156344,0.007028061478788393,0.4477327561487163,-0.5576991721242984,0.021988727853389463,0.46684203615970105,0.16910296578007755,0.03362183013018114,0.10632390893145123
-0.23454227273487283,0.13930025128528106,0.04155313063228084,0.06802947970270155,0.5688264481666067,0.10106267458567832,0.13542025773850816,0.4278823559868775,0.007063714547059256,0.12301241833379235,-0.34221992795807116,-0.016864359709123172,0.15708831585052896,-0.08931482966801722,-0.2535324877162013,-0.12818104695830387,0.17689545936213416,-0.4137040619040531,-0.03610993758593733,0.09494994405355321
-0.007484148322409696,0.03590142954363746,-0.0030922274204185736,0.005240193207512808,0.0016700103786810145,-0.0009479361301174077,0.011854988342189836,-0.01367686944592061,-0.02224249111591729,0.007647881273755504,-0.00313865727655512,-0.018090790383720665,2.4164955130774948e-05,-0.0017008896713888969,0.10690147182531332,-0.012708504397471908,0.02624773216915509,0.0013857656589557046,-0.0035775407981784363,0.24329390331744413
0.40831760863861366,0.14556625087864444,-0.28111224021659054,-0.18348362357440198,-1.0091160514798339,0.011503216039984256,-0.3776531169128662,-0.09023087167644833,-0.025570138080952654,-0.533635452194899,0.0679997693304036,-0.011871120787362379,0.00018813066424461927,0.79155607335474,-0.04188699629241829,0.6281490061579089,0.18367504594932282,1.138046392103762,0.610633955373624,-0.017640527728282056
-0.07853871757025112,0.05896651391357141,0.18966767684569538,0.020183900082343845,0.025982305963337764,0.3613784574751366,-0.5019324390412877,0.15292977530836466,0.032495380173977594,0.08499210930724498,0.014363907255644683,-0.007903974211158245,0.001974921794027378,-0.20518591057785343,0.15169663848543183,0.007107912352475077,0.043908641255084646,0.399316396279391,0.04446175534883964,0.03808908117396341
0.43580112017835226,-0.20537839985646325,-0.33383089304585156,-0.14561561719703942,0.03290716182310488,0.09419473309733095,-0.20545603175122942,-0.45431122683763997,0.01757845419862992,-0.6433860256327236,-0.48263833688245494,0.004334050569590413,0.10508179767976378,0.5897270189808184,0.13331611238798455,0.7710467375408252,-0.18896471322172678,0.8238492629151857,0.8017264309457325,-0.2167027723946363
0.4483966604895913,-0.2284687934106792,-0.32292041835413593,-0.16651447077386702,-1.2369010314722226,-0.018341185091223296,-0.4392355460651119,-0.48718384483187,-0.008576198912494969,-0.5706945287473297,0.6651452342702597,0.02056657461112029,-0.010125704282464724,1.2240883258929793,0.4864308139314696,0.6159543166726039,-0.2690554392470499,1.2751305310456738,0.6331300113330673,-0.1621050326094636
0.05214471512621439,0.013737755082936842,-0.016419666100553343,-0.01289702760568296,-0.015037854840189605,-0.030256158198438375,0.013444374889008005,-0.01897615805248995,-0.01068975119874882,-0.01895689165164762,0.7779622779879523,-0.024287951083519176,0.002738108228895287,0.015988540118649044,0.03395685794738171,0.01509340978959654,-0.007958606926723243,0.018820802595593544,0.03650871186509333,-0.3028439903533553
0.07014221310177027,0.22337063408344981,-0.06540070699732956,0.15152276939944379,-0.16222467394261358,0.006431589394670529,-0.09454534460529396,0.10390191777997904,0.39497170174253465,-0.07293873121973948,-0.1609466152565442,-0.015638564610301338,-0.017600078837810985,0.34524541024724514,-0.37452920230358056,0.08562380280289388,-0.05789957986694821,0.13629397037310625,0.08324427893643573,0.05508416904658603
-0.023365264047684065,0.013921058986051085,0.01115128973819917,0.016851079770126114,0.027241212713532758,0.01937317059126692,-0.02469374969386003,0.002945792610950597,-0.0022185189690267543,0.030750198821487648,0.02370648045039028,-0.001681790325373884,0.012490051079704096,-0.023577321071289015,0.01038397033681969,0.012147851488664832,0.033351836313882235,0.0141121507465334,0.013943332788689188,0.020174581073238884
0.3656561441176512,-0.20524170342902764,-0.2602282702924447,-0.16118894268845144,-0.7370334134127335,-0.009531705281879126,-0.29507337873182893,-0.36358371038451315,-0.023154486368489935,-0.4325154932292854,0.15245543228424777,0.022188781075251553,-0.019680223437577145,0.41867964873394575,0.3170324833873276,0.5260583880247182,-0.20357975192381925,0.8879113520032111,0.49719848324185856,-0.11068440063852629
0.2590276106511346,-0.13840539541570296,0.806402449781662,-0.09932842873314386,-0.8963624697785939,0.1453176932256081,-0.4492584363724474,-0.5456457865962538,-0.0037988085507061737,-0.3146770223609289,1.028769078940148,0.008851048256562619,-0.016729980439644205,0.346492373967307,0.43129164137829706,0.4295294731815871,-0.14882811339366106,0.9794291150469535,0.40984577972018565,-0.23488776433255054
0.006799736345151814,-0.006399162261077818,-0.02879551133222121,-0.020420252695199377,0.013778665178252717,-0.036000431617336674,0.023001470875768554,0.004215824780747993,0.005860120637692614,-0.00252368264483973,0.2599573701732497,0.0038866925856578596,-0.022436254931221332,-0.010853455539305805,0.023779576368378855,-0.007897477453796141,-0.015473397217404884,-0.014583788623772676,-0.018478817603004363,-0.12017147481219644
0.027151803833001014,-0.005829157373078304,-0.002936430284114489,-0.025710526671349838,0.015343215447720465,0.022395414276111525,-0.029550935413343395,0.011552585032278783,-0.014110576195951952,-0.0014415995525445702,-0.002172230448048937,0.007972073878093434,-0.0029252692895243406,0.008823817651936256,-0.0016703803041676134,-0.009426772631778001,0.0018748814100489081,-0.010081815847349712,-0.0032385981216900574,0.010469891651454045
0.4528386672102616,0.9681044573080213,-0.2600236803974804,0.2857420520451924,-1.405544920179759,0.1731454444556301,-0.826152999331166,-0.3691567158029791,0.9526452183827872,-0.5817636710872636,-0.36558291538721466,-0.0414209439242643,-0.004938692639354075,1.6343721148061037,-1.1628845872605302,0.7251086203150398,0.342260591393653,1.6308694425312389,0.7200095303529124,0.7767882781173746
0.9514374677638808,-0.5267558251882616,-0.05187609540636542,-0.3572306855849958,0.12366052269659165,0.019458971017918925,0.04341378385225832,0.32262387314598506,-0.029609433349310516,0.01610358689263723,-0.49544370876517796,-0.021309303064953298,0.013554804571525542,-0.46252524438967485,0.7103488649225612,0.023917618015140602,-0.580465779447919,-0.07062372065624462,0.005768162913185083,-0.7074761095440707
-0.005587358708474844,0.2259290723372795,-0.0034638391201533545,-0.007731172571862897,-0.15163384331263757,-0.03331035990047452,-0.03108420919451833,-0.057036225569051066,-0.007877520968255745,-0.014339719746921015,-0.022038738302393435,0.006210052770355303,0.008035400671919397,0.22133096905233646,-0.2811658876305162,0.009727458005641487,0.3011633955135531,0.08834724393631276,-0.011161804569208372,0.059707912250375875
0.09600823308889114,0.6275172668703797,-0.13272015268946277,0.40374254105372825,-0.41760988230887497,0.018932842427707656,-0.28213456464720144,0.37452651157284556,0.9680121094010047,-0.11595622062584365,-0.3596479153752697,0.018531442583543015,0.0029286709694360093,0.8666211416308356,-0.9549946203519949,0.16506251606887978,-0.04769480023336315,0.378372221566986,0.16476952552551002,0.9318778194729972
-0.0034183381761977334,-0.027050314281910962,0.527467871209988,0.010503050523240739,-0.0918631066218472,0.00838380281410327,-0.050305884966980206,0.08853244856423562,0.015252313256156157,0.02720154955335427,1.3317637319577105,0.009111697552996123,0.008467862033661528,0.024000483755419924,0.02580241886004527,0.00224839528421507,0.026467064336795798,0.04054250864311484,-0.003164477613434224,-0.363874353498371
0.016003794658660028,-0.020949134875211682,-0.01464897032261319,0.0003892948814156576,0.9292833514780364,-0.023572798336711054,-0.23904305963172087,0.5586511703241858,0.0013796836604841327,-0.030226972407391143,-0.5299201867879617,0.005981251284545538,0.0009917528272364064,0.00964670496971978,-0.2113341210092594,0.014710353623055682,-0.014156456115477702,0.46224947494595614,0.011832667227320707,-0.13170337425485165
-0.011092279871599707,0.8599306310447014,0.0066281081566680194,-0.006205056035290325,-0.44098916948126415,0.0032372817105366697,-0.10490958118045696,-0.015358580281085102,0.015101771403855968,0.002064277669141208,-0.11051355477215245,-0.012850269666627135,-0.00782355945779862,0.7681662141892487,-1.0117078053009212,-0.008950994526414298,0.9847541491524275,0.1893723555500922,0.0037220573585600315,0.20064315311285022
-0.00552755191118727,0.8193402471428427,0.008242182214893035,-0.007334338491955472,0.04402859118963234,0.016652360079214727,0.04253642435254802,0.6711217215447672,-0.04965481131156142,0.012494922494598978,0.26431308653860813,0.013907580497540522,-0.0024983898247023938,1.2432698132104991,-0.43891190294704224,-0.011954402510123438,-0.003724261044908795,-0.03439596895531149,-0.015725392712313258,-0.06810231051639198
0.07029041738647114,-0.015562900975425753,-0.04156005403318407,-0.017197488679199624,-0.1376590019414738,0.0009816903345707237,-0.06256916996277966,-0.1388561234553532,-0.0063387053839984615,-0.056871712860055934,0.0427519354368943,-0.002280189332012527,-0.005799483966582355,0.09545533311622388,0.05197630522479276,0.10327737295251783,-0.02166668948513628,0.17779840037339795,0.08990657621535296,-0.005754059778494251
0.004101054817734333,-0.014725932879583513,-0.014969594981343818,0.020390246262675674,-0.018289349773177352,-0.008828833206496342,-0.016983753470339542,0.019339139011832276,0.02733394040680646,-0.019398207377071566,0.012859319794028908,-0.014341966559059255,0.007650447404564612,0.002826964802016942,0.016324790043512886,0.005707318145346147,-0.02960059631326318,-0.017917990588103557,-0.005485906272241435,-0.022305324167430696
0.8784380579994383,-0.6124487962309402,-0.12354955210954141,-0.34679246806696157,0.22108529896707727,-0.006714089785157858,0.04995311640569037,0.35408580663410655,0.0005879800960283624,0.06847816309594536,-0.5115821670945176,0.03289813656032771,0.008284736996208387,-0.5900792537751567,0.7699660573461384,0.00721645906848915,-0.7161434469026273,-0.10687866381036319,0.013373400136829512,-0.2743322593594307
-0.25166708136101984,0.1735271274000374,0.5030639429987329,0.08692577173751773,0.09383816361373268,0.8894976419787075,-0.9811333723131835,0.3706491597715596,-0.027816673097730095,0.2776773007280257,0.8044422863935354,0.010940328635154692,0.006113102541480258,-0.5129530897825351,0.3681770500648142,-0.009276887389943745,0.22349121403776828,0.5788590107246562,0.05485391316814239,-0.07392830988706495
0.04002142084294995,-0.034022307717397705,0.1743988445223557,0.8451778282924972,0.3222411331467949,-0.0316162281919994,0.08940827901985947,-0.2747333115119434,0.019125632198514653,0.006302646054136132,-0.0440914131554175,0.0151031988702015,-0.03505633072210364,0.017665965542239873,-0.7420351034261161,0.012887019582047944,-0.05911659666289057,-0.1663280317194797,-0.01682288037675268,0.4757713060905919
0.0605597879894422,0.0030298006283533546,0.27944428729584037,-0.036818817396958706,-0.2824886664999375,0.7506498754387816,-0.9575685876717305,-0.11272830083763187,-0.01712886994850269,-0.03172393438923464,0.07581542924503472,-0.02152059011476816,-0.0034901517657203833,-0.23035021225352117,0.5331851740593798,0.30023308266010384,0.016584628041393427,1.0112168313236995,0.3597750117231852,0.0362616104985376
0.7946555178429343,-0.46076087220066436,-0.5630599076665235,0.42418131802479764,0.40311408443250135,0.018620727047018164,0.34669712845761164,-0.09066928594838344,-0.008398684304202616,-0.021311280529718285,-1.1780601441663865,-0.0022333903309118396,-0.018118790221746575,-0.10836395023179468,-0.06722376417379221,0.03188925173059976,-0.5167087070280598,-0.17358395435046287,0.8016202405918226,-0.43002618006201543
-0.005602874701637769,0.4218469016689257,0.25142905743148275,0.022568511775816178,-0.2980648661329987,-0.014462014180979988,-0.10685279777167012,0.006881948983801824,0.02550797981569046,-0.006542618634629794,0.20822248534005863,-0.008954259794565867,0.03189697899033006,0.39465870157297495,-0.4484196850588621,-0.006374755804038864,0.44019152683293394,0.16081496001250362,0.023681240014415492,0.02952717366085081
-0.006748094220218373,0.00986454007592728,0.01355801466755387,0.014771066103560687,-0.3057646213295172,-0.00537376891269044,-0.5166975505565741,0.04456221620008824,0.00353993592097943,0.003616599523564369,0.3781894647207768,-0.005861373753852753,-0.0008027402554734572,0.4810153480907245,0.04008311500220638,-0.005164136247901805,0.009015330653172598,0.9303397844618319,-0.0006510500011570851,0.008233499132915047
0.006523246753998407,-0.018587656636776445,0.19278313612336717,0.9115154690732715,0.34812174692342857,-0.007637688375785939,0.09353849202157669,-0.2616263184708577,0.01451695357670291,-0.013365975574563625,0.4309591970045014,-0.01470413093990752,0.0026270468670868624,0.023847613211755412,-0.806088484776788,0.02557858439044917,0.01565278119722998,-0.16562748834354973,0.0155347991511799,-0.262661039804552
0.026114756412422224,-0.036830192752183584,0.012342364345025796,-0.0009160912757850957,0.01097428709269161,0.0005950272755817084,-0.022253061013649354,-0.016377980741838133,-0.03243854100935683,-0.00045238017553413633,0.01608253893332014,0.011889416183839575,-0.020242161569638352,0.006671636786324249,0.018905154799302756,-0.0073656165348984235,-0.021914873937711174,0.009354421777647882,-0.010520747443903897,-0.020202327173486072
-0.0015006451466380516,-0.0024918615513388163,-0.007069534585073886,-0.020670062988030882,0.003619329147727126,-0.0038679735272567264,0.028437286414948977,0.003869976600973374,-0.025594676342384978,-0.0050167398254299615,-0.009196556252029893,-0.03132792038468174,-0.016619394919778503,-0.0025450688698788852,-0.002262772684122249,-0.013704469203776555,-0.007935088303249752,-0.02067090707320234,-0.000801151754307252,0.004721208810875365
-0.42489569160566715,0.2418803601079196,0.08102663809019726,0.1846664905379122,0.5805157322582867,0.14586713839473403,0.12259004643469588,0.40462464283446237,0.005680053484590716,0.22326381276886031,-0.3484919706372591,-0.006824652882399364,0.28887130829699403,-0.17641727319073777,-0.3604015588787367,-0.20398699531417563,0.3494515113378722,-0.5237603682440374,-0.05045845944194772,0.30274003395521604
0.506884249567558,-0.34507089471244085,0.12364827792981135,-0.19983569910325863,0.15327659836285848,0.3553000822076906,0.4589960649705036,0.3520845029100631,0.01705245446942885,0.08274966498625456,-0.325816044266194,-0.01093405507268388,0.02967288369138442,-0.5886646488824103,0.6682989685556838,-0.012372083110673901,-0.39774660956747027,0.1673343289434939,0.04881280508558533,-0.412004460099624
-0.509545147332654,0.3461019877034928,-0.047558602629819154,0.21778120975590878,0.1101870654742838,-0.0032508443277385127,0.003607008210698535,-0.0771531615977386,0.00957434426298064,0.6116745579737314,0.043912256557910034,-0.020884113957269166,-0.02709268228185082,0.009740589453679747,-0.3299280049908259,0.015668452108405485,0.36956591927289445,-0.20560410369933813,-0.21260667203270375,0.40887939398292855
-1.2459819663517666,1.1185689031262114,0.20968008310331596,0.7628718422961123,1.4245234391243122,0.47684987755870073,0.2752999851737653,1.4938883587136722,0.5625609092522412,0.6111621987323644,-1.3017457961584156,-0.00562707523889435,0.9061018167849827,0.07342742181352746,-1.6272188354711077,-0.5617264384490642,1.0010949761441676,-1.4676538030138275,-0.036497102285927625,0.9669370830498331
0.0037081680515630867,-0.021038206081204703,-0.006612932953726201,-0.026443997306570825,-0.017417359701113615,0.007260522670028181,-0.0052039679012978735,-0.020363573254176058,-0.01674850197029926,-0.007829317245293444,0.017704373443894715,-0.0035727619367819687,0.025687471596924624,-0.018451526043998516,0.0034021702117599077,0.0088877400438159,0.008065861168350208,0.015426166684897769,-0.0015999550011090843,0.005923971617087033
-0.1205824026432428,0.10232274161628735,0.2531872308780777,0.05509389368437161,0.05309515066851353,0.3570741857302753,-0.40898634991446964,0.1903936580750328,0.0013167665240142335,0.12210189000354658,0.012230497692328163,0.010750778860852343,0.01786018515243297,-0.22198463120289885,0.1235364991030915,-0.014815338296312243,0.0798376162727566,0.2263092559310986,0.004288878417000983,0.08131551080877217
0.034472031221426405,0.49953046665936995,-0.03445364810068979,-0.013691285556871047,-0.3064228799617252,0.0024670814902760505,-0.05456475123401863,-0.059824620281037195,-0.027211955825955418,-0.033322256049325656,-0.11291604235374877,0.009003429944992451,-0.0010330434349893423,0.48272275327984127,-0.5771877522119451,0.030072699037146405,0.5996601976864794,0.18470871477826373,0.08888373606274234,0.3185324379700534
0.7120170510647728,-0.5154744438065576,-0.06872989301033122,-0.2997436980442866,0.20980960271984234,0.0053474096466073085,0.06024391297705311,0.29798944765768803,-0.023573092714247415,0.006092621766902992,-0.39166502838480033,0.0070134868060476386,0.026354421164471203,-0.49469988380114926,0.6395529905888192,-0.006002619642367253,-0.5704669123423532,-0.12329518078208396,0.008616494148488271,0.41211878326254725
0.011779858981011361,0.13620820962783944,-0.03015400393843419,0.11445805490278545,-0.05009990743598979,-0.006665015885156944,-0.07498544430724363,0.0968643577600149,0.22036193966052578,-0.03099782995867818,-0.08961885721772168,0.017015205931464217,0.009586333982390623,0.16880170535227562,-0.21810850304170987,0.028902034526984158,-0.02611834169773501,0.07980566213850473,0.03965593017461173,0.018299206650115418
-1.3781743746752855,1.3014633286391093,0.14461842163494507,0.8676127668550312,1.5761260337901408,0.5084770041311703,0.30113860399915526,1.675879382455706,0.704371428538685,0.6725690824385974,-1.4960198412305605,0.015048966490045577,0.9888005314528348,0.16390921530951197,-1.9430933077803691,-0.5786094016528672,1.111944281363237,-1.617620025763643,-0.07422525026471728,1.1222825685884807
-0.022593477997389554,-0.00923343876119406,-0.0620626336452666,-0.019444824121881542,0.20403158364149432,0.040862174626014415,0.030636425553528364,0.10062960955517239,-0.03750467910620677,-0.0021898017538415897,0.2176835485200021,0.1425979532341714,-0.008295138507914445,0.030065302391585044,-0.009393159777931367,0.011845689332304085,0.0015608918249255532,-0.08047776165833927,0.003929016496520863,-0.12513037424682763
-0.039952963521666454,0.008168384103125068,0.14886060061802264,0.004842452256349277,-0.0016542577209026077,0.018491624074445975,-0.158453987872241,0.014675721684689016,0.017195512403387122,0.002250918237074434,0.4310655998642592,0.01845761149239693,0.02391165556976562,0.7129084373354339,-0.025184737309790265,0.01794658484872873,-0.007203224391939481,0.29493731615001983,0.007245786542908611,-0.10508028595670296
-0.02325195180592326,-0.029056952970828772,-0.08495889562301356,-0.010649482425107807,-0.019478245827113355,0.05525340075458349,-0.0331945997421232,-0.019586064811928906,-0.06582496446886468,0.022044971141409405,0.22665536617631737,0.28135048622265785,-0.0074597576522738235,0.07433918846214262,1.009678000423507,-0.0084329197741251,0.007639685461485003,0.021809710152685072,-0.011937221722610258,-0.06768055945908968
-0.012931793306154675,0.009560749602254642,0.008543861787002767,-0.008311589144107435,0.010084161174646281,0.019091326529790374,-0.02341163794104855,-0.030104832975592827,0.006975445459727673,-0.010807628927713092,0.10337361958906584,-0.005889927874042907,0.02358361283063623,0.02354781464951549,-0.031900290068595155,-0.004679070801206662,0.027859505829401353,0.013442697094523262,0.006954458810242725,-0.04111620251865599
-0.01975735080958206,-0.019887192724053107,-0.020751031946672382,0.018810075725214474,0.04013857859747057,0.016551335659219464,0.022152028282824397,-0.00231733222613964,-0.013456873700467296,-8.522207911462482e-05,0.12281707929456416,0.02142389430845653,0.019924817945570234,-0.019673901241359638,-0.018365140959344016,-0.01049636981599726,-0.004127339969198427,-0.013764390704003156,0.018977633107274083,0.8317893326657297
-0.011228063054439772,0.009177955788887974,0.015603137890018765,0.02204395533785424,-0.0015009339721073212,0.024069247547087565,-0.004006336806709945,0.008547197193334924,-0.011951021534924038,0.002049529723095732,0.4454532134546726,0.014365496137119864,0.0120350849888969,0.026225267437121662,-0.02652662590291641,-0.0047366608171906565,0.016856273044284026,0.019406155737204882,0.01580752347657363,-0.1206864190400189
0.00585569541598486,0.0017264351608272902,-0.016305889749759717,-0.026048323362271385,-0.18699725042060855,-0.003341417601119419,-0.059467518171756065,-0.09442638091608258,0.012646123195507402,-0.02425324233081635,0.23099508036249433,0.0020218442707841617,0.01051399651240877,0.3281602032412197,0.06927966223583824,-0.013252271712157732,0.004952318190835279,0.06899545155866492,0.046669074473866326,-0.019680798901286767
-0.0037056364626110545,0.020842455544063675,-0.010770165077195734,-0.028767809987881282,-0.25558942691093695,-0.0024552402374277867,-0.043363940400046055,-0.12298042130775742,0.02369964052806625,0.001638498904112765,0.44994184421432204,0.0009294185188150235,-0.012631214435732995,0.42472520056122054,0.28609338193237827,0.004743589753322265,0.0016376129008193862,0.14404786136924103,-0.016044719460537666,-0.06609415225800679
-0.8141702659389733,0.9632042725043618,0.07914787061842918,0.3438501659188816,1.4699571424486957,0.2957117202326988,0.42031179955662734,1.1942503071439803,-0.016365674562317162,0.44296997240631075,-1.2404114490861844,0.015418617231825589,0.5356436480563695,0.1421222750926151,-1.3601944929004122,-0.4367793195086509,1.1556906648693315,-1.278939116821092,-0.030669809882437067,0.5815920075259433
0.8230501527192713,-0.5185187487039072,0.6032369231479644,-0.3399221258448899,0.3477818864230765,-0.013321860475656217,0.05913119885057838,0.34170175567320604,0.01960305099625253,-0.29010614887241165,0.01731620834775957,0.007489256786653843,0.00013003603840606613,0.013642918488654378,0.5491156749740763,0.340055711060659,-0.6024954684320949,0.19980987100625328,0.3268818523682778,-0.8029376740627736
0.886661671981348,-0.6653467387239226,-0.09683355075133972,-0.37540374817231964,0.1836847827198173,-0.03142696160346525,0.19112459289099998,0.3324519273669995,0.0010686912628718554,-0.008129464528805702,-0.41046671188088774,-0.0017797602780048856,-0.0033604264826295354,-0.6170867330433346,1.33099156430243,0.012429499323340764,-0.7527418538986846,-0.10929406021514028,-0.005624680019107233,-0.6672243221893187
-0.10841650464630628,0.08326519809593376,0.05566458633856422,0.06752225227957023,0.1182637892585778,0.025053287666379383,0.021598686123802897,0.1350736443841062,0.01712023704992398,0.09357563381616427,-0.0791067665675825,0.013451513465138388,0.08065835449680704,-0.03278901768018525,-0.14180198982434294,-0.0683925350566655,0.09329041952087154,-0.1563760506512834,-0.051899343439388256,0.08291910298544107
-0.11431355130418987,-0.015924677121601286,-0.22779966852003092,-0.03420889810130398,0.7370216896022809,0.17003309746512427,0.05485116089193236,0.4781509534618211,-0.14934965454566163,0.08621159997731642,0.11073527637212308,0.6847391326382344,0.035159819508423173,0.13978853156698345,-0.08543707896755304,-0.046308597000325774,0.08560497709876223,-0.3095046818445511,-0.03394048140424383,-0.19153526171907348
-0.028449001664784843,0.0024929351155313847,0.03983525768175024,0.1469429124615022,-0.3570105329060043,0.021369147012070582,-0.09216272099962375,-0.2786409801858826,-0.02404034906071549,0.0362228998212378,0.5460343092170781,0.004025878667555614,0.007943766628318527,0.657274287906023,-0.019750096615016213,-0.021567333093667526,0.04462603072862384,0.1435563297320065,-0.020174717499943824,-0.03754279396417097
0.004847223624485638,-0.01958835136746471,-0.011962265154333025,-0.020947253192989276,0.02082339469792828,0.010631717951379356,-0.1529195635315911,0.04174893412341233,0.01763742076719123,0.003148652116661888,0.2792413990855884,0.00354772472842203,-0.018583017362233105,-0.03851126777287817,0.04180197886914746,-0.01911331598064958,-4.1091977731265786e-05,0.29885149254056853,-0.01208453340990781,-0.12368384378433413
0.01401799668970051,-0.010939280471558677,0.006033020859035438,-0.002931950498644627,0.8063720223292715,-0.002182950541798008,0.1979745083495184,1.3101375775096589,0.010497989199294462,0.00655291350205427,-0.47081403279036876,-0.0017663814628463732,-0.0006892670610453202,-0.02259604221677245,-0.18845852959840842,-0.00921818091295305,0.0013682274085535298,-0.3891664066768428,0.016281880102828827,-0.137693151856177
0.0071201435229273835,0.033403698741916336,-0.011262852458465502,-0.008269615113986724,-0.022063318806837994,0.009134515055023194,-0.022871644156460612,0.014336764935359021,0.004361555578214409,-0.00690531238630307,-0.014507748795553384,0.00789540773167656,0.004451604099606723,0.012750795619784757,0.6143362575294755,-0.02071844661861321,-0.002054276742537867,0.04530353378241294,0.019062232633700785,0.009261358415076368
0.4550671762953311,-0.10200508018270936,0.8649059425834855,-0.04436980069593245,-0.3565095077797822,2.583207671895231e-05,-0.1501902015792333,0.2881531846168512,0.3322231740341546,-0.06177956695016027,0.5957303164617634,-0.0022111226972675478,-0.009618702595419724,0.11495805037174232,0.12257424668532291,0.07191607299354136,-0.36513613235669573,0.23346435723255843,0.0781775103158166,-0.45138759004444484
0.020922111290986978,0.4068751946381864,0.08042398898916095,0.25989000974981386,-0.5875378693096077,-0.0011407245888822373,-0.17482109996013315,-0.3811845600802049,0.016894206936078706,-0.01436510238525036,0.501171262905881,0.015387012801098027,-0.018607806401242703,1.0937642366077402,-0.4804134028650407,0.010517445623688552,0.47604741040260445,0.31718875475273317,-0.009710656435832441,0.00599165443779081
-0.011471456904889706,-0.02730585105138364,0.03280480186923751,-0.012116576447903446,0.062016430685845524,0.009408455603610566,0.04323766983572206,0.02183049556227991,-0.030606271721184804,-0.004085229281358706,-0.06953935355258029,-0.010219328756088344,0.00902781424603206,-0.0404782768097495,0.005982439479171619,-0.011281236920481733,0.022629031873821374,-0.07324645119910485,0.0018408028221169742,0.005584435530522512
0.4179466395369419,-0.20984870570000766,-0.25842129554856413,-0.13691436713846558,0.1539790078960119,-0.010421343217296115,-0.07330118699351286,-0.2595699201324744,-0.008457264948997305,-0.5050189289363551,-0.42070857580604143,-0.021062461125653405,-0.00235983325748572,0.4493238656012796,0.18888761378164515,0.5807550481874211,-0.26532808923198653,0.536206628931859,0.5840469281715654,-0.2700649116818611
0.005199003219629512,-0.011135049493326197,-0.005092216064454929,-0.007333761781474794,-0.12447396465027441,-0.02858334679278147,-0.3972793080029998,-0.11978706998294028,0.005548699123721509,-0.00873094218405866,0.16299303082870437,-0.0011970891588066214,-0.03154778558304962,0.169521761685169,0.0476296074283647,0.018272598791438648,-0.0035945486777682265,0.7462285282733853,0.009025134039349448,-0.027439029503875115
-0.02766268282901183,0.01187570640981756,0.6344770894004352,-0.007449436910380034,-0.1920290355557234,0.006189876396594467,-0.05079685973844228,0.019510866556263412,-0.02396644086585161,0.02996101495520355,0.6432345549753098,0.009553759374002522,-0.0005732196734136684,0.05847006184425696,0.36503329221632896,-0.02672819256315815,0.02947945869904586,0.060441643891430946,-0.03623155286798926,-0.12958570912088463
-0.0014387975248739675,0.5598066583607278,-0.008404277024569522,0.00520655568514424,-0.33614517486255885,0.017058067907948428,-0.1202744052627165,0.23081229868874356,-0.007541150919437918,0.0009650216658378735,0.18244811211724746,0.003569375424438484,0.0023105933067288456,0.508760064938262,-0.19510693477555788,0.021148692508295753,0.0012067967861699655,0.19350573855944642,0.017355712881185977,0.06618493528758598
-0.008417730875313133,-0.001212784689446792,0.007786453618111069,-0.0009175465499721598,0.0034569763881522847,-0.011189053074102638,-0.019255589322278183,0.005705796468967976,-0.00993799475518831,-0.015895062271588156,0.061613980555648436,0.014189329537794953,0.010894837435835244,0.017737592641821787,0.03702411472276729,0.02145183293404411,-0.012225779359081153,0.006327843570826515,-0.0148568954180022,0.0019856096467820916
0.01638771105737785,-0.01662894861425791,0.19575809364108415,0.9190576602861881,0.361965088643194,-0.012929403225955007,0.08277410678792739,-0.2584242974136524,-0.0029112337900077906,0.007032637977535955,-0.050370803860284176,0.010878921514419077,-0.008015083296798889,0.028662266904712658,-0.8289940961731368,0.01739114695780832,-0.014577443183119421,-0.15828373286506997,0.003923532291043216,-0.11994584621679162
0.3026364259949283,0.2481525558108953,-0.5959319019765705,-0.10842680240931102,0.4373465869366966,0.08620862639226437,0.5777954786964935,0.8941049238925801,0.015494879636653292,0.11784563977201855,-1.5017104939847052,0.013947969446967311,0.18557279027654147,-0.04926598322636245,-0.32291138579483863,-0.11409203229706824,0.2765554959768195,0.5350760888734306,0.6986916793165635,0.11238125305929071
0.026566831992850995,0.2654189437094139,0.004998373293215707,-0.01905997446894492,-0.19465736840656161,-0.020503779160783407,-0.05592644603497486,0.08648149742598296,0.01656883942973312,0.003837382032125032,0.07879030149698425,-0.015176960017389267,-0.020226412466089496,0.2675087955093268,-0.06151976739870815,0.01245490291482456,-0.009164890565101742,0.11305597068218828,-0.02687222690058442,0.005358232392864655
-0.01979651733139425,0.00643019430586583,-0.0025392193884984744,-0.004264733880205035,0.02541495046921788,0.011790895154679196,-0.22526741912186268,0.014086556085849727,-0.014419777331267534,0.012184895565738017,-0.020228519080397515,0.02191956843878185,0.0009916704458483444,0.013212375084903043,0.0018693904807612835,-0.015100064516855272,0.0017069799067415342,0.4925467190003465,-0.0007749385554667509,0.013185561450422899
0.6952767079145059,-0.3287205939782528,-0.43080662896624183,-0.24444563234623454,-1.270516411067703,-0.0095702502529347,-0.5247938075540843,-1.3731491577093473,0.024224408551364263,-0.8276521965402253,0.1949428743541777,-0.012851636215611247,-0.007299916970570079,0.755632176496621,0.5449269086275226,0.9503549897550491,-0.3998088306888154,1.6887310405235294,0.950128643502702,-0.18137240172270624
0.008302489812961004,0.8876098884839102,-0.6998476267162688,0.008177260812007354,-0.2357184460514057,-0.00852027437960117,0.28901942983203227,0.23201067951426088,0.00445749716029664,0.008562937316420067,-0.9031252326002097,-0.019523485671692372,-0.009822292010262645,0.7361145143461912,-0.6453167530185177,0.008956691187010693,0.3420865096671514,0.09211811779218619,0.7957410287380249,0.3929510897631972
-0.02869319146731133,-9.294036477012959e-05,-0.06346082548468998,-0.011999191320589308,-0.02555026728792902,0.04858362021318013,-0.05647273935299419,-0.0009641246287521074,-0.036256648670779934,0.03527112538926393,0.2133597246350218,0.23381282428473696,0.003200675506413269,0.07735316699233523,0.06689509912005777,-0.021572749139468234,0.005001101646110289,0.03766122159348529,-0.021053795225662898,-0.04395436771305212
0.25366211371611147,-0.1400193944930311,-0.15813340233128018,-0.12140721560349298,-0.5516510864069349,0.025752315122561188,0.007981804770898344,-0.5866457069335831,-0.013504658645026146,-0.33344633077137154,0.11348175715454381,0.005577927341737723,0.003896077245354207,0.3194930831359537,0.24198301801061886,0.4082271404118287,-0.1431879172186228,0.7120814741039206,0.3713870025433982,-0.05091403923448658
-0.025307779258566077,0.011211128855108034,0.009836835591706256,-0.015684666854068094,0.003289898547637317,0.009838065277104993,0.010413451881453468,-0.0018834403546268497,-0.008236931170610279,-0.003559669908324764,-0.03432240110997504,-0.018921551690344086,-0.010330005459775133,-0.04721782664595847,0.002273165970385028,-0.017016130971075745,0.032047920038781375,-0.03297020871716661,0.00020826356259398895,0.017747137853111307
-0.27230790859340026,0.12100884249669551,0.19173082405667585,0.04125627740817469,0.019014345386520453,1.0226622311511497,-1.1207635463967158,0.30265721982112986,-0.15369801559492566,0.34766434383720496,0.6694897235821935,0.7682907478581726,0.013529183969271769,-0.2952166620146242,0.4658745567423618,-0.02443829641386134,0.24757470704632323,0.6975384044861577,0.05089840335718637,0.202729050419715
-0.007796935872416481,-0.02467933743473816,0.01884008383661677,-0.013799830172284623,-0.0032588592068924656,0.01768179306539494,-0.24664723512370734,-0.009121859180187484,-0.0011600761296369257,-0.014553854984051304,0.00271909775565132,0.01135017672463248,0.011714132292810268,-0.012995400524819704,0.020709752232589328,0.004861165145396816,0.009282020551362437,0.49409619265594185,0.0034195819751338167,4.9519766117154564e-05
-0.009407657150491393,-0.02487324724651328,-0.002882556718570361,0.009275930648090274,-0.22349196339934083,-0.008411965811871208,0.42896600029849047,-0.11770031489323081,-0.011550982632643002,-0.0057927493201446415,0.578553920792964,0.019509111543853618,-0.011201432518021429,0.993666220189996,0.0822904643446769,-0.011361951151723611,0.021779604914532014,0.12578977572413536,0.0016239268201840452,-0.12042665076875253
-0.01860613962348688,0.2056653794164322,0.09674989626387862,-0.004678317701513796,-0.10842816807905234,0.163430518920119,-0.20187823906080365,0.041818584013900324,-0.008453436334575654,0.010696984216351114,0.024642730245907296,-0.012570360638534119,-0.013356136820941271,0.0631534521368146,-0.09939425350274739,0.015973937651940162,0.21355237637522312,0.1674227147687232,0.01295638698146976,0.07378067508408541
-0.029261045039405974,0.011611844182095352,0.001298380746585403,0.006442164929156906,0.022935498962065988,0.015528842880206582,0.019609663182168852,0.05132509817612165,0.01180573924460207,0.035507439353712214,-0.02201221058335884,-0.00605272878869231,0.012226710061133256,-0.004654497032014567,-0.013254738606028086,-0.027060664508053455,0.005099319458898046,-0.032134149654057836,-0.04944977819564916,0.00570996733289493
-0.007345750143669826,-0.057012092842396285,-0.22693138032802165,-0.07326404871649528,0.19800046323350545,0.11643913295965083,-0.5087642866256371,0.05235636857326577,-0.12051370484589756,0.02098718125821275,0.21351934466421332,0.499268411420549,-0.0014036715253026508,0.14926737408327412,0.06344555535051061,0.04206394789495748,0.028337214673649323,0.8844109714083854,0.04673945883879791,0.4935898036647495
-0.08490108308684689,-0.020718434559003768,-0.2721042618634184,-0.021274507760214997,0.4950873447025521,0.18623374582625316,-0.03485975666882908,0.30469206762295986,-0.12613855673777952,0.09724993884495946,0.2512142199816534,0.6749447607602571,0.02122591903899021,0.1206955267000752,-0.02627365783514102,-0.06528171725186882,0.08018292863159215,-0.14446585038329632,-0.034457148343947544,-0.1738490641831544
-0.11345728614462484,0.17157158913737316,-0.046784855980225554,0.13597938824943176,0.7772746255220733,-0.015880485164879693,0.4998516899453168,0.5462758247270073,0.1516650169634585,0.12703871881079523,-0.5146854710649621,0.019022524337340634,-0.021817454161371454,0.13331959584852723,-0.39832046593708437,0.04008834860124705,0.06559057800508292,-0.37972626877935306,-0.06246090116110907,-0.01737504645075788
-0.007924694001716363,0.623498877652946,0.2483008960891509,0.024491526310744756,-0.42008607661611563,-0.014711683813525781,-0.10329613066308148,-0.05646962491175583,-0.003610401602597492,-0.0051038040263481094,0.1764881612903783,0.009972822010525769,0.016288778417411665,0.6108963496376236,-0.6706760841620318,0.015875844693490647,0.6711292589519935,0.20706303201212276,0.011350408793426553,0.11265828284436548
0.29466368760188083,-0.09235441762091404,-0.04670563265854984,-0.10424232737351408,-0.6439869412339468,-0.008225088883959963,-0.019147410567776302,-0.6099182907834418,-0.013908849828935747,-0.36908262865647234,-0.05531921225269079,0.007543343570015463,-0.0005693146385349186,0.416786756842511,0.7680702230784183,0.4028609373112459,-0.09226275462618583,0.7595110677077511,1.0018406199219179,-0.04330124974211827
0.0163944310398772,0.5972160328948789,0.008231700421723024,-0.010385556417934653,-0.4536832123662186,-0.018282002847821548,-0.456395227002997,0.19711052338668664,-0.005684040329699644,-0.04589697207216882,0.3169335391097016,-0.010357051770415765,0.02044048189393937,0.703256486547763,-0.18920595333419632,0.009631340769701095,-0.018183011882088585,0.9040155191347813,0.004466920807713702,0.03100619361815128
0.030578256093129745,-0.006937400829123715,0.0035148880236524176,-0.004150159192619625,-0.042677346343909836,-0.031594437694638294,-0.0074529601682667545,-0.027092488714557765,0.007547924483439173,0.009998410059840932,0.09395900663111048,0.017626043175222546,-0.016555094870504796,0.01822188392551616,-0.009161733757258369,-0.004361571196647504,0.005827097361684193,0.00824534025873968,0.022467262978171764,-0.02840104599364039
-0.17599342639874102,0.12113134188002217,0.38139277843673,0.06252466296064191,0.05258362339693895,0.6543601589043369,-0.7544642334958123,0.6371058099852305,-0.01843362593611178,0.19350151354612585,0.09137230883766786,0.022048440801837793,0.003108632287836724,-0.40068676455473723,0.3017447787199788,-0.015727938219332813,0.17015838598561958,0.4894788288173904,0.048264009050679735,0.0958241555972047
0.12840896330593266,1.2028177016698334,-0.13510740510738137,0.31191840911578333,-1.2105080692877985,-0.007191532564668589,-0.6698276410470871,-0.0416858992065966,0.7528237175413341,-0.13144740494653342,0.20859129899268558,0.013777885833698022,-0.004906485066106862,2.0783128443508705,-1.4844935098125946,0.14644297212641977,0.7623854800419738,1.2471040142296854,0.15176060764085944,0.2940369276082549
0.004538664625456274,0.03534841420653749,0.007654603584088322,-0.010061485732141539,-0.022611068624536792,0.007454084860690589,0.017295924252742696,-0.0034927371152794987,0.004692996620257149,0.004562335835931956,0.025188133336433466,-0.0028418244631693724,0.0012732005580745284,0.0027630975204592555,-0.009855937605320655,-0.004273065944439781,0.012105434059671316,0.020039907600737733,-0.0015771398632616392,-0.007836022681254481
0.02045870147318351,0.019023600264023152,0.014187109747090075,0.12498208104655345,0.6919023104166324,0.008349761670614063,0.15423931818812314,0.3920149837299416,0.01506919689105939,0.008876177488083028,-0.397445200792222,0.020649645922660047,-0.022196496760532848,0.040989478914730565,-0.2655415119719885,-0.0008321653291211004,-0.0261177784411913,-0.33432450329748803,0.004046053220587226,-0.12655356535082057
0.2183099545679609,-0.1297752117639285,-0.11932744092047877,-0.10226056631165147,-0.9681486338861511,-0.019168769176621824,-0.27597039775266424,-0.7611213051609238,-0.02427726677996094,-0.2596176971099447,1.221357051920328,-0.009390149294119446,-0.020204647816461148,1.1998420679548658,0.3091160858826755,0.2723772000022819,-0.12199588513860195,0.7334194466873751,0.2416814791922472,-0.24419830138431958
-0.008650575004718372,-0.02344632063161314,0.005645315939732165,0.010623737133069935,0.005691281199365561,-0.01990966110144516,-0.2137152201202269,-0.015067060652734804,0.022550851580731113,0.0027491648293108085,-0.024255836766822084,-0.03367078343253202,-0.0014366270836505945,-0.02451917356370282,0.0005636093142251143,-0.01202419808551157,-0.012174848411130784,0.45237984125346375,-0.011256614816547505,0.02624649156609255
0.5590762945791936,-0.2504749478825743,-0.2998312186677759,-0.235072697337614,-1.107938863495214,0.1982996260816295,-0.6769093293647078,-1.156198959357357,-0.007882377298262598,-0.6834119379702295,0.157648110161388,-0.004621699584955179,0.006551205396627416,0.5639027477934045,0.5803638996408658,0.8810434350921276,-0.33283924598267733,1.628374771647279,0.8757742871577497,-0.13545584322247117
-0.38855486678011203,0.5384564840574473,-0.04450222221522099,0.16510269423711704,-0.056551511577767014,0.006384813161717351,-0.04697525987836966,0.041539675750615464,0.004001675121393645,0.5918452142379137,0.14581394151777682,-0.0052487547093067535,0.005926417299351876,0.2523631351350907,-0.3603523869633005,-0.005113631384516429,0.2868996456103996,-0.11604621447644939,-0.2300123368045544,0.33219480407238056
0.3870076763235825,0.344172829574372,-0.3149994341829664,0.20900458384433712,-0.9075633869952632,0.0003869966427958952,-0.4537157562777959,-0.297521580532104,0.7958162161964221,-0.48250960754372485,-0.2758539231624238,-0.005926439658492003,0.009813142866916253,1.0234250795590087,-0.5304622133283173,0.5955237379724443,-0.22430283452152566,1.0736423334316847,0.5655881920858914,0.06599759910802108
-0.0041642450613651166,0.030158934779819867,0.007938661310271019,0.0046047631672416454,0.8449904001906786,0.0021028888537571516,0.8560229455823607,1.2319582597617222,0.006480031126324717,0.005300696519231736,-0.5038556334898553,0.012124482094909945,-0.011430036956667696,0.003966792366317553,-0.22597829521893809,-0.0009781307276236473,0.020967512903141406,-0.3851122953625559,0.0060231907309563435,-0.12639404312561192
-0.009742226323419055,-0.012857649785670049,0.03263015973101363,0.00677433414336553,0.02729752058018316,0.017262195754985037,-0.019330825764475652,0.016983094041027432,-0.018457623263068285,-0.008024471805721333,-0.0012786374410862084,0.0196221394314309,0.0032018671965768734,-0.007723723467783076,0.004885043022183108,-0.027092176635584816,0.0016842178883326678,-0.014378097574042277,-0.016815185085560135,0.029299910237854332
-0.004910621262703073,-0.0029087505838104235,0.008970334898686271,-0.022963147588933627,0.0016743488603872267,0.015276214683139423,0.006244562254995629,-0.0140174569827223,-0.022250598462486913,0.011096669384864543,0.013372831698987248,0.010635081070742881,0.015021850161982446,0.010974535353951794,0.0062090184436139305,-0.0016713152703377611,0.013500274978120596,0.03417003674140778,0.013433396669988412,0.0023920394992463538
-0.008548424089411606,-0.018813803428831367,-0.00021711859947641738,0.008467471766304288,-0.003049346692883069,-0.010929386357678955,-0.006438052545328525,0.16038873886106175,0.003823490460416858,-0.012659966474475957,0.7241242837192992,0.024799883156018027,-0.010135677437284605,0.012316974290178487,0.015735102102209797,0.007323598480169877,-0.03287616037791854,0.0027732105447936745,0.026788356786956118,-0.23680779472631236
0.0037131444806005817,-0.015198879738199228,-0.010480824980990691,0.0043489974605586,0.9083495578895732,-0.009600285530763976,0.24053888940482107,0.589059644433021,0.01649634370014884,-0.0024061989434838267,-0.5340698700306202,0.0038829835398199192,-0.0022362876058106594,0.008105993064946877,-0.23647712839085816,0.014204718460068407,-0.01660529098633133,-0.4419148648474713,0.014664031914543806,-0.1534670037431269
-0.005548931047236993,0.7371868962592069,-0.009486244200121945,-0.011854246879455686,-0.0941558217391863,-0.0033909867923515953,-4.300285179209724e-06,0.1843792023997469,0.017569754332607834,-0.011321566901483605,-0.28824616949767523,0.02988660404681471,0.007925741173077747,0.6811801751676002,-0.21369917055776758,-0.025549153885905042,0.8625032777059239,0.013057217550865302,-0.010493471386970342,0.10840919907857897
0.010501653291568793,-0.004283514451740579,-0.0256785269363112,-0.00956038710927002,-0.02903650259455583,-0.02157746380924502,0.025450182532641,-0.02526452136843622,-0.006227340690067502,-0.02020435587406326,-0.025764611887089204,0.0013199229276040251,-0.004294339442751663,0.020717918588031584,0.0016901533578737617,0.000308527230513239,-0.01323311588409104,-0.008292785802070678,0.028034127237398003,0.02665356572319536
0.02600260074357126,-0.02459971116837943,0.0027022441464024877,0.007020926620102766,-0.3190219130423824,-0.0046271766414078645,-0.06380350103865515,-0.2188965233435102,-0.009418484187851555,-0.00980716287462774,1.1528599349993236,-0.016411258336026826,0.009928615693221466,0.4950344799957072,0.09020203632451151,-0.010075435879942227,-0.018934064765788794,0.13792215357467402,0.012296409071351364,-0.2372414811697237
-0.0038750698621116252,0.8038303457170102,0.007651735809768384,0.010635479308507757,-0.44166883793237727,0.020820514425193372,-0.12050027348729453,-0.008193555245442498,-0.02794473384337026,0.011842045106638645,-0.11267202998433613,0.016858474875185235,-0.00034010915347169705,0.7381538076623261,-0.9210649853200116,0.005327523878817647,0.9215813248898153,0.23271344900843058,0.002738416688342708,0.6380538213463386
0.015402306533619427,-0.023584009885205655,-0.023900739764040085,-0.026843329851993784,-0.004137894110129738,-0.004651094041409919,0.08431102668183132,-0.035436254583177305,-0.01697574630877219,-0.005860659699755539,0.04177949997653124,0.02598694064085814,0.007857753849496852,0.04397539849061999,0.04667651912995536,0.029564260920674275,-0.032438512221709515,0.008524125326682796,-0.017237399197851215,-0.039975867287170785
-0.752470296443566,0.47900981591605774,-0.07376241692369664,0.28706014034061794,0.07982074504614081,-0.008826614312122678,-0.06266168575436976,-0.15969621936417344,-0.00594801975055417,0.9263525349636474,0.15900630832066476,0.014876351606666935,-0.013518444059522105,0.07372838979175475,-0.46628027957835516,0.02022344210914906,0.5508227353809088,-0.12046091370939681,-0.3397088914916237,0.5667132248730437
0.0037910414507975766,0.8327536952335592,-0.011605737784103454,0.02850876690720268,-0.4490953041058434,-0.024677471895667318,-0.10648768651659091,0.40192483822764347,0.021002314304304874,0.010109637757403167,0.25284188789875045,-0.004901395768697008,0.00043942093985678706,0.7233412292931913,-0.32832422856291316,0.0038359495574611293,-0.016830852281951005,0.22480068812549944,-0.03539810533844963,1.0302176456659669
-0.003999241903925623,0.12440642297117747,-0.0003770248759272128,0.07944477794650992,-0.04954618044214109,-0.008253710100536691,-0.034293204377113376,0.6592715700263131,0.11326380139942367,-0.002186639965662377,-0.025733285646703092,-0.007862390908684205,-0.003360385615009504,0.13564397484783403,-0.201325605143243,0.013065542479678994,0.009150596670051508,0.05271492945284338,0.0011931492576644897,0.061092407683851324
-0.45180158803081044,0.4607413536971012,-0.05817737599547097,0.19188961221373455,-0.06306033315922661,-0.007119154943672258,-0.01540444198999061,-0.14174405158423775,-0.008353537024058947,0.5501423548424306,0.07504449999738161,0.007864116916277242,0.0015277527873498887,0.16153893940002914,0.10683586114637156,0.032111708080892025,0.5144554957917961,-0.116649106635247,-0.21050705908774295,0.37909429893808005
-0.15179491021566413,0.11419046502346,0.3757521581958231,0.06306389076408855,0.08168212468361347,0.6459812253751721,-0.8923171496480605,0.28557694924321836,0.0017187083751326305,0.21095358974080194,0.020200009974719373,0.005702580407393221,-0.0007749336145389373,-0.42082868636056564,0.281633750831999,0.0020764613286468076,0.13799715516239552,0.714471904700461,0.02651161792030609,0.5999068876416652
-0.009389826268660015,0.6624471473744811,0.1753522174116128,0.6815136024289776,-0.07296258835190979,-0.0009524569927658287,-0.00659550927975165,0.1291594648809906,-0.030419076416582792,-0.01042494646281057,0.1688460550466923,-0.01519694773649707,-0.01247557841629467,0.5887066456290423,-0.9124909593953869,-0.031439517579673545,0.010141280174581045,0.028439775393070597,0.004883383862990943,0.2766108733756037
0.038488697282989946,-0.024102441671712153,0.1673417593295472,0.7782383073660323,0.26580786000180606,-0.010081694347719697,0.06701038459353527,-0.2558054936099408,0.013093447647481557,-0.03970047887590639,-0.0014713605136716934,-0.003192387015009388,0.0022092530470883692,0.04813204880164593,-0.7048878313930866,0.026269762510363528,-0.03125366794973679,-0.08512268475043212,0.01775210304797297,-0.11657165985823448
-1.492746462865573,0.8607411642701569,0.31064475726538177,0.6066655568502953,1.9368369205703961,0.5027812337800617,0.513147644356415,1.4729149643461341,-0.014947575046570134,0.8173543517742478,-1.2342200816645796,-0.02101889856079506,1.0085099322373268,-0.553381562775581,-1.26091895926523,-0.7843565532507853,1.1803824834005894,-2.0013728218977347,-0.1932112233449784,1.0002143177067542
-0.2361413632630217,0.610015018880726,0.5390365418430295,0.11068727033831531,-0.12779792326207773,0.9126250856059458,-1.0947072196134333,0.6064084694441289,0.004021862656659509,0.3122768413878661,0.21370069493259133,0.017662511874478953,0.0028926302093348765,-0.14992030361844563,0.21679984518220824,0.004287079592783848,0.2095946133680736,0.7170472021708906,0.05893485521757562,0.17945197302159385
-0.021345664380167363,1.0049790006026122,-0.01635959164540544,-0.0071253181937167,-0.5237376738891243,0.0019455944359487685,-0.1731962330933788,0.5031945245635503,-0.019432871282189845,-0.004969896713745883,0.2598699712715745,0.026929564531558182,0.0003022534622115951,0.8761280521981243,-0.3633224564905619,-0.02672169691331363,0.002531604572783963,0.2705570708053019,0.01331326555808376,0.08872122738570225
-0.06750738291394706,0.03750140538639658,-0.2927477673957706,-0.0008409374697712965,-0.12405086340581399,0.22745981341234028,-0.27295885038716805,-0.020991277310114,-0.032686532518078834,0.06460201375322924,0.5974299661063334,0.8057435704634212,0.0024419115647078375,0.3072520491392188,0.018314807415077607,0.016138353643939587,0.06956283216609288,0.23335482004330588,0.01579227206915299,-0.11545191794041003
0.061863691346151786,0.6182129073284147,0.028520468313772,0.3887204580816481,-0.424162853777298,0.26123373917538006,-0.5403994372899725,0.44356766238836465,0.9307233976613605,-0.08445935577493029,-0.32111189614023034,0.009492028624108403,0.008464932113960358,0.6789286317796216,-0.7621307177232981,0.1885278896605128,-0.019413190433556844,0.6076477939403538,0.20172015738643678,0.20246262422166766
0.008568518115400436,-0.003410041386267563,-0.0033984090286820878,0.006588830249235849,0.7981015588490076,0.0050885610912396635,0.22987084556615525,0.5301100954792772,-0.008432171165913683,0.005351922854765307,-0.46354928675514634,0.00208287946901892,-0.00014873960071100714,-0.031970209138764444,-0.13529257243542916,-0.023980131229562163,-0.0037485479546873375,-0.4047412846202371,0.023004561928186427,-0.1370600018467288
-0.00778996150113194,0.048625331931846816,0.013680283779878592,0.028475763555844514,-0.0498427972799161,-0.006225773352734991,0.01314642595552488,0.008404429795590262,0.030823858546055447,0.0037396909656825716,-0.006663349684028461,-0.005400610222061914,-0.00991246961671313,0.04097953662980745,-0.0356829514159779,-0.008217658963678182,0.012684660149589605,0.011242985887204784,0.0020719216729391376,0.011751272522780682
-0.001912595074557824,-0.034985794236655855,0.15447709776431776,0.7507720357338654,0.3049822298148777,0.030784154995717725,-0.21150088105759582,-0.19670275222489395,-0.031088577838058726,-0.008250811851263999,-0.036716494467670044,0.0013124767565102797,-0.0007968319977214545,-0.011082649187685421,-0.6271408935706227,-0.014665141552862129,0.006482787339155851,0.44833123373893974,-0.014893807726782584,0.17663988244936532
-0.02956075440094303,0.1477024610749019,-0.6240983061631927,0.0356258198067191,0.16735766088109416,0.02158802103641576,0.13141625848645536,-0.011780894723099584,-0.005804304952989719,0.003490644795478265,-0.9684573178884347,0.014475374460105463,-0.003189105819313889,0.034089184596499116,-0.1926283863570085,0.00303584864444095,0.13333750179692497,0.31692442421363537,0.7564888173957364,0.2971459775571331
-0.07974819182937902,0.039216571159943675,0.020828582060047254,0.0339223853608382,0.08547879756365175,0.016087696744435748,0.02344624570328211,0.05480735742579804,0.01980576333248169,0.04550391030731812,-0.021525782326279733,0.0028973518457143565,0.03372953006994434,-0.023018926074492775,-0.05819063440465051,-0.045334192162877346,0.049998848512982794,-0.12267313860774913,-0.02566039258730093,0.0642742672916919
-0.05516648033918173,0.04535413767785482,-0.20089393955860138,-0.010579404741402738,-0.06694880515009198,0.12239598936559924,-0.13920497345647426,0.6598313055899074,0.008805476269370133,0.06268182026060093,0.3717548516988539,0.508886368127407,-0.012617515021702365,0.245147468138578,0.010647357959510143,-0.01838715072196894,0.04720441212191181,0.13451538389039672,0.014886099510392447,-0.05844084679482881
0.007440099947874652,0.00406026145308968,0.008609585700805267,0.0026687983479309232,0.1578763575986842,0.02200420788149287,0.13272910360564652,0.14885995489598028,0.01734238271730809,-0.009527130335820751,-0.0565630326179775,0.014207166126608977,-0.00020733244666161325,0.03729567282947814,-0.02239546860827371,0.02973131416931772,-0.023277175399640276,-0.019307075277603964,0.003809921765923186,-0.040916374087713585
-0.05946321070468905,-0.021945466304910892,-0.11355755434846797,0.00369517056528269,-0.006650564853393251,0.09126696415927035,-0.07887541018748867,0.016645280196406233,-0.06367036087739754,0.05089254936960898,0.3294379686133831,0.3702879140830863,0.015020432047259287,0.09863521603103023,0.0492400490526708,-0.03736971560585691,0.04476031950783855,0.05780802988854029,-0.025407058224408856,-0.048513464982798966
-0.4057917068045723,0.23359097570823253,0.07243336267442159,0.15478704275345403,0.49648513132006145,0.1406217302957185,0.14353844499230667,0.40351559880795,-0.027198572160432484,0.23011736355312365,-0.2989236838024066,0.007666056677612833,0.25740660993752235,-0.13449785096945677,-0.33838492550032145,-0.20528270125712905,0.31281164702487674,-0.5133091297296019,-0.06606522317398739,0.2789158221104325
-0.00021729916895189393,-0.010991153314660742,0.01789006870535556,-0.00042725896883392955,0.003766410395449374,-0.002435964585752122,0.7842197413781657,0.007687340091743285,-0.009814325806681725,0.0065663841312365995,-0.01542555582544522,-0.020886753343739448,0.0099155333728277,-0.01872739857390539,0.016375072548976473,-0.017732772136979203,-0.0191539347869712,-0.0075793073783292034,0.007076022837135926,0.014196662868989032
0.022401273262243077,0.010457788038836935,0.19710163808691333,0.0010948905189857583,0.6011490998632182,-0.02499527700440422,0.13366769355338654,0.44311191547107065,0.023509794136651763,-0.02466776833834,-0.21356385653195878,-0.00596350024275513,-0.029954838450564587,0.05969080925253611,-0.16400073375671573,0.037860891027960836,-0.013093637714850424,-0.28003863958371755,0.009393155794920269,-0.18048619395079402
0.015265040215403085,-0.037336304749145274,0.017222863108367008,-0.016763361322778565,-0.0026321863644316983,-0.006385399327273381,0.0031984437250713003,-0.00433259219767868,-0.020964345570174285,-0.009915050741117449,0.004560396588321563,-0.0007739207100149253,-0.005706262847236539,-0.019145522155489703,0.5865274119048409,-0.026171185065028895,-0.016551202211827563,-0.00160176422126518,-0.012915472895400088,-0.017137733121894448
0.01111327826047458,0.9329716365390434,0.006318676246800816,-0.0062791919643591975,-0.5365687996773525,0.0038988233140821327,-0.12991135742582197,0.4155085828337049,-0.00031625523601511597,0.0011488301373039703,0.29293284297181676,-0.008750350189218489,-0.014536375859476064,0.8272364413845021,-0.3471119923958005,0.02543485565591587,-0.023765809747770154,0.2830550507812107,-0.00478589008582074,0.07274854617829271
-0.0036283812953124975,-0.02716531138090706,-0.008130945926372729,-0.013232551306816753,-0.023752273177829197,0.0002729301398445665,-0.05652142880400683,-0.057314189620731634,-0.02452435820592897,0.006457350239860276,0.011210264988352418,-0.0019147526855676578,0.0016749841959719626,-0.02166067926917151,0.02740564088156443,-0.01363240515418383,0.01412314442212469,0.12017392476086224,0.0017858901252166483,0.01615451359723067
-0.013868905692341126,0.03295023791088428,0.02106763411542468,0.024483476920433216,-0.44658783333873353,0.007832710986299807,-0.11073242409039166,-0.2544368279896291,-0.0004459336010270848,-0.0018433831171992278,0.5905529328509256,-0.015039524475557954,-0.033561579995387274,0.7476819692478206,0.09147578211154635,0.01748867779014236,-0.0006636491585509342,0.21979316884542371,0.017516822660311203,-0.044718398669247345
0.9826861616232462,-0.43031635790680167,-0.18523401393781838,-0.19537374097740098,0.05989878211972321,0.008905427658689206,-0.0205648840221894,0.526395740449,0.4490162092709744,-0.10760092091147366,-0.7234564310196104,0.01003322909796398,0.013568754869247036,-0.23676518402524716,0.4088522087709479,0.0854365998774897,-0.8022296867860996,0.04812840719249444,0.09787694005811712,-0.6565553966986257
-0.6175242809525082,1.1554752899346739,-0.18206472565601572,0.20627810357363785,-0.6892523238602258,0.09211161982862004,-0.24297278474289105,-0.39905356930369584,-0.08798468149092735,0.7769224331117159,0.7009504197306156,0.3660498787287949,-0.01170365567620424,1.3991439355334088,-1.1813002123814935,-0.011603554379052377,1.4063810344669947,0.16879577056384137,-0.2683015067981325,0.5207849636438064
0.1711640380812625,0.6214972589089458,-0.3195649893370663,-0.04109360875613069,-0.04641386693313518,0.05828959316446246,0.1146352330032942,0.5846022535284378,0.021749689320544326,0.07712848957416851,-0.5613382002071962,0.025248407585327703,0.09675908985811027,0.39818623719657265,-0.20475378955637,-0.07434597044414347,-0.05411973912825749,-0.09031530586465716,0.3490560678508217,0.031811749941460306
0.011152407674919016,0.405084543135106,0.010803307164447938,-0.0076989950432215515,-0.16728017302789247,0.011376708854257948,-0.06385652807328338,0.004783860467058865,0.011148878448807428,-0.008943955523504143,-0.1214923311512465,-0.006453791491515079,0.007325043505496607,0.31308072632499384,-0.46409803699961055,-0.0007361980896666391,0.44568033043527444,0.0834703708642916,0.02393986594456521,0.0978771736509023
-0.8261833300166034,1.2197519576039395,0.1636104545060244,0.3461823364178449,0.6527809475175295,0.3019260162492149,-0.25785442103933615,1.4249745777387952,-0.0156418772934564,0.43873174964084577,-0.4657498626250578,-0.006215506035482883,0.5935163500291771,0.35616180595056685,-0.8438482687937247,-0.42311206457272527,0.6410129995770373,-0.014041350300118214,-0.07725932740626047,0.601742304855499
0.013683020809395477,0.007094765805619708,0.08931637372206304,0.4853714373508098,1.077930791756376,-0.011365128040446319,0.28085892468579454,0.43917155377904077,0.034058527952550766,-0.01821224764141842,-0.5940543112449337,-0.023386755795262365,0.0026254648539741584,0.04179611854438411,-0.6803897237263138,0.013845950075675038,-0.012483804494956743,-0.5169121169302934,0.03612073115176841,-0.17886142235571634
-0.06634582001598302,0.05951731189004692,0.12958990959150993,0.015931615235553448,0.004037430389050352,0.247672817622411,-0.28398910371685854,0.08095154253618127,0.005569203118980543,0.08173232023080361,0.0735120134073959,0.008967428840360739,-0.006435890890885087,-0.13501468581693057,0.1189083157155272,0.0034656247607597604,0.04604896948674502,0.203731857719989,0.02200156609954172,0.42306338970587126
-0.004303255341246115,-0.013531374218974917,-0.011996586890441599,0.017684850925450468,0.013983626366045127,-0.013103056970268132,-0.012201361314919754,0.013640625900380749,-0.008558629305430361,-0.0036120327431449044,-0.0314813098474108,0.009088738524016857,-0.016206840281545117,0.0004852150127204746,0.004288127440719252,-0.019004853123248282,0.016483759797634053,0.011263517580089054,-0.02204327845704307,-0.016172122665781857
-0.05292686835388136,-0.0009112096488913275,0.11336779815047496,-0.000728310184107064,-0.04486204747717089,0.0675894839050474,-0.04664444838352714,-0.011352675196197355,-0.04501494406574964,0.05167400597919453,0.276241121365901,0.1726048425634915,0.010110355871457068,0.04623318932451185,4.23584348182935e-05,-0.028905960302371025,0.02319629080484585,0.0414302565861552,-0.02663447263502073,0.8342634961807552
-0.12407738150934411,0.10491782931745086,0.40015008349231684,0.7097175479766374,0.30392597704362784,0.45554119819651656,-0.4458081365691826,0.0554557205611875,0.00941077815854965,0.14866297378124516,-0.03792439283001657,-0.027575188970143875,0.006570040912029506,-0.28267642002590887,-0.4082474950575949,-0.024967299812638313,0.11810557841262187,0.15067784858555383,0.014140186206876898,0.21284174805727724
-0.1733090878375865,1.0914563599034286,0.3643417720987574,0.06965469854708889,-0.48526039600174026,0.6330656886961421,-0.854436715609983,0.7043739039552261,0.012896563498030695,0.19643617844522004,0.31693684425070856,0.005048914904925211,0.008116079234101643,0.5175234250591884,-0.08450730059668878,-0.02285587990436016,0.15602431023553578,0.7202704499397177,0.06883762943316749,0.20521325146416802
-0.03644342828970889,0.03884447686077829,0.08826379989226713,0.013750951291596147,-0.012047351100036938,0.17770395486770904,-0.16230137766764616,0.07543756231364285,-0.0006502430801700043,0.045268639356546826,0.03326010177735721,0.019144638285183608,-0.014701072618177609,-0.06423872187826885,0.39997783791086317,0.011128518873582747,0.03989422182691844,0.10863843611308939,0.031717349576527595,0.022947560701551486
0.002717326796038262,0.0006490948416192658,-0.00959688493904303,0.004388104502512069,-0.03532644248358,-0.02487507133641682,0.0173728093086533,-0.02985111967098393,0.0033078861971217845,-0.025192094991828843,0.008165272537904026,0.011298814457509729,-0.011839680787501564,0.020409575700406826,-0.022332683395402838,0.018804305255909023,0.0017827393731640589,0.017748889164287168,0.0139695219919024,0.027682825441593437
-0.015552438180478731,-0.09982353760565306,0.661191077854146,-0.05351325350023496,-0.39557297183759366,0.1337162046761935,-0.21763928515132935,-0.059160717455987846,-0.13491725681837913,0.05265129206179599,1.3836849789244299,0.5726399912536569,-0.018903244919741456,0.2160367861660008,0.2496627474407842,-0.01745961680032464,-0.03502360872297589,0.26706746240344575,-0.0017626705450009099,-0.31710036558042515
-0.04343903911067759,0.03329342397198364,0.01629559568777706,0.014901601619528582,0.00141210562206078,0.01832323956227647,-0.002965068232203199,0.04238865533974804,0.017163860882081994,0.0216831516630282,0.04847228931975044,0.020605435924145356,-0.007110490690057381,0.02577887039780918,-0.015642052554818778,-0.015400905561334147,0.0003221647139462769,-0.03387996388495968,-0.03446945586397375,0.02132591228083046
-0.0029567981689522247,-0.07793352372512774,0.23975959637142613,0.913575830736434,1.3524421684728682,0.16811222596389852,0.3474579954354766,0.5263319437806926,0.011529233290751773,0.2683596168807309,-0.8378259658188011,-0.002715040574286294,0.30657736424318555,-0.45317024569396147,-0.8786525707183512,-0.23189912888197714,-0.017140537235223734,-0.9685212167124307,-0.05943464770375727,-0.1984205204467191
0.005709071340386632,0.6502573003643651,0.008593200653310476,-0.025532145138579303,-0.3565513911684153,-0.007825034506430965,0.18683535221753217,0.3036004323908009,-0.02053014453662816,0.03751095154104528,0.2491846882552885,0.0013447560320008635,-0.015263319767664731,0.5655398038943505,-0.20403895730672988,-0.027105291085485966,-0.0010374653269652773,0.17571546329643237,-0.0166593161297851,0.03477472926400399
-0.005596775429543292,0.016926169779225606,0.004490878570877572,-0.012909201176421142,-0.003929505183000072,-0.008298799835391009,-0.002671665991026426,-0.023239109221910262,0.014415824231379246,-0.008924286891772312,-0.015178558908140079,0.0007690587143992173,-0.004470403021200671,0.037757780474816455,-0.033748895157140045,-0.004912466181957224,0.002233037567937248,-0.04303126174475025,-0.014177789425856641,-0.01536530321559271
0.001034835374551696,0.00913755633307322,-0.003257401373909459,0.012794581716025339,-0.05216928369404536,-0.014994101647585287,-0.004039968282803818,0.08980436947101522,-0.008635766469953683,-0.015808464683402686,0.03515910324984825,-0.0016104845187962765,-0.026405495908840323,0.0246175997086104,0.010489803440804638,0.010909742054216237,0.023783905334551048,0.02801043502185006,0.005072485794944787,0.0024424358916399266
0.6193829426679969,-0.45232079848128226,-0.06762734256073051,-0.2748559551015827,0.855102227072006,-0.014853786863507402,0.22153386568951317,0.688929572334871,-0.007884929752438409,0.0024570149020306936,-0.7421771515473707,-0.002219363461124599,0.0017918074914385696,-0.37932541126789565,0.41479573063154984,0.013808719648761321,-0.5332270837110044,-0.40647378077936164,0.004275721022342097,-0.6084641203263939
-0.3429479624274986,0.3144115512708461,-0.4672006705645007,0.1352111355077151,0.14529489547785687,-0.018344234691839083,0.22856881269778695,-0.09231499921603764,0.013804800344789515,0.4178107913133587,-0.594136893285163,-0.015580338237932725,-0.0011929384455941026,0.06576645370231868,-0.3639673286810415,0.003076050274616983,0.33858001421169553,-0.19921643949911405,0.32170018169537984,0.4321594141004998
-0.014926678510752332,0.7368990970995266,-0.032465406193995336,0.013582842681131305,-0.3849157420584182,0.006157626341685093,-0.08083459434613227,-0.04932683611205149,0.009212336930897945,0.01424577224420137,-0.15982143292320308,-0.005249345265005426,-0.009736186037496895,0.6453508382835421,-0.8720380721434496,-0.0023201982749295183,0.8360674451413085,0.18418902652825597,0.019807197350342726,0.21453005052158755
-0.022454689355320925,0.02596270198019155,0.8477379258170569,0.8300479106881917,0.08747784615189268,-0.019322976665430106,0.12634394852256753,-0.2546850173819946,0.0013514793583354768,0.012125464202883234,0.5197669336005649,-0.011081930766256734,-0.005278271861877084,0.08149095012141655,-0.7531611708920616,0.013400948926600167,0.022853876424525264,-0.045013015009284646,0.18750872395264434,-0.1842535696185607
-0.5396293697022357,0.323743742586674,0.10765565965139061,0.21564057641488985,0.7262027554848223,0.20072944254417535,-0.2448713088068881,0.5770216133483785,-0.001353946186506428,0.3102803548643084,-0.4948361078716902,0.016464597560873845,0.38349880386448704,-0.1877716509223999,-0.44897539189949415,-0.29480641683720604,0.42255142192816464,0.1373492952606173,-0.06271396761071174,0.344340495587029
0.3646575122347124,-0.23905662569523575,-0.10007371044033596,-0.16244506293983235,-0.13711859831450793,-0.02040424196972042,-0.06580465328872666,-0.10975368916873857,0.011407537632421954,-0.14473726229301712,-0.09341401514541313,-0.0019231214905009856,0.006685761960546945,-0.0407686135341273,0.34499531627698415,0.1474982219883167,-0.28833070018421775,0.25053343638984066,0.11006090234456312,-0.2412996601805471
-0.0704014585258334,-0.07472649167639443,-0.316754377224912,-0.060325315594607576,-0.02558599755607228,0.21845022095697575,-0.2264501843484487,-0.025446682650850296,-0.19071368280661283,0.09708273153940984,0.7412398695726141,0.9446641060498429,0.011143014284232769,0.16562586952805522,1.0903174695093385,-0.03090077734444116,0.07154074671645116,0.1397257270647259,-0.0021133815724089546,0.06575469198727418
-0.101924642134017,0.06907734315100202,-0.030316160345424892,0.03347344660249834,0.4011444038506777,-0.00878191500604526,0.1069667843035359,0.22853124551607706,-0.026405280142917674,0.13644775875834717,-0.21910348204025576,0.03240848651129744,-0.013471500122777607,0.028406974064524637,-0.15089503822402092,0.014968767357871142,0.09431642880902068,-0.224672296608836,-0.03458016318088785,0.01364963027387153
0.02641329037627763,-0.04442717844988137,-0.025962456661808745,-0.012292045800138329,0.012508986875621249,-0.011095382809936266,0.023303072647006394,-0.03961553119019348,-0.01068150763172284,-0.021769138418258317,-0.020961833541893057,-0.01418084192170579,-0.02833802857306642,-0.020456354848295295,0.04002845192767149,0.010328929659677709,-0.03706121412162568,0.0177044288888921,0.008303794933794722,0.0038980943852517727
-0.22562022099086762,-0.006501827738881496,-0.33436995764443744,-0.045069629363134606,-0.010952240318410633,0.2568878043666641,-0.2778408552085096,-0.05217879271796869,-0.22442577335645372,0.2834781919569603,0.8768548557816471,0.9753529306599308,0.002674272881645149,0.15849026831033902,0.15242041052554034,-0.03650212509761831,0.17404338296706345,0.05734502828996597,-0.09674831360273538,-0.08841897107945759
-0.01041915989981088,0.029208308828774104,-0.0046031414738618975,0.0149678080759404,0.019869273027892796,-0.008909415906829926,0.001885480959565239,0.007038208151257939,0.015881006380931664,-0.007092857061026412,-0.011676662405179988,-0.02377377471958845,0.00567302141566991,0.020960786705564408,-0.053627087824565864,2.562247165926318e-05,0.028740511422318357,-0.030976885721191637,-0.0010270546117508925,0.7932033724540415
-0.39940085611874143,0.26044964882196,0.857896184478758,0.16252708750640313,-0.23891815744083053,0.018869314876076022,-0.07497572917511028,0.039188734787346205,-0.009998985281499964,0.49328057340792364,0.9303282177482053,-0.004316248693362436,0.012809852172524285,0.11714609248023405,-0.16023363313324293,-0.04398268783518047,0.2892422137827383,-0.04622025594658801,-0.20767276534790421,0.12148448227156916
-0.6708438764261829,0.6933474282582736,0.1412881103474039,0.27422797821614764,0.6874740233464419,0.2127406054462094,0.19267421691844508,0.6047134192896252,0.014257559136293826,0.3392242555794319,-0.541493392417106,-0.003455984238854575,0.4397108901190027,0.06850910048842375,-0.8960597943988987,-0.33085669923395483,0.8642160244974392,-0.7796811473771512,-0.11388603952942673,0.5180706503281156
0.012029997737878821,-0.018493685085729468,0.28961038848248416,-0.007669693243770562,-0.11870356587810836,-0.009962004384547344,-0.012257518569878527,-0.004019884584529332,-0.004164548797173385,0.023548572996847903,0.2707371908184733,-0.002241319285378733,-0.0005682743816338659,0.014304163586862362,0.052644741864239446,-0.005356610194618913,-0.026572911964984732,0.06894195196400627,0.0003433496753101452,-0.05217581595676047
0.049283020826453194,0.10489011869261063,-0.04593733628633654,0.08168859317517438,-0.10081518886595536,-0.024516964398773662,-0.036833686453449865,0.08032065744644074,0.215390854922301,-0.04650865684875132,-0.12279658451080785,0.004372179363361069,0.003279309631339538,0.19830102400052663,-0.16973983286203811,0.04004190739901988,-0.03761087963588767,0.08417957684180312,0.049593892506473045,0.5019141992503738
0.00104133236653145,0.24561442958045454,-0.0008805177592555178,-0.006711595933870921,-0.12033050554856722,0.01686618707939935,-0.05678937010699024,-0.011301043095057329,-0.005369955314003756,-0.0038833103480597564,-0.030014421524121686,-0.010043436545857971,0.009552823223306446,0.18487421146150035,-0.2541810660004913,0.012128305669468677,0.2787885965418341,0.08773150767173529,-0.005095144406833799,0.059423859264032805
-0.1153918086303458,0.05968699863852659,-0.01660205660800334,0.04831738814464857,0.010068922181249615,0.010534694865207264,-0.35249296223109916,-0.015293397610394697,-0.010640483343538934,0.08485731618063894,0.028281203134108878,-0.0028575780518192637,0.005563676953715091,0.013897728927559723,-0.05884548764253717,0.006547042007207558,0.08023371451607052,0.6721618509016406,-0.011813846465996697,0.07351714474163328
-0.6772766912270637,0.45870948278793233,0.42884453549044355,0.2670109270910674,0.7275169840126408,1.0427905814145253,-0.8613756714346291,0.8391846831614224,0.006301095022726742,0.5420761144181756,-0.5814690169182655,-0.011364439591023097,0.2991351196462332,-0.6338065059544693,-0.03568231777692739,-0.22044191929028933,0.6043003261355787,0.21491798883629623,0.1991220737157532,0.4972986155872336
0.0012455465843323257,0.002773997445053907,0.02256480662958814,-0.0038454585161860192,-0.025665134951960017,0.006356268121067071,-0.040577693504102515,0.19415744561557222,-0.013181182204575887,-0.003931240229883743,0.03315190774159464,0.014289369170365104,0.00961506482906713,0.0035883664683342797,0.6792204702996488,0.002447232902379002,0.0009568453211809885,0.0374264738517847,-0.010716559170033346,0.4808552691491072
-0.008260136342725922,0.0022409354170786254,0.004634246986781058,0.006279252155690614,-0.008343325572605888,0.006633479924445307,-0.03387034271506076,0.2536168052509348,-0.016360484347270325,0.004221615677609628,0.02619749249594907,0.006995110436280051,0.01898239599297373,-0.0071479203428048066,-0.011360253249302121,0.005127110569231146,0.013055827267443493,0.05249180983813058,0.01293615382351137,0.0076103355866870585
0.3378607702767662,0.007202065562454577,0.0422366860547129,0.14313765513430748,-0.7098834148963579,0.012173917762363491,-0.2611618634722262,-0.8031013722803022,-0.002835159470450478,-0.4055096346572471,0.22822104578846264,-0.011111796806249422,0.019165811262598108,0.6043992136004573,-0.1735487831090069,0.5179555013317717,0.004476675934130252,0.8948332679340698,0.5300059403116881,-0.10263390967128168
-0.006412200843487887,-0.012601406406865445,0.025331763657260777,-0.0025553873393783693,-0.04474928129251144,0.006795598620758389,-0.01823251799059153,-0.015489796271173301,0.0027863797713322306,-0.014884759170905032,0.02775122770123624,-0.019113883503596246,-0.00903195441881403,-0.0067815859614276715,0.034656527274563975,-0.011401320055604642,-0.025538195075380382,0.02664279809942658,-0.04103440474829648,-0.03584335866963526
-0.18217994054169773,0.14512918106182518,-0.019675666678848257,0.07936696340175345,0.03374345159040695,0.0023804986485862385,0.007658786557365177,-0.03752943061044391,-0.007044964820297191,0.2021222956906969,0.06576737404240109,0.004719384771723062,0.013886088985701822,0.04662505357910467,-0.14970286182886405,-0.011069863904018384,0.1381378036055825,-0.09687077976229591,-0.08157837238239822,0.16298885191504056
0.11123397359544016,-0.08024658449339787,-0.09420542789760397,-0.04612266141386047,-0.23144272415042838,-0.009542209585730554,-0.10189928615575333,-0.31336436546835394,-0.005271649892546418,-0.18597278171400522,0.055529892151383084,-0.019407572472825207,0.030276168414692328,0.15448074471834414,0.11309460260078236,0.19987815496736694,-0.07516004618457799,0.34733123358587764,0.18648581525876362,-0.035040271294574966
0.5188150984445418,0.36885903144734683,-0.05050726972068359,-0.19837354891584158,-0.2708539236231174,-0.006012584533332923,-0.07931915532336127,0.5464761917867685,0.0024736036785094014,-0.019085094790119404,-0.03158015218486676,0.002476542104170019,-0.018649284461880813,0.31298399992127146,0.18501322471839915,0.013072462250490722,-0.4290814139824974,0.17002405036753396,-0.0013254929983639858,-0.3257279086484377
-0.03075422649910029,0.019212488234100808,0.15246464520642297,0.21349391193056802,0.09602000796182028,0.024320390279015915,0.0031347072474663335,-0.02935356267818835,0.0016621656327194942,0.01803117842865032,0.07376386619995366,0.012766066096155014,0.0016047296111160025,0.024764693504804106,-0.23624986912777393,-0.01543377677595772,0.043357666793405344,-0.04389493669313163,-0.025682978961332915,-0.022033957991786216
0.0031888060412301232,-0.011978173784659745,0.011425220800715966,-0.0007924325848350487,0.01220014911196001,-0.016492375056103542,-0.004579043829908655,-0.00038255932825164395,-0.019402605151869406,-0.002391581847830577,0.038602029226920166,-0.01364224408082582,-0.007332002719067529,-0.02100661631475196,0.013909800759177773,0.005487736042278351,0.013745820689265215,-0.029657469158412234,-0.01664515844973929,0.002000718118985087
0.31779173235337443,0.5199718932678309,-0.22539173644458305,-0.015591980171579149,-0.8723223163268863,-0.037412198838011126,-0.33328660690178125,-0.44672436649807995,0.2351940661627026,-0.3697881138880297,-0.07760059507056635,0.008202236059176284,-0.0004716372658410302,0.967141307023419,-0.5878194372741719,0.42796397285300225,0.3719375135676349,0.8903977535614862,0.4017891405917298,0.07554921896168085
-0.02688221416225549,-0.021383925102275228,0.039754302948987345,0.01239975527330394,0.07081527533459142,0.004399060943810966,0.01102121984635685,0.2156463931414412,-0.006948065884292521,0.009167141148922494,-0.004917558695855707,0.013289897315991492,-0.0019147396561612282,-0.03524520308661266,0.016478645633289195,-0.016146785955437983,0.012755287514746484,-0.03843139157038499,-0.022404025788750018,-0.021115287552771807
-1.1061823225846303,0.6798109079769298,0.7370359597155864,0.44828023695448915,1.221242266181968,1.2756611850673325,-0.7851286221034008,1.2544354452770368,0.0011662234859726294,0.7241642800131013,-0.650508197732107,0.008471833579861785,0.5910113702170339,-0.8545483130383945,-0.26736884018631996,-0.4496826910712858,0.897540338542154,-0.4641256090558031,-0.02604742712546261,0.7226553366934158
-0.23531913836515717,0.19925584593379653,0.48695708038344043,0.08741124205135699,0.08880190221867681,0.8959713259873475,-0.9881514519183984,0.37044054835285173,-0.00012720195911955457,0.266759851812221,0.03541751323508616,-0.014759346370563461,-0.009693252364231488,-0.5210084130993852,0.36781575261919364,-0.005559861989619793,0.22240390993516493,0.6290015736022075,0.0705433614769084,0.15152728338005314
-0.01945285459604477,0.06888565568105623,-0.09267168815832645,0.0003084464512614904,0.05703698367767891,0.0047748484669917594,0.0470476526818072,0.06278949365391895,-0.0016902558790669055,0.01969547104212347,0.19634832666159047,0.02225544313815231,-0.0019706172782134783,-0.0071518282804449934,-0.026271617886564194,0.012943697832509635,0.03689234557187226,-0.021179977154795998,0.10489952814255979,-0.06765913401826457
-0.5762445937489671,0.3841534966010231,0.9254542479902229,0.24708341907707862,-0.26592836148645044,-0.005177388883655804,0.3043842660894301,-0.1408050349352487,0.037640549005588685,0.70997175172775,1.0021230480389904,-0.02745881812061472,0.007329771238663146,0.17401364972587605,0.2861959727945123,0.010625433421182412,0.40540041288785006,0.3660917104625712,-0.24798465271487274,0.21769119585646862
-1.1057847416459732,1.0934979580048676,0.32850585134454713,0.7587610488322992,1.123850093357894,0.7070304165519634,-0.17460796387042934,1.4379508615930603,0.6432587265506948,0.6030373310436419,-1.0535614265315911,0.028513321832363183,0.7367620781240456,0.09132598367925916,-1.4135253062942983,-0.4233177237666691,0.8950588666799378,-0.9308494219331881,0.0010431752584878946,0.8967866957667916
-0.007707380225833518,0.9919919958582698,-0.010179112012703821,-0.008298271015099591,-0.5056211306979221,0.011620342749565821,-0.10514640849014285,0.48858737507776906,-0.02468258104991147,0.011584682075565175,0.30873746003275826,-0.010859990047609111,0.0004692190207566862,0.8710634671763456,-0.3677153385368643,-0.01102100157949957,0.01678656715987884,0.22182644569048665,-0.002705601784292745,0.10693804511355484
-0.012486364209306187,0.02640934207484495,-0.006762259481531557,-0.014208148686265645,0.013505043524099411,0.029029142564563036,0.021814836191757413,-0.011602909265893475,-0.01935341871481628,-0.014546633615251586,-0.020053681973569975,-0.006372402233155118,0.02065992385635616,-0.011591053352133712,-0.013567454552553915,0.010986598111954751,0.007486224092424017,-0.012501455176889383,0.023144607819574142,0.009056602468687516
0.4564249582863597,-0.31730223467173735,-0.04421106760643048,-0.1741498101670789,0.12188509595787389,-0.019499165891195578,0.04818976882242595,0.1906370548948741,0.011918063475709208,0.01326287985582122,-0.2502945185207687,0.014790913908369674,0.01987984152892569,-0.3156639975682716,0.40938762148953084,0.0009903168760827241,-0.37067349541950906,-0.05403781689984439,-0.007140887767797307,0.46483029488164823
-0.033482824380320644,0.2154903040967646,0.7016359076094693,0.0034622658076469606,-0.41578735328402505,0.026246541603478717,-0.13499721529508588,-0.02953971716796981,-0.03575648221250677,0.027271313038114354,0.857165617027612,0.12606168528277503,-0.014715796023793193,0.3149769575350388,-0.14816295873362362,0.0010614990464177757,0.2606198812366285,0.2294616790243804,-0.005129059916193399,-0.1381054123379589
-0.011057762376166607,-0.01981849673946573,-0.0036919926540697765,-0.011397481522177958,-0.025742337236217938,-0.007138272521793559,0.007305838796772089,-0.03405679042118707,-0.00023651172890309718,0.01595147043821365,0.04718308839459254,0.0008409751710032505,-0.014815325202991331,0.014551359181409753,0.03561420122538835,0.024777165008937035,0.0079775827041072,0.024992569585492664,-0.004638717915816282,-0.004309037279560546
-0.0056714999917453005,0.9870275360911707,-0.006954129051103259,-0.003751512622295219,-0.568930223484579,-0.027036595078146056,-0.11647251126475179,0.4082841476607103,-0.015434640731412624,-0.003722404167045875,0.33464825178874297,-0.0020990924649472806,0.003536012762050299,0.8961284042815439,-0.3846958785790023,0.010829611726039886,0.02356722265663129,0.2885470383821412,0.0035216121980219837,0.09779538563733256
-0.08271376060145232,-0.02508066553651523,-0.1449602012054333,0.004048070680738673,0.02589555050957346,0.09274518376792328,-0.0970866449267868,0.8377013167284959,-0.09943927092637872,0.08088654395116848,0.3502093089173227,0.5063468457410619,0.0028837319079912035,0.08076342790543312,0.05481332623019531,-0.0351695686946817,0.08469695508901413,0.010027246428865632,-0.027158110552343715,-0.03622573677240467
0.008848981761134415,-0.017076852680927995,0.2552529330367655,0.001962602096776239,-0.06848266485869015,0.010809899324987653,-0.027048686468884545,0.03382507052618034,0.007215218375668008,0.0032369325340478637,0.20999499604831104,-0.03465836543350646,-0.009874175208920115,0.0224863006540529,0.037897026474186676,0.0003999604787589973,-0.010000603536550213,0.033115089895842574,-0.008189300769340158,-0.04224320675720848
0.010209517813675921,-0.035295878735297305,-4.722686003648738e-05,-0.0007062633239998172,0.03439567469684769,-0.017278810712042,0.022037037902396597,0.031113423180162962,0.0006694224263840741,0.04082726519409196,-0.0019545581469592246,0.0014453736923451662,0.018146661938861268,-0.03250753949231835,0.014303947129651462,0.003950829998852323,0.001375339297034128,-0.0431641551210049,-0.027886012347070662,-0.0012410802365091633
-0.03541171921488381,-0.01634243282540873,0.1268933092988591,-0.0016034471567316292,0.21510930028808156,0.0008365487505534834,0.0705902502189487,0.14799464309444138,0.003914830194298589,0.025543767929444287,-0.01233328800393396,0.003950364901946793,0.011294215816140086,0.0051407345290928955,0.6009386424792855,0.003580710301832237,0.017603978652286967,-0.12357186094572184,-0.021184424011194827,-0.05725150200108696
-0.02378593548143212,-0.005951558427623793,0.712179383358249,-0.0016491460899250823,-0.27702230672172784,0.01692060707202874,-0.09437219832197877,-0.015465554013546616,-0.05363459557309402,0.025019105060363096,0.9324071500759198,0.16902077105354044,0.0020790828171876833,0.10194437727688553,0.09604892155491318,-0.022383141065289165,0.003079084109880892,0.1569767701465756,-0.0070558188134216635,-0.2045480364914024
-0.21450290828922433,0.31794968481014796,-0.33557698278783166,0.07478001849942051,0.3194897186632264,0.8513018369963304,-0.21976100038619015,0.3481371754575721,-0.010089226375876623,0.25059661940814554,-1.2244522284853945,0.01853082214204605,-0.0039727942884877545,-0.4562965555196859,0.13888105302209303,-0.013512622728155448,0.35547030619392167,0.43754863948340583,1.039644626394359,0.5852302017371251
0.7329347757896653,-0.5255745662605136,-0.06943883304222212,-0.28929487011487387,0.23327122915875192,-0.006299136009317623,0.044427552609111486,0.33330725319453713,-0.0036358252610186655,-0.004808643588638899,-0.460154967183514,0.010039255137130752,0.01711201445179506,-0.5113528737240652,0.6550454188784874,-0.009564788894858164,-0.5801261122399541,-0.12181906635763559,0.00817163034350869,-0.5675254454028275
0.2856591024849494,-0.21057618428680866,-0.03522325470484908,-0.14432838295699735,0.0627682134489061,-0.0094303911807002,0.019162004773484394,0.11667738867628208,0.0036792936697535427,-0.014876523129885685,-0.1432382054424775,-0.003174055294608803,-0.011931563318934713,-0.1905095972191726,1.2670962023284238,0.005702933911707434,-0.2488925858777787,-0.039877955982800764,-0.0026068877333340623,0.2107759262507145
0.6614278338271758,-0.4893186772706425,-0.03535416157385267,-0.2749917166475555,0.13063721445657417,-0.011673268982514588,-0.45238652236148275,0.2195958050200286,0.005796211291977046,-0.014772105505645429,-0.32909258068276687,-0.010226465366455335,-0.012944455346848249,-0.429709704961405,0.6403667975559371,0.014194053927826857,-0.5319685653020123,0.9193631840844985,0.007187312893846441,-0.5000528573566665
-0.014046326772609929,-0.012353351321163655,-0.10280214556444592,0.0016939941518859818,-0.5448996207029866,0.10141977306371541,-0.25979791933904406,0.1994813193231644,-0.035886180367472556,0.047147276994128046,0.9860360051557869,0.35515387299854484,-0.008010550062413493,0.9103296897931363,0.1848196192630152,-0.0032498247198033156,0.0009092646287811876,0.33576487108286995,0.0006102297255030703,-0.11580272439125872
0.029030298547798525,-0.02405784323090371,-0.023429952957399646,-0.020715090269794886,-0.009225411726302042,0.006504426973560943,0.9119528556474383,-0.037735898529932824,-0.0017263040250928697,0.0005946460570803811,-0.029474448473674253,0.0014001179435725215,-0.02454277851007,-0.0011186790739066844,0.035406686671623125,0.012969602991908472,-0.014167099601188646,0.03409593048905178,0.01784994258538891,-0.008976639942271367
-0.002486019820688569,0.009085683404188315,-0.002976237723838962,0.026789687935480533,0.5927367771005427,-0.009914598945408009,0.14924781428436235,0.36096067736781273,-0.0072190191711090515,0.011685836075975758,-0.1379109708378735,0.020831734587986723,-0.012703481384712646,0.4848504989319204,-0.15577238620850434,0.019100826600277267,0.011932918352961534,-0.28075855131906713,0.019002503599399843,-0.1689646498362523
-0.04368184443585835,0.012921401937025699,0.011954470498775838,0.028658564726347393,0.03417559698194483,0.015218445842454461,0.027179277082487473,-0.0017906987839263373,-0.02175620396741333,0.020088566803645402,-0.019608575391772933,-0.012189725761711666,0.022545628490081106,-0.04630783619177142,-0.01887986805437982,-0.008473364524882931,0.028271833142813986,-0.058707819452019736,-0.01418870350584678,-0.009399515990508998
0.03747022307808835,0.5378910798870492,-0.22158770878128403,-0.006423115123962795,-0.37419996931369337,-0.020122254372879955,0.010183597462300017,0.16186932776169694,0.0005718338743254162,-0.010817275463892571,-0.029521390854087295,0.00011480806660252524,-0.01570522643253428,0.6664224917660522,-0.17623715663727352,0.015206515638280356,0.0015836232180509958,0.1834709982693112,0.2858385422620053,0.12314693770145886
-0.00547528268519102,0.02755434812095047,0.026636498324034728,-0.004485356814800308,-0.007973316007397152,-0.00431716322637407,0.026537026722920326,0.0382526693845421,0.015987801081901815,0.019434276205198477,0.03142437554115971,-0.0005851250967622412,0.007834847566394609,0.009887671183528674,-0.01968679671599255,-0.002760031483136073,0.016087880458681474,-0.0071036970819817625,-0.011485966142155305,-0.009368691233705454
-0.002747375911576785,0.016275132784843285,0.006786691262948822,0.026428346654366303,-0.35016243549547904,-0.01480774106811401,-0.12188385194786201,-0.24876755994783606,0.013279129665613093,-0.0050655461130428465,0.5046497372840444,0.035742631429710424,-0.00892456727324029,0.6117023493072546,0.04605345048604433,-0.012580267270891527,-0.007781231613727567,0.17445970904625177,-0.0012483286774862476,-0.04445309328446917
-0.04078056590276387,0.00020234914664297304,0.9193065211406624,0.007154788039993007,-0.4047488770536005,0.00809845910376215,-0.09495205017829315,-0.01402095195074883,0.003702988277382831,0.012557882293670329,1.0665611665079058,-0.00011092957757375971,0.0163112327091186,0.280251010393406,0.0909684093630356,-0.023744486687505693,0.04191942113005739,0.14738965134616921,-0.018133561768405478,-0.1632843184432038
-0.624082081634946,1.0689066049724791,0.12800927574885634,0.2657411266336891,0.43476419977532377,0.21301396229975159,0.12668215203418717,0.5632939087922275,-0.00733017906512369,0.3231543630472861,-0.3039910209656293,0.028454832456191764,0.4281831188920765,0.4298018155377353,-1.3545999151321422,-0.3217055905899057,1.3183231889499123,-0.6274185913812601,-0.07569145671809227,0.4569386946699227
0.015315230200045,0.0334190770313721,0.022693227605989356,0.0002650796186245844,-0.027843377519174276,-0.009489732964589282,-0.004364384151959354,0.47510834426740817,-0.004424142462738069,-0.013368163173963282,-0.004474890592619988,-0.004202693219365852,0.01212964929753282,0.040282090187243214,0.004397823658734496,0.019002584077632046,-0.00242354013464619,0.029182937026122877,0.043488687362897516,0.030675091543268453
0.02684281405585167,0.01765650303157039,-0.021689806696071786,-0.03155012066465412,-0.04570857225595788,0.02317635222184504,-0.021068663247174574,-0.004998074587827189,0.009655984292497963,-0.03655621292513386,0.028416009772211336,0.006894220863651753,0.00475082427986781,-0.004172840384661536,0.02258891162502383,0.017622904896332784,0.01839274460375947,0.05666783739368027,0.01152976930984648,-0.002338219346864242
0.9767339003337242,-0.23431521873994124,-0.18505840426460016,-0.0914787536221944,-0.12189074946227628,-0.004837309386250028,-0.15758622350260015,0.5463350340379508,0.6583262362835145,-0.09219703157867655,-0.7196144212369389,-0.013542676360430647,-0.02412806333639736,0.020182842658009122,0.17826381442735476,0.14942166532115922,-0.7698112221548284,0.20208649057343112,0.13454692203646557,-0.5590426191361877
-0.013193535250566407,-0.0384576205349103,-0.029173950081591495,-0.003882914213515422,0.018329636105308862,0.02950761571363545,-0.1861887022388933,-0.017534221947890945,-0.0260429784379386,0.014514209495828946,0.05700076033892087,0.03920286995309659,0.011255429741291977,-0.030592194026942018,0.05668356048905495,0.013579189099623721,0.005024665700497973,0.3578327507214238,-0.004153450449921223,0.009998318438927099
-0.06389299986571766,0.25689441668128404,-0.032860481727277166,0.02412819883553078,-0.1008126621527796,0.04829301602944379,-0.03411607717852111,0.5430344724099735,0.001146962579999898,-0.02753989354221588,-0.15821259378996172,-0.0057970635233709185,0.10922087753523202,0.2629781238194641,-0.34203713890482634,0.07638617302304028,0.3030183328597771,0.07099614923356351,0.13788962958607676,0.1402432360342597
0.019287326565911575,0.1700784094489212,-0.004859902019283628,-0.009204920532033152,-0.09863193664922579,0.00040543494907317994,-0.04944542317819831,-0.0011525380315076498,-0.0031718514828723956,0.00834214901743265,0.00979304448973476,0.011382919912892704,0.0015733565742350312,0.1627547458056903,-0.1569814735164464,0.0025537477821883803,0.1412361247570316,0.06511730188151833,-0.006032210357630255,0.017847593700210312
0.6528047741118139,0.16804864537786426,-0.3666490271318441,0.09453150476176211,-0.8773891362290515,-0.009177175005612047,-0.3957699916760471,-0.21408048954858283,0.8168743885882054,-0.4726754051788511,-0.4021699499413269,0.007305424261210463,-0.0023700758443833984,0.8639808064063478,-0.2846818979737693,0.5741280318963338,-0.45259606554029647,1.0145003662315415,0.5713278339808504,-0.14259033677423083
-0.7489053051944884,0.6981832526248452,-0.07224334414403566,0.2838369610863749,0.053021567688560894,0.029739092273258907,0.06788351973048819,0.03207734187655633,-0.002700136064598447,0.8673406408054443,0.1450901412672425,0.007834730466877384,0.022972201012320358,0.2111039520104428,-0.5733689767140194,-0.02434069387518934,0.5550908457245053,-0.32996290953228036,-0.33941145966654906,0.5531309809534305
0.15659211938170162,0.18386606535386232,-0.12617576910223346,0.12372459879549916,-0.37831501967451037,0.0008896809724411121,-0.5460436640334769,-0.06151909313459007,0.40897017547007,-0.19759258292086093,-0.1891283096974125,-0.016857617139238026,-0.006085852726975994,0.45493065179418174,-0.3079644394494347,0.23032101062001037,-0.08840356283509947,1.0986337284487908,0.22612834575158502,0.061498647963650295
0.5029592346498485,-0.22671703200471863,-0.34421684243733686,-0.1911781997206215,-0.9610068482778811,-2.3474227753622276e-06,-0.36600847560126176,-1.030824825043133,0.012202266144421521,-0.6016132443151636,0.13470859952897427,-0.015292166408957954,0.004758683067410881,0.5959188812400524,0.40409816880248983,0.7131948958916989,-0.26848461023801035,1.2362557874719335,0.7360359354520678,-0.11550558130287955
-0.05098618564873669,0.05221587195621713,-0.21047271631699827,-0.04264970324388431,-0.13495183805193853,0.14396147360307446,-0.16887481764249376,0.7553070919243529,-0.13844803303973266,0.061725461839862404,0.4784126084580239,0.5826428285932654,-0.009114630622890262,0.23515060521382417,0.20575924852366778,-0.00804731829480175,0.15318527875322363,0.15631089922723246,-0.016073849178700694,-0.10158872910906867
-0.8319464024139762,0.4695778852375766,-0.24398198830687962,0.2851219974570137,0.12134255098444037,0.11260683795641255,-0.05505091445559888,-0.15824318254780212,-0.09623002104801917,1.0276399311367275,0.526178538239048,0.4812178052025463,-0.006132903919742854,0.16433777576659084,-0.39791947701424807,-0.025089467005922968,0.5967901040318722,-0.28147838582787243,-0.38597646734020624,0.48440586663644636
-0.05959879702892547,0.1748476327484879,-0.6439765427998693,0.004102334945824109,0.22895042621531883,0.008590066762161508,0.2855110953348462,0.023260871617894703,0.0005758842231430392,0.010349958664978069,-1.08559737966525,-0.015130030747803176,0.025076409933757093,0.022908161351080526,-0.25370735472996225,-0.02062615616194233,0.1862673008670465,-0.02864932993738753,0.7883533708891127,0.3133218995922324
0.014451606835301486,0.012428082901299833,-0.03171959460068137,0.01898498334635342,-0.009231188743784613,-0.001621856597674242,-0.006978182879418239,-0.02918244001042624,-0.002387689187075284,-0.006844489373629302,-0.055433645692962004,-0.015244583152132056,-0.00612587803351414,0.025854857485292412,0.002027485572061224,0.017972414883728798,-0.01950917086649341,0.02181140279362642,0.03859856116217927,-0.0020484586338459084
-0.8576652326098407,1.4599788900183321,0.17970363902276149,0.3098899841605554,0.2762926601737111,0.3136794097425773,0.07989232603816758,1.1286796649404713,0.0001140683730448339,0.48700799464317773,-0.02583974294916505,0.0035091841648232625,0.5880759561536464,1.023390204276172,-0.967386742577606,-0.4441159248877805,0.6482131838789916,-0.706532867529666,-0.11246298852380214,0.6410000196638771
0.014420188018673653,0.011286628561646013,0.028169978348756102,-0.011937309389473032,-0.00551280475160908,-0.004576430360195574,-0.5182557542532233,-0.004391177491076271,-0.015122263362003318,-0.02072190836765079,0.03745227500786019,0.0005909254324750729,0.011621127742724401,0.01515571138923116,0.01185664052324437,0.01580555404935668,-0.008791478784273223,0.9523178187977664,-0.008450628111343672,-0.004096178173774243
-0.6552645319876065,0.5393121728964765,-0.8192660852475626,0.2857802688651943,0.32596984366852305,-0.004520275517899198,0.43432350946984605,-0.14935162990507977,0.0015872278817216539,0.8046761205027656,-1.0828711782305294,0.015802066056385563,0.005964842283207299,0.07948727391594348,-0.6146118482922641,-0.001396311356554547,0.6116371046626738,-0.3976340266045203,0.5782246551617335,0.7856355238064733
0.027594728281415792,0.08661153851272155,0.8444352837688943,0.09549332617091864,-0.4055811831577602,0.012816495281005575,-0.16017932574759366,0.061902071361062794,0.19558415620365832,-0.05232823371560456,0.815597073519388,0.017031084157118133,-0.006847966680776731,0.27243851516639644,-0.0654112771315036,0.05115301005466556,-0.024273556495190605,0.27170231121541827,0.05923872142033125,-0.1647814471200498
-0.04088622381713618,0.1418667970237415,-0.5855043935303355,0.01258164460642612,0.23383064746182697,0.010071320746087327,0.34077614697561487,0.05380192084258648,-0.0032356636337772956,0.009137025692610875,-1.0063575005628262,-0.004084311546432725,0.02756911079068053,0.005129720675266009,-0.22713457473602716,-0.02890539274937213,0.15515880874302948,-0.152675997340498,0.7013582350267997,0.2795732774758326
-0.015884116415541372,-0.0799355392548034,-0.19439552320633174,-0.036301414318536916,-0.041384312738394755,0.17347625363643457,-0.4731525710430278,-0.04155507678897879,-0.10724760246993618,0.059916508835532435,0.5347909766083785,0.6082839127350802,-0.004025810573836273,0.12848661436012107,0.14122822966612958,-0.007855728659309742,0.0005470058875979688,0.6914990799541736,-0.030043519581063063,-0.12019141746495035
0.01895335232501253,0.4550715159545667,-0.02048153375725769,-0.002734591418313053,-0.2747842599638302,0.017311613164083264,-0.08332105992171512,0.22792235836770752,0.005181902402213761,-0.019680318622905875,0.10540160073034574,0.006621139611333439,0.012305273827354607,0.39871101191933245,-0.13891852697798976,0.010587401355095699,-0.0255953745114135,0.16382400951435624,0.011017961015981298,0.054267761940210296
-0.06323758037727131,0.007905569537844694,-0.14703051258643915,0.021563452289533436,0.2833977423345286,0.0013074721981879587,0.09530553384440624,0.11054449998296748,-0.008018892473231572,0.8337494008084859,-0.19562795430950367,-0.011228653871019244,0.013270084954041242,-0.3574647747490694,0.12031555796907253,-0.008957623550799598,0.027626877322238827,-0.40507559945508737,-0.3138721674160306,0.015455820974527726
0.8859092319320115,0.04514701870972719,-0.8695264442575511,-0.007207510819780496,-0.04641953583307536,-0.005558671679096425,0.1632309516772058,0.5731032426666217,0.8075748933003192,-0.1364588255025833,-1.7501219612699699,0.013440125317788277,-0.007918887927008709,0.25043057255624357,-0.2570821196997854,0.16907890833644332,-0.5596296607449389,0.19150721653987796,0.9652226295212176,-0.19701805061406277
0.0017382527011051748,0.03596728759514302,-0.019731987493886268,-0.022665652834921467,0.013652178014512933,-0.018454328070994203,0.3257200348541096,0.0009857746991897183,0.026724310469013805,-0.004013395638547234,0.031037333620827206,0.006337397547874297,-0.01616154908579219,0.03180987701407636,-0.022756428582736615,-0.007294579635779775,0.0007311958528753541,0.008478197295073651,0.008322042478290229,-0.00845870737425506
-1.31761559566979,0.8969702251270522,-0.33332476899251934,0.5103145086516385,1.8309746935571622,0.6144770475369291,0.5975042223177296,1.2804961363254583,-0.0066842170057502285,0.7176758875542808,-2.1042128753266587,-0.0035244876809223374,0.8383369409939169,-0.4659863205620058,-1.1732518308402091,-0.6335088342777522,1.182886451804879,-1.6312116103227905,0.6906447816858101,1.157418572053251
-0.5897255892055513,0.5690294491080863,-0.6285015520216607,0.23536707832619558,0.32149375200482533,0.4315785038256648,-0.081233663457767,0.05085410858541861,-0.005267991793187024,0.7260260187444731,-1.198475781750151,-0.014104218317614924,-0.029372632683112913,-0.1825195588056233,-0.3407523568775945,0.015735664264120743,0.622596367962864,0.012104018995363328,0.7948698645261664,0.7643913761209793
-0.8025849481061956,0.6686424766473051,-0.781721227729437,0.35118315325743377,1.093195231398158,0.3446029116194695,0.5889069971323425,0.5163768275711133,0.01341033862495512,0.24351169299486028,-1.5494330231457738,0.015578813905132162,0.7016959192557927,0.0167271412581664,-0.9670430095945313,-0.1939347472643853,0.8716625716847244,-0.8621942606301982,1.1969303773423416,0.8131345630551192
0.062431427179392915,0.154547144629181,-0.04600810079620727,0.10407529398595525,-0.1672512544697617,-0.03037395847690562,0.2893301506031619,1.0533822358163152,0.2703528796694946,-0.08500761146145544,-0.11753239312195105,-0.012064624277905635,0.003649883784323153,0.2636147765736615,-0.2874369915784697,0.07647021968793548,-0.04087422345905987,0.1366622085002036,0.05548184006343823,0.026096508281435074
-0.09043589856892259,0.1015354101623606,0.4250815667315112,0.06358482779365247,-0.11644736660188891,0.9295795419632775,-1.1394952059152073,0.1265947854689137,-0.020736816800712883,0.13798936752877916,0.05122424454111349,-0.008989495288566733,-0.006557246798803196,-0.4458946831018778,0.519385307712453,0.1921073407006001,0.11352775665074666,0.9415350302589951,0.2490069776832679,0.09495051742075689
-0.01995056538266032,0.004611481895772911,0.012821867346118867,-0.007998505079244527,0.06475189316094557,0.01468256403303488,0.012689359841672222,0.029799137961959776,-0.0015142619700492478,-0.012375727265936493,-0.02007110519105057,0.014166544547107645,0.0032746553364938666,-0.052675510273251,6.336006479733497e-05,-0.024558493222111046,0.003494646174985905,-0.050001155577436486,-0.030825591320325058,0.012320748700143649
-0.3503603456205054,0.18393003121607177,0.06735383933101942,0.1224261511062935,0.4530422264399855,0.11591546564290378,-0.05926458576506197,0.35349091739211413,-0.0006563661674632449,0.18471786275344282,-0.2786714295247395,0.005544899133108149,0.2455085989055357,-0.13505458135039788,-0.2876548000669311,-0.17188788364937244,0.26079444569937843,-0.10739984801687846,-0.047488790570653396,0.22757891258455795
0.004935528959154869,0.0018591432236018022,-0.01914430822690673,-0.030657375481095366,0.023667324753663677,0.0018759144668873625,-0.031085923265446493,0.036168394231712656,0.01294561089611984,0.013566031200150586,-0.05814845661731941,-0.011327300824518965,-0.0022596499549894416,-0.028241749029811063,-0.0062457547900389605,-0.002252279378598525,0.009046461038517632,0.11747247317565845,0.0087631064995551,0.020410783744342076
0.5904573595991371,-0.389017727040406,0.5309187413635195,0.59175982277095,0.25083347841480486,0.02390950133303279,0.04335143815949135,0.008832363213943671,0.03046885004904579,-0.015458056411574174,0.053045861894976905,-0.007484624953044154,-0.006931568784456499,-0.2739005375555642,-0.21580094692744725,-0.005145712119208726,-0.4842837952852041,-0.11621432084901363,-0.008377377576029896,-0.582875857961488
0.8705526311918337,-0.5184812335215953,-0.4115576046440357,0.5428546545155255,0.7027495124099957,-3.3600884743493695e-05,0.40120586994399127,0.07384417223723176,-0.032176883422965326,0.011152442812986484,-1.28970117225478,0.018589096834220234,0.004179721073719236,-0.5074006239491462,-0.18989176235223842,-0.00606175815465991,-0.5861889070779043,-0.36787882946613626,0.6030790199728611,-0.5420717441961865
-0.0007059789521521851,0.001938382686290022,0.011555975640626244,-0.006950953181215339,0.007186557488726512,0.0028882127013521476,0.03973743886318401,0.008046957366947872,0.004895220179370961,-0.01110190982006598,0.00559084580408167,-0.024406971888433736,0.005015681501206983,-0.003518154306456611,0.012400577785279226,-0.007984643031014108,0.007147850232988458,-0.0227342787508436,-0.022156085176330154,0.014937161534495189
-0.44296320394275474,0.3050274495404553,0.08601044515734349,0.8234278230344039,0.31876616759895215,0.008309535513552275,0.08545506967157786,-0.22479755250588093,0.009937359968126846,0.5785744904744654,0.047012295226976225,0.010537557328681769,-0.012984391179766118,0.03201104881697123,-0.8824034276929944,0.012956308606775546,0.33501915081939176,-0.32566135744686114,-0.25561417583651935,1.089336866243242
-0.0021483812424468226,0.06276739635292843,-0.2675279426246223,-0.021857623081593586,0.04820536416652811,0.0009439867428195168,0.119340378419248,-0.014861051426091324,-0.002548064321483522,-0.003294537009321209,0.26848124838232124,-0.0034951358085448096,-0.01805616296128569,0.031088523660153952,-0.07660713699507826,0.012741437794017213,0.06466696828999001,-0.020400924044315077,0.29922228203056667,-0.07589704623779588
0.38047586438576014,0.4276049277977284,-0.7895961898338161,0.24175167434615566,-0.9496562128457023,0.13387316641539265,-0.4852125734342368,-0.2675725996528332,0.8456445156225413,-0.435479025783329,-0.340365589440046,0.45890163435148323,-0.028910544602858905,1.2940228641709053,-0.6322889570223894,0.6158210781528991,-0.1529958176055432,1.1822765008107126,0.8912921514610823,0.1137565173268219
0.011559207432654157,0.059125847554447636,-0.016267288726158922,-0.013252894464342985,-0.06266277191008111,-0.025533491598599238,-0.036885078676487035,-0.003220127015584024,-0.022408034752734445,-0.030091905725691717,0.013289104745364022,0.014480066958363732,0.007573105275004042,0.11098818526534607,-0.09235190189806074,0.01033337997785025,0.11445490478092474,0.019393198810334147,0.0037262869698653864,0.25525979103210544
-0.005334858335032931,0.003634026124718974,0.5736454908686659,-0.01214544218509514,-0.2039175012841678,0.003470587964388627,0.21620120556092143,0.00947341872516727,-0.026291190629476626,-0.007443826737122459,0.6069757081852861,0.039072213233642766,-0.012538203915717503,0.11366604480141584,0.04586225003820224,0.006570827493444701,-0.0030261445867306664,0.11033533135792177,0.01280981798135216,-0.11910766265208245
0.4778672737018543,-0.22824423609274772,-0.3458343807895795,-0.17781920882262534,-0.8824613083083952,-0.016121088449388685,0.520327492888834,-0.9558109024372452,0.0058692925924829185,-0.5679394091582314,0.2461901607077041,-0.01268812586459325,-0.0050084033276259305,0.5277800486333988,0.40968430422978647,0.6777274034723757,-0.24945095656223595,1.1512952365210714,0.6601889246357596,-0.21487943551855362
0.4887701871346602,-0.17007904690437667,-0.7950740520364653,-0.22695339218441038,-0.8065482823667648,0.005945090266612131,-0.5662084369425905,-1.032701925110023,0.00906199169295909,-0.6039835811600452,-0.5610675389205997,-0.015609415445873355,0.0010803150963727161,0.573882340749338,0.28556135188701176,0.7133352089854265,-0.19498438446793737,1.9865826854316868,1.2361537125300532,0.1707913956737712
-0.33399662271125324,0.1945381728771487,-0.01836669524591632,0.13562908857707454,0.03932060070466805,0.0019992719007450935,0.0067470970084586735,0.4394982098914145,-0.010943304355289176,0.3923270673644978,0.0782771558013153,0.002638883328129943,0.0022396583577725115,0.022065189603772264,0.3642893189852544,0.022527581422632732,0.20414686615273026,-0.14869120932334468,-0.15659678534247196,0.217070741739699
0.120550361913765,0.39269521330843865,-0.08739048440956668,0.2758099361098556,-0.32516462081369457,0.0023567763918153056,-0.21052524914576104,0.20974183034871619,0.6505340446703008,-0.14183369592065692,-0.24448891994245833,-0.013319800802470683,-0.014733696895941452,0.570090604370529,-0.5856686918890168,0.1376333962304133,-0.054977873569708714,0.3410015283684044,0.1263871791980222,0.23558158285971365
-1.4110961398812345,0.8309145779429719,0.37799906820738505,0.5593815411950797,2.182076277338018,0.509288373129206,1.421494598770815,1.6259456122374591,0.00027159492177519177,0.7625696016378125,-1.293726367901761,0.023870280531285946,0.9561705845952168,-0.4633771834147245,-1.2586347652535357,-0.7242794327334597,1.107966922146298,-2.0082812165064685,-0.18899981770901003,0.8841245716456253
0.01416061788210122,-0.004106071988352828,-0.006724474832438288,0.03713438190157292,-0.017160805610179783,0.018355724298419814,-0.06377722093291868,-0.02005445033651862,0.019346789355715793,-0.02443272545842144,0.005812682082753647,0.004640890686330262,0.0038141667482864544,-0.014734647489252142,-0.016124569685328955,0.022937957222916954,0.012384256635496391,0.08827348295595172,0.016049047083302063,0.47329448610002955
-0.2585955949679145,0.1316086023439367,-0.027524382279041096,0.09188025528220098,0.2613913422521679,0.13490024173704837,0.03910294936291944,0.10151430243593429,0.02040050720152777,0.027787437881664958,-0.3232270135517318,-0.00857205971098955,0.2601148596216993,0.02572701249151607,-0.23999704480584663,0.0012950880557345513,0.2017929750224041,-0.17961009638426817,0.1324205295134775,0.20307473711206692
-0.0635649666247479,-0.0015032931406110232,0.016755053750006584,0.03617506780091498,0.07031708784837704,0.008271501525762209,0.042950842219722146,0.05776239201158056,-0.008091706382810235,0.023274837362320375,-0.01568734393738288,0.0009671012026628662,0.00161141210573678,-0.05260543724521482,-0.018800504275832852,-0.05277405525310597,0.031789798589982016,-0.11389534194306458,-0.05668542528304531,0.016651281224477094
0.6211392111455919,0.037607443309957606,-0.01590232253797084,-0.25912142337623667,-0.4210603881600678,-0.003059477062520339,-0.08547550047153296,-0.0016609279968037777,-0.004961392881855753,-0.01440696867029281,0.07232892377081324,-0.027266702890206652,0.022765846289577403,0.5583433833694528,0.09242237573409263,0.0017894141731522196,0.023874978777543965,0.21636431887996377,0.03319622152093533,-0.36784518891512374
0.03160288869498877,0.010870534544571585,-0.012898879298124933,0.03494305608353003,-0.017433951559393705,0.00484857017915216,-0.03551031573362334,0.04597848010824655,0.049433385060540416,-0.038693463111985085,0.20804016569511377,0.017959761748646014,0.011032637803973932,0.04351354581341674,-0.017842914841704038,0.012021405514417046,-0.028590476696418714,0.0598617240724891,0.027613207864816774,-0.07181206752775024
0.07426653929830014,0.41230829605289165,-0.07225570425433352,0.2508628162046604,-0.2613508578053772,0.005604823769845568,-0.34125882638005367,0.26227195413793414,0.6344166682246107,-0.1083461373949409,-0.2552373461318001,-0.031115450767689293,-0.007303490115104143,0.5356272929041335,-0.5933900167770001,0.11134782956469995,-0.06093911065800153,0.567730219769002,0.09288092085146847,0.06833077603913361
-0.3734089119282677,0.20603930853122504,-0.021213974477537943,0.14622857091285785,0.11218502685707026,0.01704326672585218,0.5970784724855661,-0.035963134949270066,-0.01607340570290009,0.4663774146615847,0.0558672058603617,0.0038803854251224204,-0.016650438994150477,-0.013914145473143402,-0.19635481498392762,0.005867089484683504,0.2491503336507093,-0.2326483840258822,-0.1810531174754709,0.26517172599891686
-0.03429751248971476,0.03294771324723817,-0.022951541584366922,0.014214241119667046,-0.0214064195691288,0.020377214475326713,-0.029145997323868335,-0.030412191405752458,-0.029924428666955105,0.02832641825764729,0.004561598058456215,0.012654784221736444,0.006157773585417978,0.053601329977044684,-0.02461193028671899,0.002981492061236694,0.039417872541456,0.004568131213039245,0.0068176705369051935,0.04675581411449729
0.009741404705652214,-0.009275695343367666,0.00482569091528028,0.021295540362108917,-0.0026829223839676987,0.02383041228027695,0.2229118749534134,0.008472830318771647,-0.0029808570784287457,-0.013006982134456281,-0.013887463777734256,-0.019008785017771927,-0.007076420636786098,-0.005706380182745104,0.0034785510166769583,0.013468879095672102,-0.004151046658919357,0.0334450269836748,0.006325182260176325,0.0005634334940835244
0.08388577285569483,0.5115550572373562,-0.4309225733774217,0.3080091455530249,-0.7323459536517439,-0.005171539434927227,-0.13942127764648551,-0.03411746799681107,0.7110207305702705,-0.12017241265614266,-0.11127408646833135,-0.009677135724418272,0.0022747913967985887,1.4487850729068275,-0.6594050777167219,0.14702145172820205,0.00766272437554766,0.49291871319279784,0.490872354168731,0.20295163940068378
0.6160073543686473,-0.38038824665028603,-0.14258632313181235,0.0014535172280287067,-0.4530325113799209,0.0040287820519755175,-0.1450747568081981,-0.5085581519908703,0.0007659360555863741,-0.26462187819573574,0.39997985057082475,0.003927103568561036,0.016878896831899286,0.4407045533378384,0.32184557464685887,0.30668303599080404,-0.4368515877692439,1.03165366623324,0.3211219309546121,-0.4754068999079058
0.02620338890521946,0.15926293273127118,0.004260726568202507,-0.003788205172231853,-0.09972705802715126,0.005046203277750374,0.7541125384593746,0.009412665989625906,0.014860236965771824,-0.023718760479846286,-0.41208415347941657,-0.025318254366238187,-0.002933369241078539,0.15439774766190337,-0.14181209834228822,0.00026843161196208297,0.1372030585960246,0.056966062117760834,0.878937593049101,0.17615606967506076
-1.226814354755778,0.7473884186809865,0.24198482759063805,0.5163317486910945,1.6234079954183431,0.415627229968876,0.41632864441038453,1.200437725207667,-0.003996787902813701,0.6565611172826427,-1.063820274598973,0.014701243675463124,0.8459423542691423,-0.3989493958199655,-1.0872792159173947,-0.6486387441500507,1.009378099223763,-1.6319406395852216,-0.15182630740747016,0.8375668869712438
0.6326356844680532,-0.4807690760247245,-0.030675923408574387,-0.24014324690082633,0.3491989213933712,0.004212358430320719,0.07066679971179367,0.3524095296627212,0.007104300077135827,0.00722466316162712,-0.23125158247241523,0.009865688376265941,-0.004351232315021973,-0.4266574617200589,0.5092992427640748,0.003811321262774548,-0.5025461576948763,-0.1850235788060529,-0.007394464309854853,-0.5521540206375842
-0.002684877567725334,0.034039414446469074,0.005286551314165536,0.018042623544197615,-0.3518822148686975,-0.0003890108494192038,-0.0964581531794581,-0.18422113383705363,-0.0008287890787708535,0.002271909001608663,0.454245091581252,-0.008805624089004068,0.0165839454848735,0.5966586468964251,0.07496532415211053,-0.014698485913418435,0.02168187550899959,0.1748242519899319,0.0013020186847398463,0.004928181396117216
-0.18948755154754537,0.9592265931594799,-0.3063506872329029,0.0740337865832425,-0.11727020260321938,0.7217202265017382,-0.544098332434912,0.5849682287698422,-0.011161272312387154,0.21384739398073171,-0.8695374446176103,0.023592762113765216,0.0003552269568618052,0.2243914376951188,-0.15605455618527458,0.021133179071137417,0.3088199066328519,0.6147055429412608,0.9341373182045152,0.49538651702860675
0.013593576145807092,-0.012352850720425019,0.12310630217669546,0.4693020368444132,1.0410235324847807,-0.005833084746549599,0.23893794519421105,0.3982205105339416,0.017598158184509393,0.0075731634154709475,-0.5006346263929674,-0.0060329684031423785,-0.01878794511879472,0.023598172100694353,-0.6336527208489905,0.02361395991626862,0.0009749265790491325,-0.47032770274000196,-0.013804865694278955,-0.19478170759507618
-0.0315882230553967,0.033752738018103697,-0.029263288793821923,-0.017378507514141876,0.00931364968083085,-0.0025927981714809587,-0.0017183234154117613,0.24955590585305948,-0.009072696675725165,0.004552503321974854,-0.03190939705780701,0.005942941611264321,0.0030885762692420653,0.026804780680880595,0.169157856300948,-0.017700255114062095,0.04015850880101527,0.0002220956082288313,0.008159552505595235,0.02617951024150687
0.1937003411470297,-0.0911838825845707,-0.12823854330861284,-0.08209510453342155,-0.38111572808129307,0.008219017275973114,-0.14768067515579208,-0.38593905505018944,0.017471148825642473,-0.23435890407270132,0.05117641937542866,-0.011257457109967705,-0.017583853106333966,0.2439405779906802,0.30191410337616725,0.27765701684284544,-0.11273806248852503,0.49172619541202905,0.26279669249753634,-0.06584717317955933
0.006938776701198172,-0.00014806343522202978,0.022242140835344374,-0.013958954773946177,0.001974658396563405,0.011559809064325056,-0.0010969026354119681,0.03633782511783107,-0.0024059161393724282,-0.0016357422156521558,0.031081430572998746,0.013407069398770687,0.018186123765297733,0.01883302467559203,0.01985612216818694,-0.01764041278789965,0.009671470002447263,-0.007002749988803446,-0.01840747893019539,-0.015592869310091776
-1.1355052787949655,0.6566656842741591,0.22937646253630548,0.46718377041335873,1.438912732238185,0.383195178895267,0.633402196677288,1.099680135276424,0.019888930769163742,0.598873882895255,-0.9317714166915806,-0.019627503463519158,0.7656760143499939,-0.3567606232323993,-0.940227851818922,-0.5682337547715258,0.8882910633693505,-1.4749831855069921,-0.11637867345953183,0.7692731980229235
-0.09586115498555327,0.06505288556001988,0.17817530734294426,0.03771454449116902,0.03269243556942618,0.30057496718799936,-0.33783494082986704,0.13435196922890855,0.022528647925433364,0.10481190624309232,0.04436856479538617,-0.019735267011734392,-0.007815635614259273,-0.2021343994826008,0.116091583926933,-0.012062263792305756,0.05335604140339338,0.20633063213738226,0.005982722961266141,0.0486474987138637
-1.3444225470913262,0.8004362195186833,0.24772681969642096,0.5419435282961561,1.748085840061148,0.47460440133583803,0.4685476084234066,1.2923320165893604,-0.0019699597035289073,0.7107222496741714,-0.46014055115508173,0.003937685227454524,0.9058237937176512,-0.4251067346779167,-1.1321221508307593,-0.676117508066055,1.0941270218604762,-1.7381737699575912,-0.15088154270335924,0.6928740127548593
-0.04060747122156327,0.0036884993940408265,-0.00811015911440276,0.0014438707195913998,0.034070426346302196,-0.012252794489779038,-0.18031784784828414,0.27414481274876573,-0.004507753584057172,0.020946102560055888,0.07110466928093455,0.017611755628146788,0.020747895913611696,-0.015432772867683249,-0.021789090083871566,-0.020963313446091144,0.02471453022570136,0.29083522139574247,-0.020483524093966813,-0.008513653206836135
0.001290148213895571,-0.0006009366200095019,-0.004647089357620089,0.003401606911444457,0.13506014252691792,-0.000660631933547155,0.03351342943636415,0.7858197149199653,0.0032095317904910345,-0.017405795053603495,-0.0845591343727755,0.006761387795526732,-0.002883814223384056,-0.020187715899268422,0.004116780824137344,0.011739667942131417,-0.010057810009259125,-0.0672941444749362,0.004781870890735594,-0.02284712539032254
-0.005923800087817888,0.002783194180241484,0.007527113059151129,0.014040887167688717,0.04889095880969729,-0.0029919790099840913,0.012123462192873947,0.02879477754281852,-0.01694186875174877,0.010231488757100345,-0.016654297543778458,-0.02233494594923375,0.0051433902937708265,-0.0144059681309395,-0.018983149514563674,-0.017966699881755463,0.005791954387418177,-0.04117154686399802,-0.002325991126602033,0.004561157333098014
0.24067591339232117,-0.14656740687199277,-0.16299767274886662,-0.12249993772208843,-0.4408395721595844,0.007291453525690659,-0.19112432762638426,-0.512005584622982,-0.007657435384400975,-0.30063335586827306,0.052031638851890195,0.0013506200217979786,-0.010801498453779687,0.2335304841538411,0.2302417865710416,0.3361557532130646,-0.14568258309383178,0.580826702066179,0.3614054343027479,-0.06893270556066693
-0.03663757098657752,0.017473124525122133,-0.0022806796430885298,0.010523360659414132,0.05549748532268024,0.0010246025636466566,0.4792966442961139,0.015943546248833686,-0.001744330250807667,0.01535003195592087,0.5893129165870319,-0.005063158860648629,0.0024893051392448707,0.01762561739720491,-0.034931883006488536,-0.006404327677991975,0.03867858454801328,-0.02445948735188458,0.01601832134227387,-0.1662581241313963
0.03925996964065071,-0.07304835056353086,0.38319769098134293,-0.029258286381263664,0.6014564969788572,0.9458020340575828,-0.782893113434662,0.8578293355700708,-0.02364535108430895,0.43008537949581305,-0.13484573485269044,0.17739445022182196,0.22385422098760496,-0.9020233480444761,1.063698610693499,-0.16163404577321838,-0.026509864322869905,0.08360532847584778,0.007944401751742923,-0.18320448022240574
-0.613742987163402,0.4243377098939915,-0.09079037271368227,0.23798704679278332,0.018540316380808452,0.00745998916943991,-0.019267010004199774,0.8410359424911347,-0.0037123522094591513,0.7885942095499819,0.2084673032355391,0.09823453270914333,-0.024692730703470687,0.09100789159411109,-0.3688408956032184,0.006376301300822892,0.4668803381854119,-0.22984144726747244,-0.3135905771479196,0.4201893470867724
0.051875711265282995,0.21156926636728055,-0.05496726576021893,0.1481576564374886,-0.12068023755096818,-0.018675309935212745,-0.07345148890926832,0.14633854817913552,0.32345354560524125,-0.049866276273232105,-0.15936952812274274,-0.0017772832762135114,0.010433286397958983,0.29921979157516954,-0.31753767013249073,0.07382893932002002,-0.03643094136594688,0.13403818646988774,0.09106452170556723,0.28809083613447317
0.1601003097572114,0.5545734779556535,-0.21980267097987108,0.35103906412384983,-0.461748587830357,0.043057114272386954,-0.1590986728666405,0.33641384187063367,0.8744118447739583,-0.14762413716763997,-0.1700002591579821,0.277966008779009,-0.024710919743703937,0.8620821644798159,-0.8394967453275574,0.15787266545982176,-0.07969214199240907,0.4734602877266227,0.156316625121327,0.09373715417649385
-0.0008141368876888053,-0.004211883867214819,0.009305328411227312,-0.0459949839201821,-0.006215758902073692,-0.008272912547122797,0.6087584672575537,0.019486577566994286,-0.004259759818135114,0.006375663782949709,0.0059383584260014905,-0.009411484228889839,0.0030668174411374767,-0.023247860820810352,0.022882496761786494,-0.04151428296278264,0.004650645305447278,-0.01852861147678662,-0.04572417114307251,-0.002599991786265409
0.023961040449573374,0.1270575333024941,-0.8021555959931868,-0.010284526266284004,0.19021326173445022,-2.062268719349447e-05,0.3690505750694999,-0.04787694424666547,0.014248902878011515,-0.052005649268447564,-1.2069851290047477,0.00017066479367430082,0.023938183851466874,0.038985882244529806,-0.1968402888762651,-0.0071998619337128,0.1447131067424871,-0.06183666118934389,0.9291108848196624,0.49565398893049484
-0.015033423978866643,-0.009827831164976314,-0.019857086653069185,-0.012202875145557434,-0.014256034937362744,0.013239654794104067,-0.019016992464591903,-0.015085186336863583,0.01051348329809894,-0.018179765952750802,-0.04006650336213078,0.00796149074874464,0.006982488932537548,-0.0016526186961864906,0.002079074187971987,0.0009954964246138521,0.0031590965518059847,0.007883385138872892,0.021728524363897748,0.010773970908783162
-0.03762638839722517,0.03410285575469542,-0.004259812036875306,0.02948588373246179,-0.02366000910450379,0.0027185506272891305,-0.20121190592402372,0.01594971515981561,0.01576837589715228,0.026503996457688726,0.02180861523568664,0.013064594773079623,-0.0006453700183019669,0.04835364142186762,-0.07006763489772751,0.02318986448167504,0.023435439341298676,0.33198722248038715,0.007542057135149643,0.6705936202978439
-0.016798963750475394,0.05121880236909008,0.039711281089369686,0.019753370364086666,0.021147773961032783,0.01886597372063966,-0.004357654712467663,0.05520480896110171,-0.0032284161450348786,0.02386424324681624,-0.025790230145273166,0.008722971165166524,0.030837719112390045,-0.006499957443661058,-0.03565616500887424,-0.013697393652153824,0.017448580216765153,-0.009788409646502766,-0.02285405077284042,0.023666245469670374
-0.18737682197756336,0.2334028821707594,-0.27839276598392115,0.053397641730429615,0.25249907682015066,0.7281587337136075,-0.4178356782527509,0.24204424491798682,-0.00466378294329655,0.21162137540322665,-1.004280700912359,0.0015587063940581515,1.284825319528395e-05,-0.4051040702332303,0.16978876579077792,0.010807105816099711,0.2881936846590632,0.3804015953790429,0.852845738207185,0.3912723482502851
0.006634460548319862,0.009146904481505852,0.02667265861237285,0.0022417940721984027,0.016369337926488304,-0.015015851036268107,0.023549968646393714,0.014780669614120709,0.011853807245550144,-0.00979246733154621,0.004634776466635718,-0.014072879934029208,-0.004710952320164739,-0.0017099525057111334,-0.028156996866310666,-0.008146658578792512,0.012281659204556448,-0.013049744795437168,-0.016919314090898648,0.004303825017111874
0.6793622070021227,0.22251022397721262,0.39295285438982724,0.6857918460326684,0.0478642252812809,0.02609626819321376,-0.02349750152994605,0.344511148414884,0.009874684689344175,0.007990440771520129,0.07031612270512766,0.0036789430579707385,-0.014258385903805803,0.24888550419241157,0.15933046386208854,0.02001445407569885,-0.56385635365145,0.025186233693738506,0.002103157930533641,-0.611062651291732
-0.16797652897967513,0.1421493040831241,0.034531941567044415,0.06648205332186664,0.22440350583554458,0.05874746199146776,0.036374731043209686,0.16183583665641035,0.009684592692592534,0.10282041636554598,-0.16918879215039476,0.005277934435584379,0.13093184829878188,-0.0625162229672185,-0.19098844131837323,-0.09026097352104802,0.15917524263292576,-0.22881393984097897,-0.024158907308462742,0.10436665404556958
-1.0806582875743282,0.5922490695146632,0.06664220626038787,0.4179949913593844,1.3406706090058091,0.4654617126762807,0.9843748687244802,1.071002682140855,-0.07672898668672562,0.5859589167202279,-0.6115519907234518,0.3458571481879848,0.7435241092558774,-0.2581838177972601,-0.8435560756233249,-0.5657917433272213,0.8614549561444067,-1.3427678570454349,-0.11637470862575107,0.6482844234434725
0.4989722801454347,-0.3631876321299205,-0.05170340221099933,-0.20911082554107727,0.12426361257462633,0.01753258716885547,0.03166710208894776,0.19715296022142834,0.00700315460114836,0.003415226820796957,-0.25920937033862584,-0.006480593995393254,-0.012717212650399368,-0.35225656441508085,0.4387557071496771,-0.007738681344744482,-0.40720947653341094,-0.036355843186665605,-0.000824767756844421,-0.3927704263570243
0.01566048834383925,0.0173346192127354,0.696436040681377,0.014389179633116216,-0.25139174699870803,0.016558043369953937,0.029322817279867498,0.019104647235936623,-0.0006756775437013281,-0.033003797939835336,0.6855203084704631,-0.011347802416293554,-0.0012178446073598942,0.09189282975880313,0.03375059889433997,0.006221312670016999,0.012630970764532536,0.1450707541574031,0.024163736917152907,-0.12907411968198246
-0.009794049812491818,-0.008862030541959873,0.003987679720880507,-0.0007899819366933847,0.040525056989613784,0.046140447813046326,-0.08050555675526909,0.6555339109126308,-0.014585677459483453,0.00468188222101072,0.5722786265448238,0.025221048948816216,0.0068453016318709686,-0.04878724510332688,0.039607389524553074,-0.012419429557597332,-0.00522529027651002,0.0321328599236929,0.00037650563183925026,-0.19545061695952515
0.006753215716489012,0.511723813968185,0.03181610224538859,0.01798765086113053,-0.2453087830332875,-0.007463592993432166,-0.07883713691582904,-0.02454378120424877,-0.0038600040800121286,-0.004506155540527064,-0.07193862982411146,-0.007987171901871409,-0.0019478153886597098,0.4682615462273962,-0.6107138534798789,-0.0017327354161730648,0.5834682237614811,0.1260971653242609,-0.014216615473022505,0.10953858297627576
-0.010122345511225025,0.5910716299010877,0.01076194967918898,-0.0036961269986340323,-0.33605481451990804,-0.002283926588614103,-0.08904210150462648,0.25268049629207306,0.015793759740917346,0.012046774146029442,0.20206159739894985,0.00284474486050707,0.011756514647304653,0.5373489341251596,-0.18647561702558196,-0.015249781665569246,-0.01760719120465475,0.1419939737268532,-0.009380037738873255,0.01344989191511364
-0.03713274938111936,0.7066647773011441,-0.00816739877624848,0.01559391038864626,-0.6525591211250645,0.030742535420741415,-0.17174236745399624,-0.20875366662080516,-0.02991925945578138,0.022807807636925824,0.3142209131699689,0.011432182028584889,0.0188776700729072,1.1291068961760087,-0.7607749642615963,-0.03499971476749577,0.8044295222725087,0.25808329722825885,-0.014709043886443389,0.1383642240325175
0.03472720327617071,-0.005454904890163304,-0.030911134134754565,-0.00597935356008714,-0.04706804569084007,0.02456206850347916,0.09956419642326098,-0.008138131758133008,0.013993042832424828,-0.04621045771806717,0.03095653880827731,0.028778030772176066,-0.002930679344560016,0.06525490885188895,-0.00667534477383947,0.04037918441763356,-0.006961692987295611,0.05827465634223544,0.06336581064372017,0.8013339733074044
0.08875186974645988,-0.05255490041698214,-0.06771242665043922,-0.057454185668993095,-0.1346288995013951,-0.0038003931889735274,-0.06672953699794631,-0.13768183865131936,-0.007787623632794979,-0.1185030157629277,0.007393086897373523,0.0127039144356868,0.0036609553770181823,0.08918742613053536,0.05751090826246388,0.11440018186739002,-0.05816296456201783,0.25250637954980004,0.12218261833391475,-0.02352076341645816
0.0007753018762658197,0.7941263399531758,-0.02033442199845794,-0.01931600782245541,-0.4552324607156385,-0.04012603689826412,-0.08047202125147657,-0.0727214674452914,0.004298941432575883,-0.01107049001140591,-0.14710203667505842,-0.009985099632980943,-0.0038536237280132656,0.7198822207731318,-0.946576895217554,-0.005850946538593704,0.9553539435868631,0.23173496726226095,-0.0020132776572525535,0.19873350783611585
0.02318266641852791,0.6439619688396343,-0.12237018127610609,-0.02886842917767773,-0.41073403147920257,0.05181617576243523,-0.16712947311429616,0.26420520095441935,-0.07227165308938005,0.002669249570605988,0.41532797682817835,0.2733190324488429,-0.01677094990509203,0.6558146061887595,-0.14168891616393037,0.009826686320316774,-0.001752057912874314,0.2482831466500546,0.0013270117736405695,-0.020018513132760825
-0.03621063375441026,0.038471591031401076,0.024346307040538587,0.028517142737980755,-0.35183112591281407,0.012166864872968863,-0.09160738317778644,-0.21931465388020202,-0.019442688193848524,0.0024147214908830823,0.5027711983050553,0.00036548561411917525,0.028714046631158646,0.6499331445089498,0.06806159972650828,-0.03615842773114749,0.0259295988861139,0.13457544295423104,-0.017700340881153742,0.0073431404572464
0.02207921370917343,0.006732390777642552,-0.006803968077755889,-0.02125425245097218,0.012468469979792948,-0.022124763828006683,0.02863025948763235,0.0256039496543391,0.018104126821731098,-0.01098494372541767,-0.025388617353511833,0.013786333212576517,0.002116277325576849,0.005437327156503024,0.02930830728881697,-0.0024013590779868154,0.004333302884014782,-0.054878941088821215,-0.01406377142361916,-0.011379436927787649
0.19234679840652022,-0.23317604406806736,-0.28245479691053,-0.14726149507648967,0.02969198191589011,0.16623630005808773,-0.15778182184869183,0.10614247465520352,-0.13520697187671762,0.049759518674562984,0.3858335620147662,0.6877656080335959,0.0019269296917371658,-0.043143970174094215,0.36198648895576757,-0.0250340747137536,-0.1745047381765915,0.07228302097868584,0.0070045386761879965,-0.3031574710310775
-0.05822781955122017,0.14592802632143964,-0.6958485181367642,0.011002427994156318,0.23561717158760107,0.015959467882525,0.36075826870208405,0.23829180030963054,-0.007238706016070155,0.039639559708369035,-1.1272277740157117,0.009415515324251942,-0.00746146543529114,0.023421972230142765,-0.25530184671710415,-0.011383832363145406,0.18409398948042835,-0.1520176267129674,0.8429871096494136,0.34831091645311146
-0.11428222467694783,-0.01957862366509503,-0.13216541043675561,-0.0022592150349077782,0.08905692540040344,0.1289283085031255,-0.07802196586395996,0.043797156956782796,-0.08741032250347455,0.08075678414074436,0.26930731265400065,0.4186123679638635,0.05624934754020111,0.08924965205982868,0.03758174901072234,-0.07405126812813118,0.05713820978214841,-0.04780346837549022,-0.030751520483587445,-0.007361452018499913
0.15197260480100896,-0.06039467605499543,-0.12523193753239104,-0.05943857584371479,-0.2882788638541753,0.004713288824405991,-0.13265215610962294,-0.349105345175936,-0.005819683632770252,-0.1910627922890143,0.011206475607347137,0.009949265816603355,0.03507036595940962,0.19859296203050647,0.12373270173705966,0.24940812080566122,-0.06926218170769408,0.4167773054173487,0.2607030327673507,0.4319678649039172
-0.3259243698306414,0.22310893830821743,0.05711592469848833,0.11972917185684535,0.3734779040392804,0.08586235103858755,0.08736573858602661,0.3046557691561073,0.01659463044902384,0.16897877826991328,-0.27267027209961764,-0.0183766062023198,0.20346501354988275,-0.060074335268798365,-0.2624927307123989,-0.13793312028730312,0.26636334878211676,-0.3660345358347338,-0.03513298027992294,0.22526115297134877
0.010375300475502494,0.01427294630911325,-0.0036263911536614218,-0.01794193354130853,-0.008206396458715612,-0.01684595300798681,0.000809602794355907,-0.009120397319435921,0.00022368741596804373,-0.013056598316682521,0.017382237653762345,0.010471541582353671,-0.014717249045882083,0.003026478189736982,0.007266962970275812,0.014133987806698348,-0.013607754117430811,0.03787629518872638,0.002685233909743553,0.009822004457186725
-0.7342207367597554,0.4750733847108813,-0.06859541782458907,0.30707502204344933,0.18543600878246433,-0.005561124511861904,0.054993439995169764,-0.10096300286991332,-0.0069940492347859776,0.8713578975893225,0.09169499728165181,0.007549958744929131,0.004369670562060007,0.04980128726480342,-0.19022616273876364,-0.02338665281153353,0.537357914872177,-0.3558018602372382,-0.3326131494359482,0.6929735254976148
0.03827662042988034,-0.013460289605688722,0.025597227076150107,0.01719196079064184,-0.0069849480997153605,0.0014098607858607868,0.011694122731387426,-0.044176665336010564,-0.018845545189798023,-0.03412314252681099,0.011522323697505093,0.002413037942113258,-0.0059725763630594465,0.008336110747018984,0.46788011522237677,0.029116224982320346,0.0014119806554869214,0.02896957872154779,0.01069599111359418,-0.004571375678448297
-0.031059887896400643,-0.00992768289696137,-0.12557180655630187,-0.027629013968058176,-0.04114171529713784,0.08143522594224413,0.40282552437079594,0.29424048008189124,-0.08066501439823522,0.01444271821849638,1.2139426232864348,0.38808268763492,-0.015302143649753831,0.10441669275592602,0.19847542965062978,-0.005606898220867152,0.03401831409986523,0.07930841548082596,-0.017966008741370047,-0.3459970100149769
0.02989633873103419,0.015560249092735085,0.00464807632710584,-0.031007014590741913,-0.011263259368195555,0.012764846503218194,-0.008864098752309375,0.02108305711231002,-0.005096054889673987,-0.022007748739845574,-0.015167083465264786,-0.009977284410925814,0.0017292833294766112,-0.005418750477700582,-4.947840711914085e-05,0.012180915151443945,-0.026070239065115654,0.01358736205673726,0.019351464123249812,-0.02165994187690263
0.31614055097876925,-0.14622729332458362,-0.2147399021215777,-0.12388235907544302,-0.6071248456894367,-0.004692327708924678,-0.2677861722632231,-0.6205885014352609,0.032834079642446994,-0.4150284479774133,0.04319889253914635,-0.009235437494988893,-0.002165153170275871,0.38466324747293995,0.25430580456207785,0.4958831376536485,-0.17913974064498855,0.8093215934777286,0.4766173496165645,-0.10562013906556275
0.005683339089858475,0.023901815459830764,0.018146705060723994,-0.011598383402220462,-0.009043667074613633,-0.017940116277038815,-0.0039806988233036375,0.01718020573616705,-0.01590726541377991,0.009533110567062594,0.011298194928148,0.012922861169242706,-0.014425081401337525,-0.0005685787946559462,-0.031522423125935034,-0.0164650345020558,0.002264824531147718,-0.03367310415548439,-0.011712704260257101,-0.0014016991872060538
-0.0017475089937307774,-0.011660947711156635,0.734836052194073,0.00898312515199578,-0.2703480122815497,0.013595968144712988,-0.05873490953703564,0.017982007882663846,-0.00878939916959401,0.009451284653956313,0.7602539809271951,0.004426300226102126,-0.006451310534849685,0.041235029694001765,0.0720273792124919,-0.027259993775268096,-0.0219675745979376,0.09813488180805394,-0.01580145868891004,-0.12662698628400978
0.030427854674934175,0.0062854098370480555,-0.003780895646193801,-0.010057012198462268,-0.006106720554986762,0.0006443395597895557,-0.0018597044551230879,-0.009977542767711903,0.02767108730551826,-0.0023913342333019387,0.010397587271315348,0.005278068763164357,-0.011027249765093713,-0.005426579209117533,-0.02253574064675975,0.016496657266167294,-0.025892894283618163,-0.0014972197152395526,0.01313198919711408,-0.013437072559730534
0.3266451436262957,-0.24515454580714846,0.1774071438393172,0.7124248083108272,0.4902750758855554,0.004964508100612216,0.08976958311983257,-0.0021503262031646007,0.004111772308548228,0.03390509950799953,-0.30109470706727726,-0.013661867827826349,0.029882460769643064,-0.24200594693422353,-0.45777551060814514,-0.015298824448012576,-0.2890444544481626,-0.2696365283165913,-0.015461599264442825,-0.37832054506636964
-0.0018198330781745709,0.008413889149911953,0.021808549659480096,0.002392158891593713,0.0004979947377600578,0.0025774096149785257,-0.010326695802371678,-0.0039023318558939982,0.004679543465500615,0.01201392031481835,0.49268748885627106,0.004089928372209576,-0.00018563654662268232,0.0008682955889936191,0.012908954386799776,-0.011503797317980145,-0.02760499336735766,-0.028213285147107914,-0.008062627554421721,-0.12866278554166505
-0.7235176304448604,0.46738227202812727,-0.07262205827005101,0.3009789981022663,0.14413953481011582,-0.016756076420747223,0.023630438378407222,-0.1215142281004532,-0.017674068971880667,0.9027539564459189,0.939948642799307,0.0177666169477179,-0.012454156761891011,0.046339694651167884,-0.05938873892009927,-0.01794909703575214,0.5489438392264199,-0.3455552835535573,-0.36780343595270076,0.24397308875377496
-0.03680956426992472,0.19368560792958747,0.35644028154528296,0.009075976270856607,-0.16186216031862197,0.2998523951902448,-0.10853267920061649,0.09197650725134164,0.00334825463920374,0.08668280998949214,-0.1519452143803847,-0.004055451432073387,-0.00866127771385068,-0.01777390432809528,0.04466250859464026,0.0187463265925533,0.1726225612496792,0.35433441544622013,0.8609275239243342,0.15108806289358012
-0.24854878401457378,0.20141670492280384,0.582327008837198,0.09930334420239273,0.4671294917422011,0.9873013875450463,-1.0080897084491154,0.6396725066614183,0.009999784406727944,0.28644825660502976,-0.21672683052316608,-0.013884551218245233,0.00452929047584909,-0.5754603168886272,0.710928856259894,-0.002636678831855918,0.23208823967376005,0.4523731531853393,0.057831597852339336,0.11067213335256847
0.02611482234373988,0.0013326287859844587,0.016086245349689405,-0.022557553315956026,0.893887551557328,0.01146921615047676,0.19346774046949108,0.5924042560582217,0.026674438031967868,-0.02207793988141273,-0.002466566937974511,0.010715414653577006,0.007444333664817562,-0.007930435674068906,-0.16805522754926344,0.015782863813322105,-0.03815120767971565,-0.43522434965648976,0.007024543297321574,-0.2968286338020732
0.0052687133957202755,0.002085960737523318,0.012243698570688563,0.004228427348322963,0.10720208067892133,0.012504538263097451,0.03887413721198173,0.07199443400223914,0.018856158933345017,0.004365373853689633,0.3919116806426236,0.029279656614539785,-0.00543978190027306,0.7083740831234173,-0.029266682077731553,-0.0011645066106544776,-9.966239259634121e-05,-0.02559655792354549,-0.010764486976701635,-0.1522051081715885
-0.2546457668191031,0.18910998641758628,0.5483608677728162,0.09891972826610052,0.08728639844059778,0.9682654806912888,-1.087006637593742,0.40404976047833585,0.01203503901063254,0.3048794865511752,0.09042521432466528,0.010917646004477647,-0.006088835895953669,-0.5281651234845887,0.42094315178950426,-0.020720089592728905,0.19375358883148674,0.6356770113303322,0.08052854458425188,0.1497155452195378
0.3685312722176707,-0.13461139016000004,-0.9558141264813532,0.3726971903546094,-0.7240723953022148,0.16075143168128483,-0.36259152767609293,-1.3531682960383884,-0.14110440901069968,-0.44356203770964037,0.15249151428606184,0.7769445935540514,-0.014169135134975948,0.8873386043844382,-0.1429119428848653,0.7621483949850236,-0.08881194414813899,1.2845595099247353,1.1685221339907579,-0.08691825164040383
-0.006937949340410995,0.20951419735571042,-0.013208798075306994,-0.01441482825459432,-0.11541507972384835,-0.01724596265134843,-0.035632660387705385,-0.03721717010927627,-0.002715395650245876,-0.026446574624990084,-0.05547160274814785,0.00018617463833079176,-0.005368854821971687,0.18372093814887633,-0.23459554043043573,-0.0028264038481831608,0.2568086862993032,0.07908989461807965,-0.010345657444090049,0.04680124113812929
-0.0018701660139356076,0.002261164973469564,-0.014029903264652296,0.009983163341254367,0.04562741446555322,0.014265574595483064,0.007238894721139406,0.03538850348677973,0.009177432690284716,0.012423682742730672,-0.05541269815084258,-0.01104613946626934,0.00908138843322134,-0.02156911350523311,-0.0010681735380275491,-0.01470604769110968,-0.013661199578135667,-0.01081107798366183,0.0018068315176256598,0.015050379643840466
-1.2900483689974922,0.7325703585206064,0.26963717599180564,0.5101193697356612,1.658496348255506,0.4706212346929254,0.4340714561470365,1.2398396981053585,-0.0037491738472916055,0.7055656894215161,-1.0372453837191786,-0.019228926780766112,0.9075327752236427,-0.4320579931760037,-1.0643380076927436,-0.6680282109210374,1.029646316915537,-1.7012141064133952,-0.15507402768904333,0.8736238748371743
0.01173019245528436,0.01455773153314041,-0.13631019242732217,0.007180171178791335,-0.4195024352243001,-0.008175486480394479,-0.03821498394288729,0.41996420097078896,-0.0006227667331661639,-4.80467814285544e-05,0.3454848612117578,0.018248147267574136,-0.01332274283814052,0.7451932648610052,0.05586340700387554,-0.013503128220933108,0.008573700774298658,0.2164762440813061,0.1296112423622615,0.0029935084933211667
-0.035278180999420226,0.49186064157581505,0.008388028296465335,0.016586975750406085,-0.25121107235748547,0.0029164996881729803,-0.06992844202184093,0.4150704749322464,-0.008504570414625112,0.052124530644422615,0.1680704396658554,0.001576609514600473,-0.0027510387909984836,0.4129299020248638,-0.1845933335644121,-0.0065414585055804195,-0.0051047941031075565,0.09159406889428746,-0.014579997693054623,0.053915593771948676
-0.6515974064773234,0.3887766166453681,-0.19520832870834057,0.23530826253877088,0.07746589546590078,0.09173320839765471,-0.005229582731941551,-0.1770810129225396,-0.062257848492839656,0.7800805297763609,0.34653829607387937,0.29564544908232754,0.008219375327587139,0.13617205010520583,-0.31483996642447803,0.013241092020813198,0.4490271293762051,-0.23377616638445356,-0.2836785391040405,0.4116877584126538
-0.006425373499636678,0.06019104456926669,-0.2948264731875367,0.012077543497141734,0.3530255133661417,-0.0052580122631775816,0.24341211378866487,0.16473885787801437,0.02402598056321735,-0.007318874087094928,-0.00626294199995172,0.0015905286456426374,-0.00894109374638994,0.020393340586563773,-0.16829608046112063,0.0018650427006789358,0.05440116738834193,-0.17693638138759293,0.349431127426771,-0.0975402651001683
-0.01536959104694706,-0.001317257681377292,-0.0127566250290297,0.0029760248601277232,0.03516213620577811,0.014432760419577802,0.033077403734615984,0.003157830319071307,-0.024302154142851987,0.00856179378042769,-0.009982119910711788,0.007600486532782908,0.014423076313986451,0.00871795607274074,-0.006778776269376166,0.012808962086755235,0.020364120069940317,-0.027945346668098094,-0.023943339518153913,0.04315333553003005
0.005650349675114734,0.6917523138260386,-0.0022766435871151448,-0.017127830706878885,-0.39680525423164587,0.016160725669452296,-0.1030155571539364,-0.0646061491174669,-0.009814101980151355,0.007934209690453017,-0.11223474073761638,-0.0024198257008648414,0.0009019466236325352,0.5850356356898628,-0.7433923561936593,0.005810511257266289,0.8000350694931848,0.21700646764093473,0.0019414167446675235,0.16741663294868442
-0.1249336363583614,0.10001587461121367,-0.18926111236642118,0.041380754206934336,-0.8910840542356343,0.008927581511585332,-0.33333086764215697,-0.8939701844673837,0.009743480857320784,0.14627245264193095,0.8134707599765765,-0.002039479876854984,0.005888416484603989,1.1736905046630708,0.11667925656769783,0.3329952156711574,0.09434761163055323,0.7963781592449226,0.14866514240392364,0.3384850346559915
0.7115563744378715,-0.5121283842079762,-0.11032327480749123,-0.2817655732295985,0.7824567780986618,-0.019876293896191728,0.7339260594215559,0.957260328865662,0.017658016984461233,0.013367412129604139,-0.7701238775230365,0.00995069751269357,0.0038211797785717076,-0.44204641672123485,0.4883807954854188,0.009452724783349197,-0.575574357243612,-0.3806226058609066,0.029242456527698912,-0.6129284678191713
0.327288756750847,-0.18723168090207065,-0.0023571539024932527,-0.09274131417501964,0.859864841111731,-0.011579752192873115,0.9452637178011392,0.6123733314523112,0.0027518401581942383,-0.001547305742120095,-0.5873753211797804,-0.01248435556929261,0.007759438375671266,-0.16449108837972024,0.03791170176235641,-0.001558634004887238,-0.23318673699784037,-0.4432410419934498,0.005704870843707277,-0.3465356834483102
-0.1299280761558668,0.7319404401687506,-0.1487910182377879,0.05245165130863709,-0.12196168354534817,0.0413235003729634,0.031097913918084853,0.08655201255098594,-0.002379037062871427,0.07683674072210224,-0.49160432754070127,0.021067446879758814,0.10234948233923406,0.5203839870331982,-0.8739149091541332,-0.07997689163195393,0.8463441155334996,-0.029938348911530178,0.18471741384258794,0.3169061738856187
-0.03172535458573552,0.05297972053887842,0.007767490451179901,0.023178090624282006,-0.028721105313189665,0.022981397800638965,-0.015933865103711305,0.021086227824396838,0.00990497009537027,0.025431217489632313,0.03362138813446719,-0.040097205819807386,0.014907787986135224,0.010993124908987517,-0.052367045939159494,-0.008310196180272365,0.024822869939164213,0.0015229923345976752,-0.02194699444978825,0.8347346535839023
-0.004157461513785739,0.016173664670218964,0.01928614591246344,0.010837694959141171,-0.2567466546444932,0.029953354053775416,-0.09249342773868731,-0.17482325314155894,-0.012341488876272035,0.01548033313574834,0.37143842373292024,0.00519922193430317,-0.01151615078144392,0.4594749713971534,0.048247436181736894,0.0014377650319363985,0.014650676878846861,0.10480679033276111,-0.0020148847999709356,0.005011612248026863
-0.010816120262478926,0.584443687125869,0.0207080290536423,-0.023764623397444028,-0.30470395066709915,-0.005974715943316115,-0.08188306569935376,0.027844295052514678,-0.002030864086637928,-0.024258727485248915,-0.09235126969366877,-0.00888992446183437,0.012178245824144037,0.4975589199929134,-0.6737957816424688,-0.015672560026822924,0.6778370463347576,0.1668054493939175,-0.008039946238876064,0.11577779011246675
0.5971664058996817,-0.24282137944678536,-0.8682794241097511,-0.2109116548735565,0.31308272881556054,0.00464976518374018,0.4323671766627763,0.1981949624344127,0.027126817734093294,-0.017147902744020106,-1.5776987371789852,0.014721065870727999,-0.003932372627565823,-0.27947069534468777,0.2622842399171415,0.008217646585230425,-0.3089282691707061,-0.13972347946310332,1.0093075717492062,-0.10596224153220718
-0.5691972550316206,0.4334868837773237,-0.4354014248194645,0.2054471562078744,0.1972070864015121,0.03283663729865157,1.0423108948346418,-0.12072848965934904,-0.01847108651868594,0.6788534713948807,-0.39785278490048687,0.08727742988247897,0.01178140633775336,0.07811428791250616,-0.43357117221565994,-0.011069028662888253,0.51278585650368,-0.31450036611922805,0.16743098042301893,0.554229920625762
-0.07204850180374114,-0.04171982831266713,-0.24050438905111515,-0.05884485368747755,-0.017770690238130587,0.18435712783425767,-0.17182471319462422,-0.007329682356096641,-0.13413892091171029,0.06517848125465982,0.527606596535351,0.6410314913690356,0.008566213413658333,0.1338844225395749,1.0370584175350226,-0.03827061173826995,0.04216216103509297,0.07684890063840659,-0.018092276242999132,-0.11613606246349775
-0.8379856342726144,1.2118563251725405,1.0346669544289817,0.32254936423584135,0.3131457295281185,0.3391397266657178,0.09476664618601088,0.7149131026151316,0.02811156115864556,0.3689921751386844,0.08438243244467936,-0.01704013643069529,0.6612985957463025,0.5554139432628975,-1.3924894046586607,-0.3263693470866309,1.3791389894011927,-0.6010244592042951,0.05186735665214477,0.5896623552812473
0.024856355342813444,0.44848647908456013,-0.008862761991783749,-0.012344974758283587,-0.23106190353624106,-0.00241743035718424,-0.25293763988980617,0.23460280947362872,0.0013715819600106883,-0.00991579581500747,0.12745629261539168,0.0152786808154328,-0.004086911217498918,0.37910672886491664,-0.14430767611515483,0.029634409987104114,-0.02445662791404737,0.48529185351933196,-0.01714705661268076,0.015584373261136347
-0.0068217220442945686,0.016731888770387827,0.00035638703601617225,-0.013567995553930916,-0.04616977119150258,0.0113435181074449,-0.01995130911099262,-0.030629090233547866,0.0028953174593950243,-0.004474918592461701,0.8045760145306696,-0.009538747809149662,-0.00796381428527583,-0.0032351883122550243,0.015843526095636024,-0.006604462066283703,0.02151813185824946,0.03503156174471614,-0.007684847263150116,-0.21973517001144383
0.03736453887043645,0.012464932798961059,0.004227811039448262,-0.04553828860489293,-0.012101618996869195,0.0013087413672287053,0.5443834912162941,0.004730694329092639,0.010998946664640383,-0.03568266704850239,-0.018230553070265824,-0.012849326426191828,0.0012235772386018544,0.004842157183672995,-0.0062509391497738665,0.010045264101596544,-0.006264897365086956,0.016787284993581144,0.03907321825921595,0.005727841952029628
0.18628131982627943,-0.21276925697700722,-0.5311642577930886,-0.13822007514026002,0.05563643810577774,0.2304988698972249,-0.30539676223538365,-0.2449376681873535,-0.21199630110655218,-0.24509611819290514,0.46172749178148215,0.9467944351947414,-0.017459761223440156,0.5460863323184125,0.9410434315290891,0.38833071250713774,-0.08461873419988625,0.5568167421744691,0.3996005253098079,-0.32712422071351716
-0.24895307773567912,0.14766166883478146,-0.035852263338943716,0.10357675287305798,0.8384778078203897,-0.003151330696173682,0.2374198065518801,1.1700988889241033,-0.000457088739276185,0.32058900445650895,-0.34084970500116907,-0.013653917419907895,-0.028235392155699167,0.15356456367734822,-0.34161930988335,0.0028139401761907157,0.14269421736569504,-0.523781144985271,-0.13232984988826182,0.006148979506878736
-0.005517356034429273,-0.04644516754407425,-0.23008889621915588,-0.051123692362891035,-0.11936609309232882,0.14127852556859719,-0.19027642734822472,-0.07451972052847342,-0.1163614931162763,0.048876521232148924,0.5361225430942267,0.624411727384595,-0.029519454862221545,0.18660906027022256,0.11837896399930285,-0.005902751692262306,0.006836204484536845,0.1684820143605068,-0.011146630001142875,-0.11973089876760203
0.5781453164238075,0.023413116932454164,-0.1194081489950088,0.04690976608547976,-0.15888118839972729,-0.005517806554123103,-0.10989366833763634,0.41390643531324195,0.5704037093109727,-0.0988808095171206,-0.49256313324714385,-0.00902570474060205,0.0027517464119907976,0.20036741500521726,-0.14460030975063906,0.11128231792855896,-0.41018118132847337,0.19286723975659253,0.10187759860974582,-0.291290839412875
0.003604492260148433,-0.02213735581383602,0.797188369671222,0.02138411399060113,-0.30308150763996006,0.0035409045858262253,-0.10248823027391626,-0.04185898213611365,0.01744999345690783,-0.005199837003867815,0.8094121898261988,0.01882613537500924,-0.021425714279609938,0.07956382114312727,0.06761475151320466,0.00502394004505608,-0.02801636337982117,0.1653641483704868,-0.0023829441029456625,-0.16475984364244142
0.029375294897862347,-0.0038874732839842127,-0.004169148307590226,-0.019429066938737066,-0.24841170345954253,-0.013890039758896564,0.5882191784577112,-0.14129910099656287,0.006146659994542053,-0.030786839510675665,0.30784203042611125,-0.023389535272426466,-0.011241686741278688,0.38331124689465845,0.08388288052011439,0.00293097361656232,-0.01303846596433655,0.14223970762155597,0.02269479009068486,-0.05879890576269316
-0.7561233506402758,0.4889911085177886,0.09047401432578413,0.8591621224585251,0.7419554968620488,0.38433527348588087,0.11954740638503822,0.03350481775629026,0.0181828674335637,0.13934028035217003,-0.569022441477898,-0.020036292215512813,0.7681543523993307,0.4934833643202393,-1.0918285301080968,-0.017727881574500795,0.6682380686989572,-0.5588562354914636,0.4046051256058907,1.4179108487934655
-0.021849978586857034,0.01516807332730188,-0.0030769329998403113,0.0027662255766089335,0.22284286700669872,0.020321277319248994,0.04062223195671826,0.12492955572032505,0.017435535698834322,0.005235619100213982,-0.12328225107010884,0.006774079412708874,0.0027313628397314348,0.004271833935659309,-0.08103445356800615,-0.012470584816131825,0.012123371755282868,-0.10740594592596495,0.007920706027579005,-0.025055913583023077
-0.021196470475614185,0.1239337115294871,-0.4549172414502505,-0.0038319978010846424,0.1234017044092977,-0.008065913325785844,0.21508927366498035,0.006812404064396902,0.013091976581005686,0.017409237497599872,-0.7311174654381253,0.0022522148285796136,0.010798672091910997,-0.0008574991856360598,-0.15181220656729735,-0.01851867802851795,0.10641067282779758,-0.0689471972813365,0.5374010930021021,0.2211015087394876
-0.05432830445364465,0.03175364034059017,0.0014742576613219751,0.02106736637008164,0.005044596698613393,0.006152228947161263,-0.015822935020764994,0.9306021283729615,-0.00763666807835687,0.002317280789919241,0.006467012335428462,-0.022663361647251162,0.025799794274691548,0.017783536420499065,-0.03740054946046271,0.009682553740819213,0.020630451321015188,-0.0212419075987358,-0.0070727574351485325,0.07257127274088854
0.3878272008507892,0.16985572307761104,-0.2866987484731486,-0.15407364282804076,-0.9504065184684602,0.01846284216988201,-0.3482530148672408,-0.6831836370604163,0.026694619270239972,-0.510494476449567,0.188757379799136,-0.017154477173228693,0.0077068176262870556,0.7965172253332782,0.322582787888059,0.5947279219215249,-0.20619088054892482,1.1075710888659531,0.5870027197977757,-0.05316815694459237
-0.016042291485880003,0.5135152331951103,-0.002891321518699882,0.021231065448693926,-0.22057507319526087,0.024560992773938313,-0.05570663496386549,0.015077453311884061,0.004793304798650432,0.018451895107833245,-0.1401731427239434,-3.538203075539176e-05,0.018289164290073177,0.4127145396052103,-0.43165352237015564,-0.007908659368839924,0.5848565908918536,0.08887746725623716,-0.042830430976437434,0.11168187068193319
-0.48297287798379357,0.27479953846488653,0.6214542188211979,0.21407510112386854,0.35203972837013964,1.0685401981354308,-1.034659272511004,0.5948506347184379,0.0005126974770967921,0.44869319548740416,-0.06686712532073798,0.006520664027427514,0.12797304759319636,-0.6853311551461574,0.24993008550573195,-0.12820888380322587,0.3870525886493002,0.3667297379358988,0.022604695300618923,0.279392971517875
-0.01203529100262501,-0.039486133702005856,-0.04093977120509086,-0.015235218890804762,-0.013585115824345424,0.02065614851229361,-0.024851378813575742,-0.033773911234542243,-0.04290570120730432,0.004193066552475167,0.15750647659577097,0.14236076225886818,-0.003294223579737283,0.01645078288695613,0.07788194892351355,-0.006410844043345451,-0.0030391175116799406,0.02769166034967465,0.0022819251841460515,-0.04283681520559834
-0.17462615877108834,0.1166892956866896,0.061437065463617116,0.06883128056753948,0.2206702508571877,0.07817850801913014,0.04005623712721722,0.18581608196664712,-0.014344701942206418,0.10687345702700987,-0.08745683622879949,0.03691253051659622,0.11792371770020495,-0.046340887309805935,-0.13816293929652607,-0.09212057015718027,0.1389523583624031,-0.22289405797108702,-0.05163380915906199,0.10792274953091344
-0.03139192439478746,0.019543799358743154,0.14697630555940447,0.025897175386794993,-0.05902240113506084,0.01103690282859269,-0.021244662358073072,-0.004024267376967575,0.033384559690252044,0.0023780417756112185,0.17720987644155217,0.01465786320981996,0.001181825331281858,0.0494065216080773,0.5604276160724522,-0.010588410212355242,0.01033058033377695,0.04201924433101728,0.003192629940826872,-0.01837954896701214
-0.3942325184097601,0.23602455493682387,0.0972893986427763,0.146306657351664,1.0955250754429278,0.15015371844986514,0.26837276983524405,0.7909996373750934,0.010793985420238076,0.22025801095503988,-0.6580261137991178,0.008456257590320773,0.2813918054005922,-0.13360763942957118,-0.4951630088634903,-0.2221606845704373,0.3204540355279296,-0.8203444662135755,-0.0951094105931049,0.16544147269324122
0.008226695785070195,0.017788908224987347,-0.19333121565701017,-0.0019072157975238571,0.0689985578027461,0.003610198363704363,0.10488231040626601,0.004582277343510393,-0.005995820021139681,-0.023843161605212312,-0.34884796218818304,-0.016051410052099833,-0.009756227454011428,-0.010242935087136303,0.19494324970230198,0.005395162971572642,0.043996260925531244,-0.0493149491961038,0.2595140798984063,0.08944981605972833
0.008578040483835835,0.532996184266865,0.09517841579705635,-0.010724969361254146,-0.3006903334626381,0.036143632678677165,-0.15874604018466015,0.34577516716697204,-0.043314779517173455,0.6490022237287241,1.4711185437109016,0.35662546180971394,-0.010816185199409014,0.39941140592642993,0.2349581971810458,-0.003419493950286824,-0.017212901619381868,0.014329038527393149,-0.2669488169292581,-0.3606520300824813
-0.010996922762440131,0.01970244751351692,0.023809498840885887,-0.00158943534938712,-0.041465894621608046,0.005137927350715459,-0.02908417014648708,-0.021632376042215042,0.008958957336030412,0.010791323943979525,0.050895658867184196,-0.0025227366130888534,0.0024675365462170475,-0.0036833937592723864,0.012653612879247596,0.021762031559402692,0.0018702631833353235,0.05192265296377937,-0.027668645038260685,-0.00243889794683292
-0.013579877863149493,-0.049861027819268836,-0.3294776190801147,-0.034429105053116804,0.011396391513404618,0.12210354713173975,0.631900636816255,-0.054969694136172406,-0.10757939052892258,0.03768898998823074,0.16023961851680887,0.5090496372433007,-0.01751014513560272,0.11851098468885574,0.08241093396109744,-0.03868199251185063,0.023118208838549273,0.09828935717926113,0.1798320864859891,-0.04448514011379407
0.007732623090122556,0.007720307074854448,0.018984555298624833,-0.00939210370850529,0.19254274194886406,0.01706838146063625,0.03584862349207479,0.14855174026861778,0.026913262554948632,0.023545640761165172,-0.15237924116342735,-0.01919169106925413,0.008552885215180373,0.007330714325676371,-0.053235347434837946,-0.001868269064714784,-0.012946206278539377,-0.08867878499452873,-0.01323559166996674,-0.03645719239718097
0.032736854236343066,0.6599183024106604,-0.25602551802663076,0.006647905767054808,-0.4054130535288198,-0.029065963956054326,0.02342211190520722,0.23234914548083097,0.006351959164341803,-0.006698875562787428,-0.028302857929702697,-0.0031018180264950307,-0.01349188380226658,0.7571548940620492,-0.2524416760800392,-0.009024358784429623,0.02351972273151126,0.2123814665929784,0.28008744875619984,0.1156898012353502
0.08570335391199457,0.40493624072737144,0.5187371771811373,0.26713912025766806,-0.4981496224358724,0.039105200231696904,-0.39719181782433344,0.2324746641728796,0.6135022076887416,-0.10329532811544127,0.31877868390788333,-0.0022428265825230583,-0.014996478183485484,0.5954330053780051,-0.55730871688191,0.14612883305662042,-0.04691015295467701,0.6678672783936336,0.1322117349470201,-0.002289886916736891
0.7625765189589795,-0.5109766511761235,-0.2696956434803685,-0.3161811155010946,0.2624770385943314,-0.010009031215848282,0.14027243629485148,0.28829057762020266,-0.033546180542298173,0.0005436826908984844,-0.7675362455859387,-0.01075565051829095,0.0029361300200528608,-0.503046223297025,0.6359469331800671,0.0028524998342602027,-0.5390070995389254,-0.11972801978830261,0.2459892633395943,-0.49215821952176914
0.003619008022018918,0.17403396133158697,-0.04280991471986152,-0.011423120112145682,-0.07847992035880735,0.006736733574216593,-0.021274963877153392,-0.04368287738038999,-0.016402040209177654,-0.0016281492026644709,-0.08225924519960295,0.002336922492225257,0.023186016275984263,0.17803895801229697,-0.2129170651654441,0.021536128160158083,0.2353460764144321,0.0468106186364351,0.011074010694996108,0.04555914769824551
-0.09484805322001978,0.06624101946772384,0.08232375604121933,0.03579862105697781,-0.1167471717229223,0.3905279472117296,-0.42553553891161405,0.034505793700061106,-0.02543590970185127,0.12280373297572268,0.08177320700061094,0.008860146677165897,-0.004573478009888868,0.10969861865144398,0.8755235988453238,-0.000947244225411605,0.12214113925577244,0.35175517925826705,0.2035501946090761,0.08348868290143557
-0.008790628040884247,-0.004494959450286632,0.03700876239813834,-0.010353526751054946,-0.01263102119193064,0.0034446343843155787,0.022625861772874442,-0.006984962753541881,-0.018714490502998754,0.018273249775270846,0.025093929874039123,-0.002887317441079737,0.005593184125461505,-0.0274806632794881,0.0084402029432248,-0.0034910147056985844,0.025538825263115843,-0.006415758676156543,-0.014912675607696829,0.009312508573625256
0.12518457744167047,0.578461330345838,-0.129113583658578,0.3674162863291565,-0.4486326733386108,-0.004149342547571613,-0.058527369374318176,0.3816594896742056,0.9529962292160435,-0.1809829882990677,-0.38939554808599713,-0.020026591324769208,0.011109939606439797,0.8566505057051642,-0.8837415320670219,0.1954513145689161,-0.09218893278344932,0.40890648683123554,0.17693694478374716,0.16487749038123672
-0.020974854715074313,-0.0057989034422777554,0.8352632802548786,0.03897205591150658,-0.4931102248876331,-0.037402822565950566,-0.08512339912357501,-0.1508667933774262,0.01114818681938596,-0.0030425991545706757,1.0706888797879996,-0.010071950747689414,0.006858475061753363,0.3991586882158388,0.06359215737045595,0.008811853924856415,0.004944060258656919,0.20576424348975578,0.003411988277739751,-0.16615832374966347
0.8297574378830209,-0.7370141023064392,-0.42339170106240737,-0.41853462903057637,0.7056803215863974,0.24056546277641774,-0.03942373874840509,0.6516218082036296,-0.18274665827524655,0.13588419648151415,-0.05883786172176683,0.8998614714304523,0.014466007853272372,-0.4381421016248226,0.8828193694117323,-0.04359715440917475,-0.6990450824071999,-0.21155667547387835,-0.03988418260443642,-0.9490718295588305
-0.608916641881635,0.36510296968671685,0.11172334589766106,0.2573077783519046,1.0221848772260107,0.21773777214860812,0.2787337409449636,0.7243320949975244,0.021616347145584483,0.31832730601733433,-0.6108703829911246,0.012630425202664983,0.4100809115702323,-0.16531472661737615,-0.5838917040055,-0.3080840665542761,0.4864406426069888,-0.9112076402195246,-0.07462885588974214,0.37015354560423885
0.04477577614214136,-0.005187236835918992,0.6092716615124987,-0.014509575940703949,-0.23872524882858878,-0.02828723334979489,-0.05541362003676034,0.006252928375945882,-0.002492058390339831,-0.009026045912582463,0.6146696197124489,-0.02432929906866756,-0.01067563468522516,0.0773429706708104,0.06336447414048584,0.02851935922234588,0.014905096108257243,0.1371406214981816,0.005426174102079179,-0.11728744488488227
-0.41927439321390725,0.7908207156765366,0.43770961676491843,0.11053498643500242,-0.6025065229738562,0.19005231403898906,-0.3184449719838303,-0.18655997803767665,-0.13709895529532562,0.5057863713676709,1.7790493506344982,0.6835232375363582,0.020911476994521023,0.8099748941587863,-0.6993515975463619,-0.02093373053320002,0.9692280106718112,0.28197271816600417,-0.15731352091336193,-0.001501456365010996
0.1109966583592572,0.7467317905526958,-0.14118102895615628,0.40408694654243854,-0.4744350834157803,0.0005298113046682594,-0.2670226574681591,0.8424509330263716,0.9603473013110412,-0.14365395416020857,-0.3798957259410359,-7.756304784967485e-06,0.01881790730215168,0.9437686838025569,-0.921540149173447,0.19100192400018454,-0.08305588041228923,0.4119593841869639,0.1814490110930711,0.19315738043197078
0.019129475764598947,0.9030356776100446,0.002105877661215068,0.0018319801931044738,-0.5589003641425768,0.008744305199546411,0.5476671173247881,0.3734417348828744,0.015112867119978788,-0.027057355497742023,0.31688497997644144,0.013248209446472987,0.00924656357724188,0.8290939635667081,-0.26328975098472057,0.02948445585514025,-0.0007795539670014009,0.28488507019957604,-0.01195037867349022,0.06971610518297794
0.2798818826225218,-0.18636458968259115,-0.03276641057636222,-0.11709175502484728,0.07497984641199876,0.009520567553621361,-0.0035271384671879706,0.09375719336831624,-0.003379489733822156,-0.0011065756421014532,-0.1318724657801711,0.01583471062033225,0.01178835634327107,-0.17656398650996394,0.25846193594892547,0.010585953489153276,-0.20219102180641849,-0.021519964480810148,0.010425848211652971,-0.22263522958833168
-0.005856043370532459,-0.01977465547641536,-0.005091748880829981,0.01867197333753748,0.003990600153709028,0.016878327091739035,-0.009127961791567517,-0.02094833264740865,0.017077039575144396,-0.01104943372050063,0.17635889423337445,0.0206542787681525,0.013775884739479917,-0.0017470506455623076,0.5130796662524525,-0.014458083571104782,0.033068334042649306,0.023033562983797475,0.03519236559629012,-0.05266272042970766
0.02158610230585876,-0.05010160571921966,0.19267138929668273,0.909489500258426,0.3547816927083558,-0.024292856715226022,0.08949500353380736,-0.26889087296996195,-0.005821096300163189,-0.006676466925074185,-0.04317977265195229,-0.024522892555701954,-0.0328870151932902,0.0032976452439370204,-0.8066848268972481,0.0008576713812337338,-0.04218655831737593,-0.1572230110727753,0.021561182621552523,-0.1537505676383522
-0.004632119856352356,0.01722006898543347,-0.021020558841777164,-0.0026047042100012224,0.021935595512561197,0.011151569215999713,0.05033601681092749,0.013887601324482846,0.015727291483882917,-0.008886182006642297,-0.012971857722957107,-0.0031863807734352936,0.018895897933445482,0.007635019155150463,0.005987912284872292,-0.005052832317988017,0.004342786585514824,-0.02918373913127652,-0.011012352398080023,-0.0013008134239035837
-0.5499766294078111,0.3296965974984725,0.3226590924103693,0.21294548935992416,0.6783697177538425,0.17398633035376562,0.23196550412316444,0.5734689625765215,-0.011682133158822305,0.2955605385123293,-0.2820781431701352,-0.014654600721548476,0.39450078498244995,-0.16849487297374524,-0.4927581196695479,-0.3068944136641799,0.44405253714377557,-0.726290779361758,-0.06294735814004579,0.35101659210978164
0.40547442008868595,-0.24162626287782502,-0.20175589419678816,0.0943185020728632,-0.498660068243683,-0.007086415250432404,-0.27354727194340545,-0.8613915418780713,0.0031765911335028853,-0.5296792486509336,0.019954694495744742,0.009689589338374677,0.0009416127225363624,0.4796426402931174,0.0769636790083147,0.624521900001781,-0.22330023418211029,0.9282897927411594,0.5955050388872253,-0.20236952735423194
-0.6266332092294249,0.537218421579742,-0.05630691531053258,0.24665548254376038,0.782995155124601,-0.009126939251350361,1.0700767777611686,0.3641898565921382,0.002050202109538512,0.7842600020811099,-0.32998343848116046,-4.652188829346038e-05,-0.014110336536242458,0.18082964127380455,-0.6938390231255561,-0.014771169384715541,0.5846900916553217,-0.6273235624975599,-0.3428176813232381,0.37409554690700964
0.027746172900464515,0.004100692710519447,0.10021241328538531,0.45197388748102274,0.0954327254579278,0.0005089061697590748,-0.3686563918307395,-0.18556545092240104,0.012743726856584368,-0.04069438171043939,0.020243075101184005,0.01607246849854259,-0.020965720470859008,0.08027746391623289,-0.41790695927122906,0.024538688891263812,-0.022514854049370814,0.771891031999394,0.028838996615377286,-0.06574614082424377
-0.01281926578571105,0.017879298897949942,0.019287966465083992,0.035417633348996995,0.00309462991594088,-0.011381492180600838,0.030615811239731457,0.004191015832826566,0.0013153537633850288,0.015217504462714405,0.8307073629961347,-0.007382383523134139,-0.0019417909474634875,0.03682010753282182,-0.050333905979312525,-0.005516411836407652,-0.0030921800515014714,-0.038038284030320696,-0.029182717500909228,-0.26835117725508406
0.023731191928764283,0.9785657921073144,-0.4101123618465771,0.0023802808215002786,-0.38682372330069215,-0.02013728701355565,0.06684421957876978,0.3661096294441305,-0.024766391035260085,-0.003864509221591909,-0.382306380203817,-0.026831309329129888,-0.028237150701144804,0.8278853833339308,-0.44618682178524566,-0.011882740367188524,0.0661480667183112,0.16516824269241365,0.4625218529617511,0.6518936461073219
0.024940200247441598,-0.02765960358521057,0.7860352068900787,0.0018984000798444988,-0.6018787963041075,0.015362426390951622,-0.15102709025062858,-0.20962909083652925,0.003979307149115074,-0.018769867505562775,1.1456866160126138,-0.011540530056847825,-0.018792424457044484,0.5760985010380094,0.15360412686234093,0.008998996127938478,-0.022893790853365226,0.3382863196629195,0.0028122088025628053,-0.19495960805195783
0.14963290188945394,-0.05830700039556834,-0.006847695739780611,-0.057161831500429194,-0.577316463645499,0.014776233836087853,0.13523877814113183,-0.29716571451282847,0.009824064601785278,-0.03337600779422253,0.7034132351490728,0.007666665616418284,-0.005127875415676883,0.8627144848797332,0.28996533596111884,0.014695797219109174,-0.13386462796814283,0.3260526534895072,0.008095796118979308,-0.1568282884576936
0.027163113324000426,0.07939259147246684,-0.3068192983621279,0.20991239115246813,0.1719801466071774,0.0028846195401372446,0.1882675157148783,-0.050349534228355135,0.016727462325049014,-0.021221181482421237,-0.6114568648401215,-0.008214535937446078,-0.005180468408314801,0.030835482050009994,-0.32954621069597095,0.014872768654350551,0.08683422074184684,-0.08807713658026774,0.42740633584834037,0.10081887348999424
0.04150990867964044,0.4747799382913899,-0.04272020378282265,0.15282545774623943,-0.2530162574982337,-0.013489158308213631,-0.11707311702747349,0.1686331472944991,0.371920649910312,-0.02810662117019649,-0.2122500777781587,0.002860872922166321,0.006722888710522321,0.5401104924413823,-0.6319497867312949,0.05364631930547394,0.24934627328204348,0.17010492731062105,0.06749060514880036,0.11443514593693443
-0.010608990161502437,0.0053311531419383915,0.03552179295399022,0.02012619837537112,0.035519410395633604,0.030008554732418598,-0.01791120900268931,0.05538121884195851,0.030618093688396998,0.007217896655374336,0.007501263514031471,-0.019646518273090212,-0.017925267480080484,-0.008548496122133629,-0.025076340685513836,0.01815522503313838,-0.006700401183984518,-0.006812990691956235,-0.015136806214939937,0.017787439151378127
-0.07725400265751146,0.0908488298988554,0.107795180898296,0.010424824516561484,0.019082904535277296,0.23062607504746957,-0.21502586187618075,0.08886450136070476,0.0009755209710562391,0.08310901959886734,0.0034034540133788278,0.029423975332945225,-0.012885528418816895,-0.10599321286020459,0.07972214035591843,-0.008314978347307716,0.06873587236997364,0.15338284286494516,0.04533564823476275,0.08707730197724625
-0.2457026002179016,0.5632828049929036,0.5231537054850071,0.09327174488360034,-0.07575438953140343,0.8968282741847153,-1.0481795346417973,0.3779166060133313,-0.005868094603874857,0.2780615651300883,-0.042139151013995096,0.008014180956444945,-0.0031101074582385326,-0.18511124853161684,-0.048318029988358685,-0.018172248830060973,0.6244380538614194,0.6744530492664826,0.0626927487924054,0.21967020642770566
-0.19807860168385016,0.11838877513568431,0.07136275988279295,0.0864687952537765,0.2347179208198107,0.07724097443915978,0.05773866884021875,0.17325204006706002,0.016505307832052864,0.121349962134035,-0.1641300823264129,-0.011755412359723293,0.12252799122499672,-0.052903086908711316,0.09495352173473212,-0.08862446615977998,0.14845966355967063,-0.2580824326260524,-0.027666911379639097,0.12820950413212592
0.0026558477482090987,0.003320303481242905,0.011276256847616519,0.012795242870140186,0.9061997004402049,-0.01731261984029445,0.2129326181913085,0.5866408689801811,0.004166786211749016,-0.018811157925881408,-0.508232876971245,-0.0025556710340452005,-0.005983779835579895,0.027025102114858705,-0.24708858575472964,0.0055093974339849,-0.01813561480843858,-0.4467624629608652,-0.005537460253187202,-0.11338407259319855
0.023774240226720925,-0.0024061257320412074,0.02166364917740304,0.025992282430325496,0.010698321414323059,0.007655510318778517,-0.026257897569294832,0.014708705585603686,0.009714929151717618,-0.010166088989375186,-0.0003997729322396753,-0.014876737154581892,0.009065979263098944,-0.0009112802467094155,-0.050813664546056916,0.008861492599417223,0.013152213067234773,0.004872875155566919,-0.006051616705972244,-0.011444078836667874
0.038591352129216216,-0.017189165194035145,-0.04057642303703843,-0.013986747022161912,-0.04083068435088793,-0.01665995974768273,-0.027816950863286886,-0.03809794772671938,-0.0074339786373661945,-0.021697086204763644,0.2654636229981606,0.01793477669063961,-0.03260094684232864,0.02152959344232729,0.03163722783687163,0.011459952476160884,-0.030578307028842122,0.06499014456810828,0.008608049133270708,-0.08529894006961665
-1.2302515105992247,1.3980708150787071,0.4669819706704257,0.9401685504709939,1.2153976513722513,1.0750936709265098,-0.5312945848358697,1.8618742212420203,0.9407032563466382,0.7236714002790835,-1.3931180606539415,-0.006389398122239436,0.8179893394959626,0.0034972834316463397,-1.3530169738003397,-0.4518472270817037,1.011624284369819,-0.7872950329041498,0.057273526823954535,1.0600370433955424
-0.06332511492394553,0.1743219884567428,0.4423304464154771,0.03820609520156192,-0.10540875926369178,0.35387374814747075,-0.23292811477776235,0.12291205322206529,-0.004616619948678865,0.07690346949753626,-0.10705363454407281,-0.03338167761129656,-0.009676657300182589,-0.10383345966511943,0.07622982165977014,0.025192876220815848,0.2020988396580207,0.42540528030311375,0.7334209813635318,0.11747499487866242
-0.00514175617295244,0.003657350303881708,-0.01844904055982853,-0.015272415420269832,0.6473580034871261,0.020556244051972962,0.16595187837824854,0.4011984931990374,-0.007977694012082927,0.01968351903408234,-0.41186009449168853,-0.00640631467596533,0.010517403558497979,-0.03391191238827525,-0.1510007677052554,0.009358451071425546,0.021345802146472706,-0.3275723267086656,-0.0022592582743249275,-0.07471433042906302
-0.8164138012439273,0.49972818048523865,-0.0731007457202658,0.3297821019536398,-0.19958491080635343,0.03017586182961867,-0.019558140731503325,-0.3731377166176543,-0.010621838187663206,0.9711353184840622,0.6358882727754911,0.014030930649723224,-0.02144136006094224,0.6653316311454807,-0.39467761596113293,0.00290392489730063,0.5844497560801637,-0.20875157699116503,-0.36073348014413886,0.5536288380884289
0.005765125749208419,0.8491952150723312,-0.01900196691007073,-0.03706029201441231,-0.4670135422277425,0.0014465658081844694,-0.12067047671464379,0.42161656250042123,-0.005163234781059308,0.005939099562702222,0.22363505562135838,-0.00878834378609386,0.008860255103956433,0.7525026800332789,-0.29875105609839026,-0.005683493501952385,-0.016527310804111957,0.22255446325871778,0.0007341762087165402,0.08458349994370085
-0.11414339334418823,0.7013011261901503,-0.29334613259773484,-0.022143421307684763,-0.43952148747786773,0.20064520801433938,-0.33294805916432146,-0.09957124609107913,-0.15662271677965595,0.11269165399515368,0.5604806246496286,0.836909101880516,0.0004401096991474714,0.8353439354230531,-0.7365379969827931,-0.046076669357762265,0.9384217073081468,0.3254271608715846,-0.034010161939277125,0.03881714632526648
0.017647387645828974,-0.026320878693707507,0.019953432708869238,0.005348658309742781,0.3504207553800734,0.021652168799601808,0.07874739025707107,0.2301145141419299,-0.007952694824368802,-0.001266672809433378,-0.19665838113693307,0.012622338952603394,0.029205641098838386,-0.04608511732641383,-0.05418801201855743,-0.029548721053513874,-0.03260471528026666,-0.2117102361891331,-0.0021671890373773425,-0.05687255579845297
0.14198244152804687,-0.08459389000031589,-0.007283245733659026,-0.09707321751166247,0.030839923865806335,0.0013207604883506223,0.028042285996390547,0.08517320707906587,-0.004067703540574693,0.032797628444408575,0.4669119501255289,0.0055967429675777055,-0.003898015697632134,-0.09563082988791691,0.19737523084865802,-0.016969761300888474,-0.11864325438771749,-0.061523375906987796,0.007949844329064149,-0.27051213544960856
-0.03509521719679512,0.031987345162299154,0.017460950091981158,0.026319811586788255,0.03545489065688922,0.03559978122511047,0.021128631858916534,0.05317741424079032,0.014422033329375413,0.00937140371324226,0.012971278374995463,0.0325311029454034,0.01467196256881111,-0.00864732349242892,-0.030445475734371487,-0.03503787421210876,0.05267239468502731,-0.041458402825688925,-0.01778562827499014,0.0017436087813901668
0.001723734954248192,-0.007962093006429048,0.006511625224082283,0.048830529618415115,-0.006543791469287677,0.0011160403867224548,0.5017131588571776,-0.046075342284568936,-0.004383117203038326,-0.02336694121003469,0.5955651566588318,-0.02654058804820216,-0.029989812048845578,-0.00352705563859385,-0.044592382259056734,0.01100164440560942,-0.017639130414073147,0.0079612774005637,-0.0031971225816213745,-0.2039439138660895
0.05665596114073971,0.3302853125799046,-0.09107203456613787,0.22540247114608986,-0.20436488998292754,-0.02259631633000934,-0.11226342060146877,0.23812809999374934,0.5445079983803854,-0.0813165434292032,-0.24835189017182177,-0.01263774075816855,-0.0018676586837124403,0.4545220463028727,-0.5264465737646805,0.10132658673354276,-0.06909382529987583,0.21013281786844817,0.09794073384875579,0.1190803001797773
0.57434693027041,-0.4175367001113538,-0.05127978294054088,-0.22261201603842276,0.08684109294428771,-0.0065590115239417286,0.5056594428990512,0.1811537361133606,-0.012588978787389926,-0.011229447740022942,-0.21430354793978207,0.0002628020302314262,-0.013805695452337983,-0.30766835141636556,0.5020940309834818,-0.005877395518181704,-0.45054548703366115,-0.021927462116406768,0.010977921564277987,-0.4041481665103088
0.3481467347261085,-0.1771568329483274,-0.23859554491076757,-0.13010327749883954,-0.6248079343560414,-0.021147681582473772,-0.25384537006438007,-0.6838237326137663,-0.0020417016858883877,-0.4050494076071735,0.10799471912358141,0.002203439354007691,-0.022812309212509176,0.35872025208667124,0.2759908100900828,0.49679436666473603,-0.22711799596251075,0.8147399094398118,0.45789479340006606,-0.10959711282981331
-0.07086528371382511,-0.030159509173062725,-0.22982262204708506,0.06776211481590902,0.030262673755410623,0.1444884356629231,-0.16088432442937595,-0.04726594533555992,-0.14540076085915593,0.0507614240078214,0.5400251841786927,0.6815892750808921,0.0008236364275713663,0.18628414610468957,-0.016887628900599062,-0.03144396927269094,0.05316634136202669,0.0699320829060704,-0.028567774204362597,-0.1043183340080738
0.08343135461075199,-0.03237654633732935,0.523806246217775,0.16809643299188465,-0.350517194795309,-0.009097724312573042,-0.1394649174589112,-0.2688023858681242,-0.004819186822684547,-0.07968488923212091,0.6824025705592871,0.003875168218458027,-0.018485938092859356,0.277535013124304,-0.0518563891198894,0.10992011779234151,-0.06281563418545293,0.30284383380066104,0.11225117176761283,-0.1735828340114399
-0.029631807004214188,0.03366505691325584,0.02166019057850859,0.01570423057273605,0.0413048427635933,0.006077633098014585,0.8192475202635144,0.03979255664927607,0.01644456572842899,0.02345838847272009,-0.014936597188039155,0.00226460064279538,0.03123315442984438,-0.002217544903871652,-0.022994364125290996,-0.012110860295646285,0.02135058668694627,-0.07013965332628264,-0.0024583104805738485,0.4002729801270824
-0.05650211040472082,0.020065456568131194,-0.024886136067775667,0.00839335866152694,0.014032234099101024,-0.005788833059905935,0.010987610837939928,0.007527378659692634,0.01505044025271461,0.013224466166508693,-0.04273685103603911,-0.03208212191524819,0.018035622624804713,0.005537743119390502,-0.0516852611410901,-0.0013309271269134459,0.040535711947273005,-0.024429343584997404,0.004194334181138607,0.048612927625858685
-0.023887643346039808,0.4654648155895411,0.01433112727995427,-0.020920204672540875,-0.010219842445828159,0.008921012223316802,0.010541819199388569,0.36688086813236204,-0.007941132783186849,0.019975674529814164,0.0209815476570922,0.0061425278951852125,0.013311386051119499,0.4165530904149534,-0.22654133949494437,-0.004613816912802167,0.013868724732534345,-0.02096992568810722,-0.015202330313493304,0.0040959859117947
-0.0370484667608372,0.03724136826390022,0.10384351288592801,0.03182697354044731,0.0010152005588662475,0.18420604286078698,-0.1903224535591494,0.049067497083181456,0.0062053970551192664,0.046602362921911514,0.02740207655414672,0.010793353929183933,0.009835568444655869,-0.06813597479533638,0.06777689585117151,0.00806990335513253,0.023613058305049492,0.13634344227678769,0.041151525968539646,0.04438683242313528
0.35467630989369736,0.5181175819575292,-0.6769460494677854,-0.14590129122667497,-0.3307563577211404,0.04072569387619185,0.05563504126088021,-0.25062296530552786,0.008489520173409277,0.23737317014770284,-1.0824182177254222,-0.012558503650957436,0.013976751944432392,0.47880964177500274,-0.36989480959823634,0.2537602102852082,0.5908681547050878,0.3375467159927185,0.6835922048777606,0.1609152034783612
0.0007181580391435027,0.12331454354961749,-0.5339974841880584,-0.004516059904507635,0.1681208358504238,-0.0066263346269361595,0.2598239061499751,-0.005030292878123836,0.006563202889296651,-0.012469348726987527,-0.8566216353251808,-0.02061673016144379,0.021476698277440556,0.03524439031883395,-0.15834029399177818,-0.005079258434365329,0.13733595110319416,-0.06437568200570415,0.6261308297585706,0.2445437908886493
-0.022053886112033676,0.030546028202931015,0.009054101042886118,0.014832761972850245,0.03136925561095254,-0.0016993834980164654,0.7826725071051792,0.02979618418827859,0.018988624004948985,0.025058777595615207,-0.004990646806365734,-0.006556020482081799,0.008136694537079641,-0.00014056912388384253,-0.02124112055043035,0.003236621259035093,0.031045385063428233,-0.017890123285237456,-0.029849431232350506,0.01807762748912983
-0.01798371529691453,0.0017983259973174872,0.0192606248985467,-0.03334855973906952,-0.20076933175606107,0.02251538234707811,-0.0559837108105475,-0.09697417795584519,0.006829392246893301,0.023577112094391804,0.26671911443303864,0.0033871991838798376,-0.008828500765336277,0.3036313458438563,0.07656668337426131,-0.0035136561243876503,-0.0010355452922982244,0.11209892757507452,0.014276924945677444,-0.011594628509061351
-0.04133324030966151,0.009440570074548165,0.006082827632461537,0.026169881168727364,0.015159068800702035,0.015885700602038717,-0.013353770693456703,0.03566321676026901,0.005431311743699939,0.021900587290344872,-0.02670978669215154,-0.011505817576106036,0.013563580872404982,-0.009301931174739967,-0.04706068599077739,-0.026483857927642917,0.008507780972468267,-0.016909836622241922,-0.02617750254539882,0.01028756530757075
-0.9325248803157254,0.6052906310742379,0.19390688587922586,0.38772297584690857,1.144950849040271,0.3283320581135554,0.17749105737676313,0.9496145033465845,-0.00579661563818731,0.5015951322293821,-0.7177324321603725,0.0016686206617431872,0.6192152498253247,-0.26094781855587407,-0.7937305278697466,-0.48415129271638496,0.7161144260428367,-0.9904400744362511,-0.12694531309134252,0.6188227883052255
0.2035783267144754,-0.13358778784329892,-0.009938555605537126,-0.06765341686946263,0.012681000896581755,0.002620088596855203,-0.0067711395048324,0.05512297354500982,0.021316788071950185,-0.012198557493648725,-0.09138199657880876,-0.006498661106235998,0.004516174823682635,-0.13029348091775012,1.0574974923189466,0.01627190041157275,-0.16894607573857398,0.006312229702960363,0.023876338143016845,0.20458043376812526
-1.4911827204645252,0.8746166110088252,0.30953018520420217,0.5911834334964183,1.8498734558165892,0.5129693969539374,0.5062671331776523,1.373857165604677,0.0028890136808983856,0.7765388642837159,-1.1493208183857948,0.014661049924137273,0.9784567663307806,-0.4314750599988406,-1.229664133791048,-0.7346685059516533,1.1840529743958905,-1.910940152524741,-0.19063038423322654,0.9874368924036123
0.13539069194605907,1.4142056600758541,-0.15617204420199232,0.33122806491489915,-0.8998776987526672,0.003925311935720623,-0.360346312978133,0.2800103128358999,0.8783897140384566,-0.13091880886221977,-0.4796235165853718,0.007099685241573667,-0.01886387705906912,1.529083796399341,-1.8152673262838785,0.16377281660349652,0.9099261688879554,0.6406730883182387,0.17229643861179503,0.33643355385528606
-0.05433884061771533,0.07512455245591093,0.1486807257611174,0.03038790145172576,-0.014554347029717286,0.30339141553301957,-0.34016583560721825,0.09022358825624771,0.0144026250210875,0.0828253448117419,0.020575265362543102,-0.006638670883928397,-0.003691004269355569,-0.1597248018931038,0.11053026312027209,0.026540925754597725,0.05331300053067392,0.23964114902330444,0.06030889596308979,0.6085981213948898
-0.022346717785964847,0.017708063881682685,0.009367158725350638,-0.026362888946126123,-0.016361540260714222,-0.005675714300980327,0.022892022100682613,-0.006624111694345227,-0.02656090736243731,0.003085186280888586,0.3341652007506682,0.0036962860346448053,0.010221663891920538,0.002261223365093974,0.013961981921544728,-0.026403922961003714,-0.0028728534923114614,-0.012847166233353437,0.004260014762598661,-0.0767096771067517
-0.021570479456723322,0.8561164784398749,-0.028022694259856196,0.014033852548056959,-0.45420675536538935,0.020918659477779763,-0.6354066972761039,-0.0285802775638657,0.009221132442176382,0.03645635866364767,-0.13170924800470746,0.004490676441826216,0.0043620061221885395,0.733754694443798,-0.9849429343867867,-0.004497928991112718,0.9627962468506664,1.1702572283194184,0.005546457914698586,0.23565582160280268
0.03388366195212882,0.04669438728444852,-0.23560006698979083,-0.002539052164407092,0.8205717217596779,-0.021714833698284475,0.29446539822856904,0.4790508557550339,0.0045024282950730295,0.0017944316851123002,-0.8183071195991163,0.020944520844150567,0.004086353773802865,0.03337055660155844,-0.21871470239470275,-0.0017267785146039077,0.03597835789336815,-0.3933100691305935,0.27451396137130674,-0.035145967763908416
-0.014340426700946958,0.07339779477073911,0.0320934205487116,0.0045035561934521524,-0.017197490117810847,-0.007679609633683611,-0.04904740533552225,-0.005131449264951345,-0.0037297077303466075,0.03346679047606535,-0.01085520394278175,-0.005177904599616221,0.01888412504061393,0.06149437674631776,-0.10474246162401443,-0.029954540743184814,0.07955013859496102,0.0674983566288076,-0.028682661425603603,0.017487717487639744
-0.4751778354207478,0.2685362127934409,0.707458620131169,0.16291262899538775,-0.1823761744680452,0.0062902215144590296,-0.08734934685780155,-0.07649175680637954,-0.018273494450814047,0.5821624790460689,0.8399858500539131,0.0035534851236646457,-0.003757526553591195,0.0892763975216405,-0.17059419577839036,-0.003671914692292162,0.31937690659389517,-0.06000290474034707,-0.22762926506117795,1.1594871082997276
0.029108247417351983,-0.009175317111960818,-0.0018991116087413878,-0.003597763641079727,-0.0066999179760388545,0.014423508495077779,0.005654873155966302,0.006037520138558192,0.01962696926472277,-0.016926214944578823,-0.021034304985377325,0.010581230919659462,-0.00034028403437849977,-0.004507099703539219,0.014720400480275689,0.008158947166613568,-0.019059841127390734,0.01046857803529607,0.008207484042316695,0.016800628869299117
-0.20237831580126492,0.1385824215298663,-0.03133025202434959,0.10351217057741877,0.016959002495717985,-0.009464796471683017,0.011625285917875117,-0.015226826885102547,0.053884091483885926,0.23473930129340337,0.2741539513385304,-0.02936157384285746,0.013620788175262173,0.0588550693560255,-0.18005202944939797,0.03279788029685331,0.1464502552475374,-0.06847222125839812,-0.08120846308918246,0.06789889183983217
-0.02280473088006392,0.7552730968245307,0.038350989726869775,-0.014914730770761983,-0.43380499444125314,0.013525033745546287,-0.12684455196492497,-0.04596726736699341,-0.004536489245533063,0.010254635508470897,-0.07194629406395467,-0.0006530904091130961,0.012951017612908646,0.6746486953885533,-0.8772431531151432,-0.007553481669059062,0.8938887058980169,0.2261499010697087,-0.010834081269759025,0.24651927260313833
0.005142406958258034,-0.007004075073498085,-0.02298472771495271,0.0028380487695007155,-0.014896578946349041,0.0044433605401351895,0.009169498037443106,-0.021924908506703984,-0.012056298619558018,0.002350531992306672,0.022328175856978903,-0.0013468639429495381,-0.001957253142563027,-0.0013068519194781426,0.012613234209163798,0.024553189602585762,-0.041056967266953896,0.01668065179880512,0.02779500020128111,0.0011446599117141184
-0.06119416220941237,0.08991938412899401,0.1498560917464614,0.0542559393248132,0.014341610745227058,0.20827901148582706,-0.2605420177602001,0.08358526061636071,0.020832884803375612,0.07934350752738824,-0.016314358352741726,-0.003986741644747958,4.3884399101769105e-05,-0.07874227669643248,0.053782096453229046,0.008554523893824148,0.0437760298244482,0.14169916489139123,0.02140477967017096,0.12633510034089912
-0.016613720394926933,0.9908244075824515,-0.01118795948740194,0.024312918187199398,-0.5048620657594414,0.0035182106518785467,-0.1161998587870456,0.45200935983059654,0.0004972586501469059,-0.006291910557244017,0.27341701473406305,0.030180707386481584,0.023916828504277364,0.9021054030290588,0.47433926406610055,0.019094152593468364,0.01287121949622313,0.25402741761615455,0.027979928518759557,0.2921587344377496
0.24562395764594214,-0.13223839202422955,-0.16043255846560464,-0.08414594733178532,-0.41770507810057855,-0.027661321356770942,-0.20546070327635366,-0.48754550523614587,0.0013882122459196958,-0.2728330214368853,0.061903395164288166,0.0019403579477036944,-0.010817232795319624,0.24977285227564747,0.23300234388656813,0.3511150512597628,-0.15786094025860384,0.5820440667886247,0.31940819257137454,-0.07915319331512882
-1.391366594115017,1.7574067848767658,0.2623628304253974,0.5412050246174702,1.3088005128530094,0.49504202899266114,0.38073287603488154,1.8136203794539933,0.015891057821493495,0.7288547072898475,-0.2797717704195857,0.007275547760447134,0.9749805845115266,0.3939385662953036,-1.5388031658866101,-0.7136969633784248,1.1060814145936873,-1.589259050754187,-0.14812731998824052,0.8318529160559246
-0.08999686081037667,0.15246283123784551,-0.2717410377316014,0.009827722897773498,0.13529328807402702,0.4112638640594475,-0.20462671557355924,0.09439785973204236,-0.022681428131661012,0.11256512774037593,-0.7478232332329064,-0.020363812409313897,-0.0030620234360318223,-0.21946693628652955,0.06139925373446957,0.009908554925958223,0.16201762615871185,0.2579971138112096,0.6325245805077433,0.24985933970744545
-0.002619200270726981,0.8296345021390459,0.8160053551437644,-0.005304624680783773,-0.7802016396164444,-0.03790455503050531,-0.16373415901010957,0.3542021895496745,-0.013668860277955294,-0.010553374617151223,1.9436032392572202,0.002886223918710481,-0.003062690373102555,0.846778126689343,-0.24622168965058833,0.015695072492474073,-0.003840198210415648,0.35648664892033544,-0.00581242167356231,-0.3759923686752241
-0.010794554711096884,0.03403040764740401,0.0023780731740725113,0.022356814739100218,-0.04846928492505059,0.010394315144290555,0.6904753581565891,0.005290711059623695,0.0026804868190878905,0.000965481904468365,0.032201829394690795,0.0005182861925135144,-0.006324167711001619,0.08387965075114337,-0.02726272648147758,0.028008221216710566,0.025941028822402498,0.017683440336854237,0.0018550713426043232,-0.035508968143148634
0.31730804382879113,-0.26698581638158536,-0.04317341689646033,-0.11297521397978375,0.10409820962121327,0.0256552228420574,0.02014242414121557,0.9949805779267762,0.013258733718984912,0.34147158679101763,-0.14194984896234739,-0.010736220179546122,0.0408233667922214,-0.22084621705006485,0.41732273646326595,-0.017457729919166765,-0.2683508757548255,-0.16288647157355102,-0.11609577843836127,-0.273434255167594
0.008309011776855665,0.39791112509686327,-0.011878374116588854,0.010841592827801543,-0.23596909980740424,-0.0016713386251578036,-0.040266291369968635,0.0004477296232458256,-0.01947337190160236,-0.003806470763465984,-0.06305344617146824,0.008836283809169742,-0.012858603524205075,0.34674523661393386,-0.48242148678581764,-0.0037140300011121816,0.4717017672965964,0.09646618790794849,-0.008833081254148858,0.09126411342212301
-0.0021032316478943247,0.4072878997302603,0.008206915454560895,-0.025462583446387545,-0.22693587569851228,0.011947664676446052,-0.07413519879296092,0.6916287361086506,-0.004715082850799276,-0.0063812624962114,-0.04893140584617303,0.004433046629700221,-0.016068222598977867,0.384835405423998,-0.48336111144971367,0.007509722786678134,0.4716416825847856,0.1261167425662857,-0.004379070330818214,0.09374894612979424
-0.31199086035372386,0.15509183076782018,0.2858307291443545,0.7831533563115302,0.6019594894624032,0.11180438695994284,0.8274194937651347,0.10862485619952895,0.023686383548256744,0.17086803782779325,-0.18529441233931895,-0.00567148401498203,0.1873831719600314,-0.07333008900984643,0.03764290216549476,-0.1451962925822238,0.22177524670485474,-0.4866431113213916,-0.064779464443297,0.1403467518453188
-0.01813976233603708,0.5686581939734785,-0.21219647159379512,0.0012019674138398452,-0.20115400103386857,-0.0007519734662459272,0.07961223836633698,0.23719182129355218,-0.015354670983719863,0.013810460863496134,-0.2037402103332308,0.002658544762445765,0.03339414445824395,0.48987285209464976,-0.2668475477874555,-0.007812203558437615,0.0652599615161002,0.07309942256608924,0.26677609153656373,0.12666987555896464
0.5797472608862597,-0.37202380845549704,-0.5697032004809689,-0.28002287430533873,0.38933535550643406,-0.010144407078604973,0.3468528098338653,0.2957875118009461,-0.02361944194154008,0.05995454889304514,-1.2492203902476426,-0.005927909565183622,0.031411733331519594,-0.4752868984463579,0.42107202860037674,-0.03387596300854595,-0.39077127365801206,-0.2738038200096807,0.5777142356906082,-0.23786901740625543
-0.028362408561217516,0.8685362738871661,0.4018558979894732,0.019534222455294924,-0.5522810767816565,0.17690625747301905,-0.30103943613560236,0.446140840295048,0.01054636990400492,0.0425470522815385,0.5771735266125706,0.007867242779797945,0.009769840511393825,0.6621472123826845,-0.22625176660286125,0.00017813598031160387,0.029486467872276115,0.4039343532781031,0.021204963811293456,0.05201373162923471
-0.009765365501731673,0.03652507061815683,0.9102277667462243,0.0038254763127344134,-0.351795844460524,-0.007659525341306063,-0.07973907406911705,0.2164239826747127,-0.009098287076189692,0.005679594129156647,0.9430872815232251,0.011462074246712143,-0.009298560059314953,0.13276824925786476,0.0666341298830969,-0.009101424104031877,0.003908329507437848,0.1565146215384396,-0.0027262651322659866,-0.15740422334681817
0.5338648339734621,-0.405585093577573,-0.13084545055568744,-0.2131405987339774,0.261303553911949,0.014105058968641785,0.07126991350080807,0.2754062876424402,0.009178620083957712,0.3845322394409289,-0.4462958923391449,0.010201171473780923,-0.008527943442347377,-0.517925841966828,0.5575078643269633,0.0015941148643360914,-0.46322697189883216,-0.24222193475532514,-0.10853561031848047,-0.3964067516228291
-0.6295002834732025,0.38584541882650514,0.751081972066033,0.2647770388462876,-0.7063766288834832,-0.013977372934199516,0.3234789643786906,0.2696459556343734,0.0035316117796027283,0.7764140490702247,1.6322896063885703,-0.006661430945653605,-0.01952145465870321,1.039916280087465,-0.17687730468816937,0.001388611137590489,0.45955924330338993,0.10952783005026016,-0.30079458758448385,0.2724251080345518
0.35295761473569565,-0.11986330775294395,-0.5538548107594465,-0.15575487776261518,-0.5456739757324627,0.029327782793441094,0.05745461354308115,-0.6432991240358055,0.00443268651369658,-0.4000096208668747,-0.4870687687238186,-0.004217746473065796,-0.00016965884891060896,0.39303017436557286,0.20140791669313768,0.4758743042424966,-0.11273727300881439,0.7903912274806435,0.8805999084112804,0.7358135179451684
0.025491358827848025,-0.049051511890151375,0.02058786762284441,-0.013096289451718778,-0.00462068425492192,-0.02183292154798376,0.010038313249685241,0.6310736023789298,-0.0012849889388702566,-0.005288186923396046,0.039163601182841026,-0.00022300610594604836,-0.00970337683274915,-0.03876009789892012,0.06594522082242948,0.004546075444571592,-0.007061704743340249,0.016864730272484047,0.008847260913270493,0.6201193788992027
-0.011318530774620176,-0.0049009857709574976,0.009472511267286566,0.007336260695180093,-0.010197114084665863,0.0055930958309664165,0.0004893901878082006,0.022378475727977055,-0.01662791695268459,-0.019232848190930775,0.006042674358694072,0.0004595495896069047,-0.0022110216998929805,-0.0014262776752651824,-0.02975670572734025,0.007520745820205349,0.0036247190901229982,-0.00778067358265742,-0.013758519611655584,-0.026596617446731367
-0.21038005803319274,0.2868660964036033,0.02117132736135257,0.07860492683145656,0.04068075721216845,0.054599299291201,-0.016159208186369987,0.14474558641221463,-0.03390657296728187,0.16422143836355504,0.017105538757867356,0.0253520323395376,0.08833247968965764,0.13046515315042775,-0.2221570908205823,-0.04804173036120786,0.17156475730015744,-0.14511149831706324,-0.051721638943339046,0.14033530277329734
-0.02256093217477425,-0.0034833614802399736,0.012931771112464473,0.0029914638854607366,0.004618024523202157,0.023734766353741745,-0.03633438666325125,0.005764357774724088,-0.002658617198973582,0.03209849086643031,0.007582186054495796,0.011559186318916639,0.007476358076021203,-0.02559862426573703,0.004753847826612425,-0.002761346763050709,0.004986829693974092,-0.013278338873236257,-0.01708376832367543,0.02486717938906128
-0.33924979098439556,0.2277812396937648,-0.01881324961823303,0.13229925146730992,0.04849071354595663,-0.000920954167707465,0.033357689671391653,-0.0772590678515391,-0.018554306910431667,0.43148771105652867,0.024896018452719205,-0.002079087673904435,-0.008730296340302025,0.014428966641231236,-0.20466019149538298,0.026361065074448128,0.2743169759950093,-0.1632506595284961,-0.17227528298447148,0.28302270946942537
-0.04781510980767406,0.774553939917375,0.15485933988799058,0.6363438251858486,-0.13544907752956373,0.004031567433662562,-0.055010587988885445,0.20744104952344516,0.006655479071411542,0.03293523565617315,0.20089478531894267,-0.007432804896390436,0.013006956605335315,0.6871759341933067,-0.8654811834083347,-0.024835471536282235,0.030715687210265446,0.04329403377491478,-0.017108427108002595,0.021197570729544875
0.08350817806744576,0.3616436311690664,-0.1030375399108731,0.22068067022209895,-0.26485874621415584,0.008954497138428474,-0.2134786613992683,0.23639678254035693,0.5771464281359279,-0.11583004620978599,-0.24059706321521557,0.022341992660797984,0.013207757782187877,0.5230950664536208,-0.5087296020142033,0.1386758277368721,-0.06328784662774195,0.37730464607984543,0.11231081793500924,0.6639383729650777
0.25084371167467867,0.6434205058271711,0.32672473900590865,-0.11459125547258985,-0.312350675040366,0.6263769091036977,-0.5369797811731748,0.744133457220414,-0.016379161912889503,0.18846361395054215,0.09421309993336197,-0.016567570291581207,-0.008251443658100467,0.13566579616706484,0.31786627539728,0.005191132233737356,-0.1720609000806652,0.9359491829611836,0.05010895261088474,0.6112095868742223
0.19712662553813182,0.20393109113702995,-0.18157581425964178,0.12559748133334436,-0.48996601994511,-0.027461611432617668,-0.2127358913382741,-0.13468008935703535,0.46703597786946954,-0.27312362500941156,-0.15922168975235526,-0.01385902145606442,-0.00598493364533522,0.6137255217189117,-0.3410630747570819,0.30028607141277225,-0.10862537528483153,0.5851776805657093,0.31152853254050955,0.05298795297865799
-0.016902274144661254,-0.005800955946896514,0.010158564048671041,0.021119471243261162,0.014629276954582975,0.010891219868969544,-0.0022104705440829384,0.029660687632272302,-0.004672730325668126,0.017525994468018537,-0.001145681900797604,-0.001312938432643285,0.0003392381409492943,-0.020236139570896226,-0.005905998913626719,-0.026205228568313803,0.01741725716564866,-0.021390956195919932,-0.033605295162014534,0.016326989839112044
0.005661545450387044,-0.009867217710267238,-0.02274943236005704,0.0001989221783015257,-0.02689693973881504,-0.02497464984257653,-0.0009546712351850206,-0.02894124253816583,0.009553519560319383,-0.028363023808485807,0.5123466195252298,0.006672061108085983,-0.008804930499992893,0.02508169119667073,-0.006864649648573166,-0.0028002592141252603,-0.0043996531538396475,0.02844565821754255,0.016432293779345304,-0.1826547584786449
0.022519945690878285,0.00170194407472296,-0.007587533397654731,-3.669290968718111e-05,-0.04114842789978047,-0.026493720671865954,-0.006485355910565308,-0.02855425665655685,-0.003427796792047126,0.004384071185020507,0.32559051886458235,0.009742221800546909,-0.008908145140933162,0.0005559084078963304,0.028011465853003244,0.007538688400106767,0.002029648441615576,0.0215530135198507,-0.021419186793627108,-0.1346403398077926
-0.04680769291647178,0.8275184678404222,-0.2636940077053833,-0.019567324431963677,0.27761071584196784,0.19243001398690096,-0.11470427687866444,0.863851945593598,-0.1490999390728126,0.10392694676065989,0.44599320403442677,0.7350489226660352,0.036140483856622045,0.933855723791198,-0.39712144098785024,-0.03115025401762463,0.057550110532925296,-0.04876159017702969,-0.03832963266871468,-0.17636812528073104
-0.046475606948310634,0.0989410811995799,-0.8199742621815562,-0.0405743085429515,0.9934579029486736,0.1302924074125787,0.4126570906713489,0.5477242431128738,-0.10956030124680322,0.08436713075985017,-1.1027186066833659,0.5199609542314305,0.027596269018372557,0.12572045787548486,-0.3151056971045113,-0.05157103044969659,0.17147361280504364,-0.4968276775400723,0.7574833501339013,0.05885233189823258
0.0026715120227720594,-0.010241530783993615,-0.014709903660295504,-1.82304199138211e-05,-0.022811490063081186,0.000923496543160437,-0.011430189547593558,-0.0011246336886310392,-0.011677755731157622,-6.218140404542962e-05,-0.01152132393723173,-0.009927967566735751,-0.0032809883694085683,-0.013980131870562344,0.003867906709620247,-0.009351809601055786,-0.023589992326180698,0.036206884630301514,0.00784808217827149,0.02011782538683926
-0.03383249378279778,0.02761207450651975,0.02458981974556922,0.02515797046235075,0.042171579802153594,0.01220036842752623,0.010163486028164049,0.024414899133775887,-0.0013494730335932394,0.010737284424569723,-0.025788670238377772,-0.016836217427709927,0.03038843307040228,-0.0319998675101065,-0.004733258116251195,-0.022210973964209374,0.03027965901418316,-0.052726546336562805,-0.03428959772824993,0.028832109024310295
-1.2298357515450444,0.6740506434180871,0.28328148031374933,0.5066254815789569,1.602243217377693,0.42957119122539683,0.3939187710006131,1.1676888583828868,-0.003882351164269971,0.6629576160596622,-0.9982429698974483,0.0018578428816484935,0.8459994153960653,-0.4246219031499999,-0.9914356470785611,-0.6299845612119954,0.9731383831833744,-1.5877995081428635,-0.1595557842190032,0.834322702172919
-0.012302287229663887,-0.007569400594201518,-0.009641780226236392,0.01750701038366847,0.39370947273742707,-0.011547994586314456,0.1295501964708951,0.26100153944365145,-0.01146610885209059,0.01852870274674471,-0.23533993161365566,0.010705361594604538,0.008035750981101824,-0.012570644726260186,-0.08134318264777597,0.0016378403638520646,0.012930338390134957,-0.21896121990646103,0.008803993334431885,-0.054677194151372774
0.016913879684248147,0.19747137393389932,0.004410610141538205,0.0053583955874866585,-0.13486344685479887,-0.010978149061190486,-0.22382642829693203,0.044146727964798335,-0.006599509214578241,-0.002722980946837884,0.08624139109550873,-0.004814891579812037,-0.014091456481431688,0.17204092577472666,-0.09700898673032933,0.009601603640834476,-0.017567332211216136,0.4901643843061603,0.005735018364337404,0.7975408202650351
0.6921089797669312,0.8420481777211856,-0.23268231884437884,0.6612990005017894,0.07506741518318868,0.8904853865696681,-0.760700050746907,1.106664805438634,0.5618889584185963,0.18972541691335942,-1.5677685242333468,0.017118458117906916,-0.013959640154696435,0.1541088938072478,-0.5297815159107687,0.10204796415774378,-0.3835759634137221,0.7035870915783163,1.0458231624918566,-0.11824975071827318
-0.001088365867848645,0.05391181208879804,0.18956658624531614,0.5747623709187399,0.16531946877880427,0.0029383688650134643,0.5706760455979321,0.13487302898918482,0.013431802543546666,-0.0036639454019771218,0.059062652285166176,-0.01179134186163125,-0.0141441958344027,0.0661072713145561,0.21349192786476331,0.012688781638537278,-0.010060997406858594,-0.09719563894028954,0.014224904853465059,-0.08086122521880977
0.21837372806940492,-0.010833870311759261,-0.17154937899163267,-0.06646794111421116,-0.45483104681384545,-0.019496942082706834,-0.16706994878981482,-0.4035535462167422,-0.005610514297180308,-0.27954233439796483,0.06328228879505549,-0.020917909196801282,-0.02206988096869366,0.3515185487610594,0.5011869609311813,0.3062395793512467,-0.13412044056329317,0.5797852937055231,0.35435953868962466,-0.03694582044154484
0.12522543820199006,-0.2206079118105605,-0.3354216244326592,-0.12626030992767323,0.048423399410141774,0.20638058401836867,-0.1528219854837602,0.05354504362899728,-0.160271812200878,0.12666473995168653,0.5933540085787421,0.83729120755471,0.00032318201674370764,0.047126738751535543,0.29710770230361166,-0.042856775643938826,-0.11960886089994525,0.05355000468076528,-0.050359396242187854,-0.28871930249240746
-0.1598749657511606,0.1348357755351437,0.3918449806506176,0.03709293169064401,0.0633520822935111,0.6639196775303016,-0.722727947324663,0.31053687235760646,-0.011754658686721108,0.18378423494085142,0.036358873457700225,0.005428602942682013,0.030638551720052594,-0.3792342577971546,0.30690096597601,3.826288491024128e-05,0.14949817895441553,0.43508064958515213,0.05064187889581562,0.1151277825731026
0.11742822196899448,0.38798164437055593,-0.08710096885251879,0.2521722346517924,-0.04700867611935407,-0.003508375893354133,-0.11174578851454994,0.4441322839111362,0.6550605681575096,-0.13192178521416387,-0.4095349878829189,-0.00171694983604482,0.0027722966364404295,0.6067096166962405,-0.6378940494916089,0.14453203620662125,-0.08437578890849139,0.20025050995843602,0.16295493954738255,0.03788767828741981
0.020030709831463055,-0.038547986431134336,-0.0033097003096075293,-0.009665585533797923,-0.22655527419037322,-0.033393659939680305,-0.07447586778214237,-0.2115383997994905,-0.028176641213402714,-0.006933441135866291,0.2932476744599391,0.01332648343134552,0.0019370949590871746,0.38820931157383054,0.10840400897828004,-0.009639055798974849,-0.014361506507213448,0.13146370121419249,0.012122131490761325,0.7971292004713584
-0.036562893231743714,0.008784136134613273,0.037719722707683076,-0.001156467127204781,0.06426897481803057,0.09125417152099223,-0.05207834039781913,0.05003022412357687,-0.008697271315672606,0.04207980692830799,-0.005367989358265235,-0.014794302891727132,-0.009432360979353502,-0.07034177032725913,0.05463341819275277,-0.011279786541966139,0.006574521264759189,0.0004357885046030376,-0.012454041676275255,0.020129755355374666
0.022052107061134134,-0.0336670614614505,0.018415267969620928,0.0075442570034881095,-0.0761370291390858,-0.02243328319080342,-0.01993738140105085,-0.04026513597775845,0.03914311541520189,-0.013696208638971644,0.016853362969115392,-0.001628702767759325,-0.029464930368014702,0.030844479032403296,0.04673028414352903,0.02476360685524232,-0.03517846352455368,0.04497708830165675,-0.007554470581306907,0.814160496635401
0.01497371526527115,0.010751041392822198,0.009478366781732857,-0.002208914373956267,-0.02865220709170164,0.0005069806834578936,-0.02672602631539739,-0.030134447055685788,0.008681515548001468,-0.022377239044144355,0.010652032027371429,-0.011100900172319624,-0.003981031345583603,-0.008278777501941769,-0.012510952999445168,0.009476152532435425,-0.013938293478434317,0.017760237547207864,0.018605408365968246,0.011223865919945036
-0.0010453366629215796,-0.020890254710154998,-0.20344209095099688,-0.005182960732021766,0.032488214770815774,0.001071746894373215,0.0742663893743308,0.1628296931969585,-0.01156489831429399,0.0017412313862180872,-0.25689126340633567,-0.0018617588892713387,-0.020606120458758738,0.017585780083506784,-0.03499840551513929,0.01268710076247885,0.013952682876154851,-0.003139953682501446,0.21046510959682696,0.054607711975422295
-1.150238331868008,1.664529102014718,1.0571567162979174,0.4659024347846626,0.0929195070809101,0.4021548894936576,0.06893592555635114,1.218671188793319,-0.02014378591510877,0.6263613977688025,0.9402505723665161,0.017936496061788328,0.8015431701633624,1.5378854753968967,-1.1145849809196116,-0.5878855669520285,0.907754654627579,-0.8270884328795136,-0.1325518744663822,0.6675820191345413
-0.7154213179511638,0.4924876475629645,-0.08537746242881876,0.2904122278248675,0.12232872046262967,-0.01582774164065865,0.07973089988175588,-0.13424363735228081,-0.007257756214123572,0.9015573021627292,0.1275275623377078,0.022926005244597075,-0.023736797004359392,0.0776460611612299,-0.48263028622657417,-0.010290583324680889,0.5493464967018887,-0.37988587239009464,-0.36080697082108615,0.5402283484253171
-0.49833088520580915,0.302724636202521,-0.05804164919981118,0.19479568016099505,-0.3937170963840292,-0.027578657914046338,-0.059638050040188066,-0.4011658776501977,-0.006964832996264908,0.5815142854165123,0.7082065001073112,0.02952010207011466,0.0025755944804012605,0.8439669167184987,-0.19257537059507715,-0.01998912357226504,0.36388802816957133,-0.03858923997318476,-0.23745921781992002,0.313325271943114
-0.035978764365895,0.03859776291877408,-0.0025592754832659288,0.036986455864541815,0.06165840927536062,-0.001247352066482665,-0.0003181102796136915,0.0343224266315731,0.010769386835389293,0.03874193431387902,-0.05265287717161385,-0.012436226786896836,0.01479860481051963,-0.009005123342095267,-0.026181493627897526,-0.009507085843616597,0.042094684495116996,-0.024623457563956105,-0.005408301081472321,0.03608145999639182
0.003973547407225934,0.03323199812995209,0.03812318472213029,0.01512014957605498,0.0020687149551681986,-0.010857114000972369,0.006241844620798274,0.03600345410806874,0.0023311818966674294,-0.013530483637111977,0.6153871210025164,-0.009327416443755612,0.005958957054388448,0.023154342461124557,-0.039150287940572216,-0.007160836741001181,0.021151440047116214,-0.025142597256483164,0.002194276025305733,-0.18771129992432245
-1.4356737348831865,1.32930951324177,0.27760596847660374,0.5830187003068394,1.5968236608471793,0.5121297818031288,0.4036147460833954,1.355274374680525,0.02281992170470232,0.7557098986059334,-1.2538717362622218,-0.001651571991757344,0.9715186963138593,-0.028528935550712013,-1.781625973727427,-0.7179561157540153,1.6608961076372324,-1.7286245330556769,-0.1850995327647828,1.0949145432846994
0.014204647969987192,-0.018106485192239896,-0.00398956336712224,-0.0009068423895264705,-0.04149836906944307,0.023266103495923195,-0.002792001347604164,-0.018974154637107648,0.018707561656288917,-0.014794619062359782,0.009911025028501316,-0.011388127312415895,-0.019454909300959507,-0.016670075872304853,0.015929734015406476,0.017186803162788197,-0.005398912183891199,0.036456191288569126,0.03240265016806455,-0.013225996337266658
-0.043388011703311115,0.9928097300387535,0.6798059697917948,-0.028981418236543908,-0.7468865981155829,0.061299148855660415,-0.22011868152096356,0.4818353248382364,-0.01858758212021887,0.028142978134830368,1.3317624185915105,0.0774403432818086,0.025139353208528222,0.9265152090032587,-0.3236843210708578,-0.0020900488363555583,0.03550561110818457,0.36219270859733826,-0.02157953132612131,-0.14529589774300525
-0.03477413031544136,0.0023975662860359188,0.9730033096344306,-0.003471383294953924,-0.3510071843284299,0.20296770843675513,-0.806923768209707,0.03490474565881069,-0.042602170102878846,0.060723581078409236,1.225968352418271,0.1298427571043865,-0.0046443814544358825,0.016948445671656272,0.21606014476519847,-2.8707829735781704e-05,0.019862023739524292,1.2418580773254573,0.021550039322598483,-0.2488097316486749
0.01555962877627207,-0.026206311559341746,0.011268777539694963,0.014946017956688288,-0.003965539450021884,0.002637835543773756,0.00789570065826416,-0.03594674663695292,0.010612489982356272,-0.016102933969272357,-0.00917913839885767,-0.018372806592022485,0.011697342622719632,0.007805112442067127,0.016607306656204336,0.024018625572940162,-0.005675033611148465,0.03459923651795292,0.021120542092529032,-0.02777481119017254
-0.02009223739985115,0.019584731998191104,0.6819187312561685,0.018101198034799152,-0.2101458758103618,0.011151524746526122,-0.06820258602235658,0.047461888238118956,-0.016895839126878694,0.03097989202034262,0.6636237941188671,0.0028064828240248543,0.007449158081659773,0.052455641025301786,0.048543069726597096,-0.021334534517966304,0.019684997961463935,0.08320467582537588,-0.017206450043430233,0.524780598131495
0.78139088569571,-0.5683876740506963,-0.07132911512386828,-0.26339293629572563,0.22651312313487126,0.03684975297765853,0.0013561591193781836,0.3272585150466345,-0.0017627705947502407,0.012225769451077784,-0.386947731270457,0.056003842443938766,0.01958670917440472,-0.5012025360433596,0.6897242957808181,-0.006926918658159771,-0.640342727743258,-0.09927061155607139,0.014070723273200837,-0.6497109638717885
-0.018864057611511612,0.8392445056129664,0.11105639051784015,0.6756993071775482,-0.19640089379609263,0.004737504113235053,0.9134552676721391,-0.22736019463877832,0.03130613865574793,-0.009737617359102654,-0.17710218390862517,-0.029319690958876585,-0.01473785450184449,0.7787949997022855,-1.573353161614934,0.003800373432568801,0.922490951060916,0.08190048134728978,0.014603171588592145,0.14213282321885445
-0.014364086736748336,0.012319792161160763,0.024343512081761116,-0.016333638282452476,0.02979715334624066,-0.002369292344365597,0.011795755358101612,-0.003297423047881401,-0.01304593415652408,0.006752996040993015,-0.04293387514367786,0.0016865348141076133,0.01809720738491081,-0.048083160377116616,0.37963580099808586,-0.00395410625982408,0.016449614323710213,-0.04039953953215284,-0.00960295510144955,-0.014196780201843742
-0.0324364866417909,-0.05651270547679083,-0.25303438330173644,-0.07379665349901868,-0.05482714325714104,0.1601408680517771,-0.29902505850570343,-0.03701879405777826,-0.1489925127377161,0.07034871245964319,0.6152125265921825,0.7165237022496629,-0.0218191326244144,0.1592565365299896,0.1861333823549348,-0.015039884513098506,0.046461132661939575,0.3595863788413751,-0.019316595981710653,-0.16110737506039594
-0.03098670578893322,0.006025334194798938,0.01804415949198848,0.0032528221601814712,0.03774887029003346,0.017068866685464857,-0.09996903573262844,0.03192817832028018,-0.007677833290415806,0.005501648661883501,-0.003383794247677277,-0.000908063420092432,0.004297282914564434,-0.0263994657868739,-0.024426672411511294,-0.028717879077000092,0.00943435080746845,0.17530039889787316,-0.03522493878738421,-0.01252782624826699
0.559231690322848,0.006286922022757416,0.2577057154735179,-0.1776313104633122,-0.49099911948878827,0.5896609155553053,-0.8392823880879773,0.09560146360844221,-0.002528000756192257,-0.11358968465482093,0.04424722145618483,0.00794091267163496,0.006104119800242814,-0.06984081836068849,0.7435241282581451,0.3423378964428273,-0.4015839004475306,1.005746321038977,0.39496864003323073,-0.3100599664326862
0.5335803264940695,-0.26079394749315343,-0.39184180279649566,-0.23378580410814426,-1.485975657513598,0.0018289421186600333,-0.5223168817594576,-1.4364916994431618,-0.010760911607768306,-0.6721404588980402,0.7391720717735448,0.00561730571485611,0.028207026473133272,1.36818488505298,0.5934356010562719,0.7890448308923201,-0.3145796684926081,1.56285096497768,0.7575912765528908,-0.17921501438787912
0.023795509248435907,-0.03566403886770449,-0.023827938934715166,-0.02050595844729467,-0.02373793850919698,-0.007203209536079147,-0.02762437790685725,-0.024243161401532883,-0.005759743636085644,-0.03179372697430394,0.0030567841437241223,0.019481289057342033,-0.0024003395972468445,0.021223159305856682,0.06859071916057016,0.015000491885602728,-0.03746798715857655,0.03653635324409781,0.01279181954157108,-0.031172545119859296
-0.13946890499079379,0.12040063576416911,0.53081910259238,1.0098716676300483,-0.20267755158397946,0.532276404080599,-0.6383252162895396,-0.41813581844879794,0.019405705320817108,0.16834654360814513,0.7759621527184571,-0.012853173601678694,0.006003873821013658,0.7117646342692563,-0.5048074156709611,0.004971932821488647,0.10714715716259979,0.47176969880871655,0.03901905685216052,-0.06517533407275096
-0.315619812265914,0.21723530783255937,0.6186833359171277,0.8366464821826026,0.1076492521575152,0.042401878680980186,-0.5370665272826641,-0.24755936431381215,-0.0032943092274215057,0.38749113234628846,0.6131016369625223,0.07431312796426512,0.003131872027908215,0.14639454004572267,-0.7662335819323739,0.009409161146853195,0.22690833236098892,0.8923983516843264,-0.14590297848829226,-0.005111777403119508
-0.7122407747068784,0.46465071774529504,-0.08590054115799453,0.2808966518052887,0.14621928963553013,-0.0007394570557201776,0.05816227524462214,-0.09528540353519438,0.006950663795060499,0.8758069804168794,0.11773993876322625,0.010342791635199139,0.014388798301773819,0.05385278874260825,-0.45535849266188927,-0.0019779877081191246,0.5189490246233623,-0.37762869740987154,-0.32078462697780263,0.7259998838535688
0.024801071680737734,-0.020490911432352807,-0.005886373950779971,-0.028094569352722594,-0.03280069075426583,0.0012540923553569696,0.00304786712665013,-0.026122911665726476,-9.932478662000831e-05,-0.010741306493810346,0.0061328615547681705,0.009191373397219095,-0.005429426814404028,0.014595984460601855,0.004652428625449399,-0.001537277650648216,-0.012679412940613555,0.03199556151432265,0.005273450141539543,-0.006725427827752872
0.012776418638192583,0.11253558489046556,-0.5533203539126708,-0.04106550204407097,0.07914763256645492,0.003037991998287194,0.5415886429588481,-0.009196947824624166,-0.02185084842752527,-0.025535188128414377,-0.8205564721634795,-0.0305726538821321,-0.0166330770377282,0.08141838376924702,0.3562126606568038,0.0007647850145199378,0.09136286607757796,-0.04664340740270542,0.6551651633997526,0.2287344785354223
-0.025743719689316935,0.022247884920867808,-0.00404812278839428,0.009607464488103873,0.008864617927053524,-0.008817507238485844,-0.13664475122638023,0.029190479597117475,0.000595361181381382,0.028066698229435923,-0.03928824649306709,0.0038198343723355004,0.01322414540131342,0.003735779018585411,-0.005108585742528771,0.005070493855029851,0.010969052748200687,0.26032292734390855,-0.0020757171829028183,0.02463085730318603
-0.23329883995550355,0.10285248437983632,0.0850745094649863,0.08167920745868937,0.1723881622759588,0.0984345122658365,-0.0055850741377199455,0.1341896128315397,-0.009512888187705244,0.13366245160096613,-0.01587536061209404,-0.015228587217914882,0.1530209433446931,0.1134394055378484,-0.10747049218674756,-0.12041833958329931,0.1773736813590973,-0.10630029973759055,-0.024310135220934954,0.13776456124910283
0.5781293172440214,-0.4200187198078126,-0.05070905113864194,-0.24844105992998416,0.21955462305769172,-0.015097889445257546,0.2490485277089472,0.2753934007500732,0.01566932405242242,0.017381097266686827,-0.36216263420915984,-0.008063770879978737,0.02573709637835893,-0.3751472737373189,0.512894309854075,-0.015079886788407552,-0.4771250174815395,-0.13068306023238843,0.0127531254672017,-0.4746552333632872
-0.007291687692125035,-0.007247629811601907,0.022672130461883284,0.004948879163470035,0.05035785023106247,0.04097645721794139,0.01277730531649245,0.04226294227004037,-0.007274187377458831,-0.0024668690201882855,-0.02043098079475193,0.0001456269985783713,0.02002252060332539,-0.027313027640240975,0.017158188445598375,-0.023285572504507253,0.002770079984019772,-0.02041426800831966,-0.0014298067621721258,-0.01090964047487732
-0.00899454586728872,-0.007779531947068471,0.027957125719412095,0.015769023333314456,0.02536348747136984,-0.005856532312992936,0.012876366388298185,0.01646107617728383,0.007564600543102607,0.004945151032036983,0.0071922641610202755,0.010553115788279329,0.0010013649006400203,-0.033609447000165306,0.007071580279370333,-0.017928519830653945,0.0016411815838139445,-0.04315675407301329,-0.0177696479611237,0.025539270490919277
0.5374067122778876,0.05501178039725075,-0.18715722293279374,-0.21107077044739783,-0.6751878364103719,-0.0033210670834868897,-0.28554142937388466,-0.49213150324692806,0.0023201146157098528,-0.3552478452886687,0.6000659105926436,0.00696534542608667,-0.009921510483070103,0.5063832918185364,0.029094778514141488,0.3960769656362425,0.06635753351770657,0.7666867486472676,0.39752185226435666,-0.399192345581101
0.0018432966815570512,-0.0057630993072967105,0.05473519192676266,-0.0002972474631068615,-0.018667831211123986,0.03336280795831547,-0.059527233260852117,0.020007116682409336,-0.01103896057370207,0.010946698893266348,1.0220274142745436,-0.017859450978138427,0.003939872982468208,-0.04245556865356576,0.06300118581028119,-0.00921278269710938,-0.021236701554371,0.015452772536379092,-0.007056976171335657,-0.3279792533474842
0.0033971916150883786,-0.016811781118724722,0.01685023848839526,0.014427195262994342,-0.23163950892551505,0.024145790711217724,-0.1061749176870099,-0.1682017271200056,-0.007882532248097143,-0.0019131528557658956,0.34445748805892473,0.0049495463343590465,0.02362401864803805,0.4039847950187678,0.06474245689105897,0.015946607324740004,-0.01460883397910643,0.11517724742552315,0.0071759176069410725,-0.025589434929103167
-0.0998283242817078,0.7539027301403177,0.2306323207884099,0.4158264510198868,-0.3397869563909764,0.7925449999635011,-1.104304126407546,0.6542750420454374,0.8735641630244902,0.10254987568762118,-0.4296141943462302,-0.005564026717145157,0.004662358052174236,0.3332384453355962,-0.5111800521391526,0.1866785987393509,0.1634418441582328,0.9357692555684229,0.33984032051902696,0.3256354323494337
-0.1149015445977815,0.18369290585944797,-0.40136408864299267,0.045513714613112474,0.24738095348443984,0.3979580714278467,-0.4216597936283176,1.018413741760975,0.00794615882695935,0.14389748148754936,-0.9581252646883757,-0.0018240747075973641,0.013096985363068178,-0.21630526086992524,-0.02390025111894259,-0.02464535169369875,0.21017142182006143,0.7472317766824426,0.7588644999051031,0.318170648081798
-0.4096208558537317,0.2455169336488781,-0.044650462458120335,0.16620423208007104,0.10595766060000526,0.008548707674673318,0.029618268311849685,-0.05437471152013021,-0.0025784280784537043,0.4854597682083372,0.1298261511338502,-0.01592290166062784,0.00716507306072819,0.00025551727590861564,-0.23152219486780934,-0.041680607769494595,0.27541419386225074,-0.21198650739093727,-0.1874944343129775,0.24539115741600123
0.3981069529523487,1.1133618685852615,-0.13346634313722752,0.2844747088733155,-1.7352012043872584,0.0014294174444886816,-0.683644449324039,-0.6951358782557757,0.9159241267534313,-0.47970545582687707,0.014648877082921556,-0.00162402377287833,0.01362200014633622,1.9731699198997408,-1.3573550377865808,0.8453385728362288,0.5577125387600566,1.6884353259687246,0.7339266144502967,0.24244436103503877
0.28351200347842687,-0.11446926621592131,-0.014831641976933681,0.853963441909103,-0.7595404811853659,-0.02281451306772161,-0.2591733171943402,-1.2356734451965505,-0.00088424220731238,-0.3633441400262824,0.7746933876878419,-0.010413657835304884,0.014543623209405405,1.3548997902802773,-0.5430072337193768,0.42326584309711457,-0.11941047446881885,0.8075265054209546,0.41440669671368136,-0.20794076581274715
-0.03604422628860789,0.016054162533617463,0.03783166374511664,-0.0007328099214523849,0.027437691613308925,0.011492372474358793,0.0359007410238741,0.018619927530429608,-0.013012355412805137,0.04907816685565587,0.046588706310359745,-0.007033474407523409,0.020760783376073635,-0.0156039752510251,-0.013285179812779357,-0.01774336653619514,0.009332565823700708,-0.08484900028809622,0.00044531784295347154,0.010130157856800714
-0.5899696668333105,0.36923378334729556,0.09184926810123319,0.24964876656525892,0.8006019266560271,0.19565821444263573,0.2007703711376741,0.590068761454532,-0.0060744961981851215,0.3236936822673785,0.20622777096302655,0.016162893622245024,0.4050028748016672,-0.1944540921725133,-0.5379772610260461,-0.2854806110910101,0.4961180563500825,-0.8324599550601077,-0.06856374678007987,0.18378180006576078
0.43668762673795186,-0.3023578797217973,-0.02981629240807898,-0.16627382543689231,0.07435927292049023,0.015710199255426105,-0.014984973371274617,0.2337833566631409,-0.006091588640835214,-0.012387156275836402,0.00045009742123781156,0.0015273432084784123,-0.00504251411101193,-0.2662615383339772,0.4101080839213861,0.014158914487999063,-0.3533055314681765,-0.018375564055437173,0.039936011949654245,-0.4033103801596271
0.049867109021707254,0.33898359575705567,-0.09304733135844806,0.195107060339905,-0.2730389673986179,-0.009169252969104532,-0.12718279490764386,0.13603286687730143,0.5113459704824235,-0.09346691472904067,-0.19549503911853075,-0.010869712951771027,0.01096893013464445,0.4940921731773502,-0.5083785384942487,0.12074607744821754,-0.02170580894235508,0.2713132701898094,0.129522926186098,0.09237564703350398
-0.05357827972040127,0.1416944544961896,0.861857381404076,0.019489320060988188,-0.3179669632225729,0.014597060647861405,-0.5853131985371738,0.036812157315018745,0.0008251489217127709,0.05030310332606456,1.7878220975471664,-0.00021511892820866817,0.03596449452476873,0.21190396497207775,-0.06582134598473977,-0.029675283112125674,0.18618657394640512,1.121065975062479,-0.025394380337651037,-0.41108227815661863
0.5012709349711494,-0.33679010644227014,-0.4847394614764323,0.1371042332496416,-0.7043754057978936,0.13182342394434482,-0.4674211426054338,-1.15226152560362,-0.08888718654212532,-0.6117683077854632,1.1334599601762092,0.5184623901994028,0.009722466740148476,0.7368942173446937,0.1740115424509705,0.7960635580261526,-0.27384607657605237,1.2655532500672246,0.7563593388215895,0.04712877043831533
0.00395457928898987,0.6648024070780069,0.1574524799488866,0.6981609176572288,-0.06475024476789153,-0.02570363360303963,0.9206942049995134,0.37229164520541014,-0.0015419045195732024,0.010902272730298604,-0.17065768298955145,0.00810001233463142,-0.00014107718956837714,0.5949543738870265,-1.455577881922177,-0.00994536965366301,0.7838954857874763,0.015181979727776202,-0.005503111008528778,0.07492674569707938
-0.011296875441133246,0.016261721195869785,-0.0035797516823058385,0.00988521598375233,-0.03569606932040152,0.024846626247764785,-0.12416746977661332,0.004958323939210993,0.007214663435268299,-0.002021454746192604,0.033891342617270434,0.0013448934516601604,-0.009943602577720492,0.037326808489911316,-0.029499288314052022,0.0033879519652117857,0.017112650735510358,0.2523682710611301,0.006622992501495799,0.011686822131246558
0.00443378495300439,0.4950794810494719,-0.004937010941463902,-0.012887999539272981,-0.28791773591601993,0.010496096549130767,0.4148677954370128,0.23893597791631227,0.008293730868841092,-0.0018179479342858417,0.15156956943318342,-0.01677809984938552,-0.0030372855544689536,0.44904396340979125,-0.16499442854085666,-0.0008979568095713653,-0.025528305704129582,0.15279968517252981,0.017078781551420025,0.028977561130690624
-0.09732987717059483,-0.07294425221108086,-0.0899035172723075,0.8337828796711549,0.9586817381585103,0.2057856832402032,0.025953314250393305,0.12865701651346811,-0.20143546382435504,0.14713653133903948,1.490810379324142,0.8699879567655147,0.016048061767975588,0.7441601519431478,-0.8255946135862907,-0.06415957991210969,0.09553722927143826,-0.37997861112562703,-0.04831295293632351,-0.7282504936685831
0.017222821972815845,0.11654456577854624,-0.6335462640088356,0.013647904653306783,-0.10073671070700566,0.025895869111784754,0.24112120472334034,0.0868080209148089,-0.000395503853774154,0.008402249287355862,-0.7435498175515393,-0.03222829250135712,-0.011994261665230422,0.3959646533474247,-0.15180986681584954,0.009518180867345577,0.14165256206293095,0.04989803260050472,0.8174862246730047,0.2562372324985211
0.9613233950499384,-0.6897530741206483,-0.16167761571709635,-0.34229209985224474,0.20459934606187183,0.01779448632508962,0.028524671030093512,0.358155232495927,-0.03962789406952347,0.01325454447556525,-0.36347320709670405,0.16698758092861582,-0.018588911518985594,-0.559504189738642,0.9079591214318278,-0.01060512411959226,-0.7831381459499895,-0.08915438629501363,-0.007330640791908439,-0.7738695352980364
-0.01848856767547931,0.003576543638181345,0.01685816770046559,0.0016190122803449603,1.0340576342390748,-0.0022318078460921375,0.2695685317155919,0.6343477128391038,-0.011961217563340976,0.004136681733384669,-0.592884680287766,0.014565215120219034,0.01211228276953978,-0.024532527064760817,-0.2583048977401464,0.0015327167749432224,0.001615128983471552,-0.5039568559621835,0.01804810591755977,-0.14536592517737576
0.02916669444391309,-0.015295632274879456,-0.0023982760404271716,-0.00629833608997482,0.39018149452507894,0.008102790928335065,0.0728609311517642,0.25773352571846886,-0.004551700792800256,-0.016569209590916668,-0.21104245934118812,0.018194361928269648,0.002753216060992575,0.012654637947274222,-0.057852513289481156,0.004566752493425811,-0.015969469149228067,-0.14870242295847802,-0.00294381273719704,0.1203834552330433
-0.0799619579029371,0.31085065342679535,0.21133511799656582,0.19512124584250254,-0.10017751002594959,0.4352778756733962,-0.5791281313799953,0.3314125667488396,0.3167989431776007,0.09014733796491933,-0.08488663083552167,0.00047994381232440385,-0.006097267911531416,0.0313054672484253,-0.12644131925763635,0.06136826586396788,0.07424853429767213,0.4329550842168295,0.07814612593277137,0.1119334012998436
0.028736785297420506,-0.02313269068320728,-0.009296868107583147,-0.000853334579167319,-0.010815874461444174,-0.02297178547787769,0.011726889863013254,-0.009079540655201007,-0.0038997362186493157,-0.015402020358463761,-0.005513521143564877,-0.008947705509164348,-0.00798137463916052,-0.0006971743004809696,-0.004241010063965406,-0.016007076293068342,-0.014074103588371554,0.012922274034148426,-0.012001554805301058,0.06370273853486899
0.003449795021519682,0.9203975109709313,-0.0049056766807628925,-0.016027880968357916,-0.5053548019994575,0.016023103406336694,-0.14399218808605432,1.105248267481461,0.0076906503805267016,-0.024215179704527707,0.28622572052367307,0.004210845313337117,0.0062562975764394995,0.8085543875518428,-0.33658810300038194,0.023469421526827707,-0.033487850109710615,0.2830625179896196,0.02976031430617951,0.05832233829708091
-0.30460175008692597,0.3505884162469757,-0.12434192707880665,0.09928755848101964,0.11254655800700268,0.24024937345002276,-0.16348461102000275,-0.013900706470612176,-0.02656777769037867,-0.08981504343349965,-0.39496762302721355,0.018804679077868768,0.47539329424556886,0.33665638822080224,-0.29770223249802696,0.17388836207950348,0.31282765763878245,0.2527538190546047,0.4395508544939942,0.3237259819481806
0.36091950864895217,-0.26734699487165614,-0.006391130672520043,-0.1710977500584333,-0.22151842217630688,-0.033011799446700886,-0.035732012892644105,-0.07114043137229527,0.005339472336647447,-0.015164367951556538,0.18760621116866477,-0.015739860120952777,-0.005152333462966173,0.20758486639164203,0.4283207733843269,0.02589051435180915,-0.28373118910670697,0.12284797938773175,-0.011590340698581867,-0.2916482094493386
-0.025472211988237247,-0.056391318312043866,-0.16644788252151976,-0.041140661623232676,-0.052557899433112974,0.1291187291235523,-0.13174338317105524,-0.08077922391063896,-0.11764834227810818,0.034663764057100706,0.46470524801675744,0.5073541001302174,-0.021651789199144796,0.12330614844663783,0.12907680776546246,0.005905221376813292,0.012087787634109974,0.12339374780029878,0.0063823200409674485,0.5321273184348336
-0.028488285741273312,0.8565719636154459,0.040678551203880864,0.018629814823105245,-0.6569325573404149,0.011967052396380743,-0.15457337584092976,0.294587031192269,-0.018094798879772927,0.04147811271089455,0.5460675740203873,-0.007446478549691744,0.029213714773967333,1.107714498152234,-0.2613493531112622,-0.02521176496550681,0.02971399016007023,0.26957631732804016,-0.02678906180123871,0.06948586499804142
0.02968717842928886,-0.008743650930359375,-0.018027032378076097,-0.0084988457311992,0.5550165828942111,0.00211121567009284,0.13143043156330794,0.3511110948662085,0.015754610148239496,0.0034473073895498266,-0.32871157237005344,-0.0032806148854959516,0.02346321615703928,0.0032444095783094517,-0.11736441790214695,0.0006110763981772146,-0.0027800828948722107,-0.2681887688779252,-0.00658125182727301,-0.11136574996174585
-0.0030699356879335575,0.004247346698312687,0.005655938824513987,0.003920527791079807,-0.04121978173131279,-0.01032322069973225,-0.020167277494227136,-0.016299935865309628,0.0045078827471803865,-0.009013244576517022,0.006089926568378559,-0.016202635974384285,-0.010464229086614658,0.04195892443107098,0.004043646271046508,0.017077354048688487,-0.020592951402914676,0.03886828046549492,0.023993387753659896,0.020435782652952865
-0.04120629492327715,0.026551022856742976,0.02052775590949883,0.0036116345029656755,-0.2564584925093867,-0.008682755236754474,-0.03309011400056943,-0.1541660797479908,0.004689263050213017,0.02240737969597435,0.3710583523229118,-0.03198015727202358,-0.009775073782375947,0.4216668138903073,0.060071694888836576,-0.024896805628912604,0.022787415678951553,0.07469590871031032,-0.03411570921779553,0.015147166801528977
0.02414095568091149,0.06421501749306231,-0.34358146386768385,0.014528152689336615,0.034606915845245376,0.010661608345711905,0.15086707574102076,0.8408330480897239,-0.003693774055613867,-0.024042962566770514,-0.4961842306428541,0.0073195408012705606,-0.012618067113670688,0.06604491078163335,-0.0732475149915297,0.0049776420537464006,0.05978693969438714,0.009675870226146108,0.40520377662624085,0.1327668622444034
0.02040565655640973,0.09468743382934085,-0.018331885535664255,0.049743016533173166,-0.024096076094511934,0.00298854298306325,-0.04521581603014879,0.0819209733544012,0.11406027072209111,-0.008383859741367326,-0.0837802828495891,0.00736588811612697,0.024773789014650632,0.11017522441752944,-0.13832455952787104,0.018587909091307697,-0.01768900728894823,0.019103616481493845,0.016108735721352567,0.027260461283425505
-0.21798535013279224,0.060574165948632734,-0.1532882034741956,0.06282671816587129,0.12102454851121672,0.19223931761934646,-0.08711594711975941,-0.04105075149935877,-0.0802586060893423,0.03166580027638307,0.08314979648819903,0.3527249981556202,0.2067431388186776,0.14494982654620828,-0.09203999771955329,0.02752545775789543,0.1894008803369734,0.004849209338971272,0.16533039201494537,0.08508893942060329
0.004888111640773631,-0.03480188859665587,0.017316047798743375,0.00454962677621619,0.029186264783578247,0.003988952953998942,0.01304042853798052,0.017763415101546144,0.01634394668366514,-0.006058021528928497,-0.0008931722786438318,-0.01772083591570631,0.0008988201560927061,-0.05544391742249456,0.014772584516437903,0.013280206113565538,0.004862399811889922,-0.03231569252629438,-0.015945200928408728,-0.03132934625167189
0.21928158613539325,-0.14594208987615379,-0.13699301209298018,-0.08404668635306939,-0.418282494897669,0.01969177465070563,-0.21121179002996537,-0.49964839689570856,-0.00150746503208974,-0.30641389166172567,0.11476923836478543,0.029095239734041614,0.033792093231439474,0.24008587321348754,0.22457826276647452,0.33448873348940683,-0.13619839920501542,0.5855418361350138,0.34707402996318487,-0.0810918877050452
0.11121285088323228,0.4115339967887867,-0.11564869244936737,0.2704077304941012,-0.362545553796824,-0.02878075606701345,-0.2009125207648177,0.23746579609045834,0.687395287329051,-0.14467674481285742,-0.26985837943928803,0.0009221803502054201,-0.005696159304793881,0.6094181626636714,-0.6352807080934696,0.16698107690674668,-0.06995525661547626,0.34216194019780954,0.15351328606975684,0.11300860703390145
-0.14832769529988915,0.13775887918967167,-0.007847201210028736,0.051970478443923364,-0.2522798768297681,0.025460482377521833,-0.06972456219677874,-0.1933391813441938,0.01254242466580832,0.19356672004094969,0.7929272059983984,-0.0035674461887494537,0.007755642495111523,0.4807993905878293,-0.042622247190864423,0.014333444512516608,0.15677906923461565,0.06088626661145777,-0.06280089078021124,-0.024665242141455622
-0.44869682437417296,0.31032555450389726,-0.04331552681147715,0.18531217580461287,0.0947448550513998,-0.010434064559842249,0.03649677578921624,-0.05176101653647646,0.021877330021097378,0.5737458352527736,0.03246558637924408,-0.016563385736014784,-0.007730141773041653,0.01318282778033084,-0.29842775081933554,0.001977699293873163,0.34254465732072464,-0.19321512609727867,-0.21479514444302267,0.34914657678864036
-0.012584879704842998,0.09183064828827825,-0.022065732639606185,0.06280859598693055,-0.23035498949693378,0.02519703749890755,-0.09845391587513976,0.28317417043601345,0.15318011202059956,0.011200670276838368,0.535459695030155,0.003133158506274842,0.0066910412486647156,0.42398005773698183,-0.08718508636871136,0.00983794630900817,0.001052556848858726,0.13062707221419625,-0.00260623485129473,-0.08618665844124324
-0.029148095586243237,0.04652001516518243,-0.01963320576665349,0.010451474379244353,-0.031642466562007636,-0.025031941459846833,0.035255496696865604,-0.010370980793471183,-0.006171130490519044,0.008910461208929254,0.026713421283468444,-0.0007330284368570628,-0.010755552004871707,0.05667581373949146,-0.06665597833040945,-0.012429641394433429,0.016772148320733087,0.016401271467922987,-0.0029756587668104077,0.008763746778721007
0.8202880072238529,-0.5306112798739827,-0.21902730239938134,-0.329497516817466,0.4777084356708121,0.018035016947522162,0.06126963416550556,0.2862896249212902,-0.01307681392915239,-0.23571119073500435,-0.7000777588627926,0.020783561225508937,0.024524971628121305,-0.17945229254251094,0.552858759809946,0.28258823426995144,-0.6106062830093203,0.08346080931817501,0.30151717190905003,-0.613331463711563
0.01191861706744525,-0.0030084860072060945,0.1242150118499245,0.005824293285588481,-0.036931385253239093,-0.009458656462135857,-0.006252613956905524,-0.0012268881647682249,-0.011619061928917705,-0.002787939274570546,0.5716334091951236,-0.01131689741686041,-0.02718923287939165,0.007315819864943669,0.03325497739725527,0.009957729493826287,-0.03255509961304311,0.004215612979330362,-0.023984056596763968,-0.20304391867029073
-0.629004530666561,0.9791721400779575,-0.07554788309898727,0.23178415695694207,0.5904641782494712,-0.0035713422546938905,0.15206630241228775,0.32142018158525987,-0.006010161772724318,0.7744133125593357,-0.48152994836191493,0.010714080719959253,0.003200089324056918,0.5573656372779761,-1.2148344050250732,0.00038166513610226986,1.1307090164276772,-0.5082040947474459,-0.29956085642357116,0.4855116383189534
-0.020007127952767084,0.31703222416905613,-0.027985500405875385,-0.03007310483296636,-0.15561793190837114,0.030537390278545913,0.29901344482270587,-0.03528532103504524,-0.018866193557158774,0.031990894889893436,-0.07541442074721359,0.01529162464803948,0.008324153290935898,0.23460528358609478,-0.3579732594665971,-0.007561500621360533,0.38156224677968625,0.07133143468448337,0.01950721722331037,0.11320179856147163
-0.35385216256558333,0.7130155769902019,-0.034359722740776186,0.14367083739609146,-0.15976319842315603,0.012933945491506948,-0.05276642528386507,0.19938722460740943,0.0231451540203507,0.40989654960862154,0.16468623860547113,0.006819634771852769,-0.0111127240253835,0.43740040637196415,-0.07907502315325923,-0.016081435319700528,0.23820536178134338,-0.037080452283709514,-0.15987404226832982,0.3102650428575614
0.0025435527632603552,0.03676378638852812,-0.030193369095385014,-0.011204173696072699,0.018822590049749097,0.0071739043293878296,0.018698832359307548,0.04326410369507551,0.01101709044206108,0.005284437627580325,-0.038877862934580294,-0.005733011942926211,0.012605597447750432,0.0015871343789683177,-0.04699054675407581,-0.011669531798616324,0.011823389548472408,-0.009586116574926164,-0.001683113624928267,0.023658223133706725
-0.006059226268525286,-0.018515524572404414,0.01776289717617365,-0.014287780679865192,0.0015057146107741622,0.030251156898039203,-0.00859547245597879,0.018431651415977673,-0.02079215317507425,0.003778919821836991,0.057738214084893984,0.03276371948189864,0.01348215283270551,-0.021004003657198827,0.0475668408021475,-0.004458523541342049,-0.03338022936906344,-0.012289147135678719,-0.017692063219026166,0.0005118819253995908
0.016144865994687427,-0.024380997087039134,-0.028459150491974308,-0.001504529651410136,-0.006541365662050883,-0.010550814208736254,-0.4763489400683373,-0.013556614250574745,0.014267381427387983,0.01641224578126914,0.02178066200515665,-0.012967141669502257,-0.013420845910589221,0.05711949383097267,0.01583640591598784,-0.008339285393506646,-0.012721846141861974,0.9617192691312039,0.0015069053949388353,0.002704644677184706
0.008375773759038448,-0.02001113932668836,-0.043888886754541674,-0.023777786730872,-0.01838028147995041,0.04116250904959651,-0.064218615538504,0.002424626662618755,-0.021601076580305977,0.0021509146751245815,0.06925827987148785,0.12132084047187906,0.003864178827990474,0.033556022737102266,0.05277676118270409,0.0030605981583780232,-0.00037185905924977,0.06236043904814441,0.023542263195562997,0.10400239389632518
0.01729193803675269,0.002034463246720961,0.03491307094518535,-0.014031867544983907,0.013127860900443638,0.004095325970831509,-0.03075134879114852,0.035013711050195434,0.0034619076289497427,-0.016478987927292486,0.044133115398778455,-0.008690929814781874,-0.022491013184258495,0.005221318890664847,0.023026244984612525,0.004758447278091191,-0.021320298531866032,0.006445226504729718,0.00535377867346294,-0.029977619583067834
0.017716720278686766,0.008270387477912568,0.009977697460548591,0.006285236150241496,0.006684415644559344,-0.010604443840698637,-0.004914157009562661,0.18769922458790464,-0.009330885029030636,-0.010132851208862348,0.0039590730248446355,-0.008315056394662441,0.004512720380876209,-0.02107508914733043,0.02056194869225924,-0.01856669062293705,-0.006484304436282826,-0.03835007991402105,-0.00018408172305220925,-0.006715114509079936
-0.011988249474108228,0.004107633446548371,-0.013601641138190821,-0.005568119790227729,-0.025825926415900164,-0.014880519857507157,0.023865181900835405,-0.015854306093927413,-0.019456600632604924,0.0002108218053577136,0.05378398532036921,-0.0007956166605629957,-0.01369351907719878,0.004022470113316248,0.005184593914340876,0.007587521338176464,-0.01022513181280747,0.018791990557535686,-0.036881189833132724,-0.034239972979964374
-0.2192978030072276,0.1057243803663159,0.04044019505238222,0.06004012487320702,0.2648266195079858,0.09193294214444449,0.034929448657947434,0.20380654134584675,-0.0025262789489207886,0.11490662046061602,-0.2116489665718621,-0.02390122424750198,0.13752708664969582,-0.13270962477750312,-0.15590144041217094,-0.11169251705175895,0.1558935623340029,-0.28506790182217245,-0.021674806377930667,0.12520521862829478
0.019631211186446607,-0.018549956526619032,-0.03007262078297436,-0.019414990232800484,-0.0497092541673229,-0.003679610172541105,-0.0321667626001962,-0.010389575284772495,0.0010849876270540787,-0.01942769554604224,0.01891841226759025,0.004628131234024174,0.0199488532700753,-0.008789036328696565,0.05156518726523145,-0.0050937349699645,-0.020817507464200746,0.031094252646914577,0.023452355975166136,-0.01170950130723679
0.41400531420137865,-0.10309004066045903,-0.020779139707815926,-0.1879450538677019,0.021102453106703646,0.005448309967784471,-0.0017930079410822686,0.21025696960575108,0.021980755311608927,-0.013581344531079273,-0.12964858431642437,3.3118736731634416e-05,-0.018430259642185323,-0.09240783174566464,0.2220722227067571,-0.02155825799278383,-0.2701728992431707,-0.022868067516547,-0.02319362171137344,-0.29341674306086934
0.0056385100887003286,-0.027142933404847337,0.012209701079798903,0.006707917850799331,-0.2838664826227678,0.023600190388667064,0.19577963309161628,-0.15660871638800303,0.0018089215471526934,-0.01695490156197184,0.4166662147734237,-0.007598275458463494,0.01805687099784057,0.47260305355794674,0.058703840354447326,-0.005296738893100929,-0.003269488724927795,0.12141901073445423,-0.025997517661641607,-0.01565736827789125
-0.0867132504257445,0.06329244726267513,0.00870518188871967,0.04078063945898251,0.12783324077677777,0.014332373320723613,0.043539413206500066,0.09207461113828334,0.00012941811603349646,0.047129955590580294,-0.11862824309182138,0.029150016843667192,0.0661282595108119,-0.029449104392138773,-0.09861224610681213,-0.03710968123945001,0.06135189508881013,-0.15282805819188952,-0.004275076455360833,0.38468507853195594
-0.0051509102358550125,-0.0038976077529034713,-0.011459779205947478,0.01516646651823881,0.026506606735821458,-0.009895898496257757,-0.22345634055129335,0.017786984878859963,0.022219493126510323,0.006426821320718064,0.012505517697429776,0.023036079137881887,0.005009674529847293,-0.0005628636907087318,0.0072997480874589585,-0.0014287336279023288,-0.01500952210382715,0.4260830518972192,-0.004232110158329489,0.01989610269114056
0.17217016061915133,0.6009684753946761,-0.1808438161171737,0.41216875009694387,-0.5032259004075854,-0.012904784169426243,-0.24352478514620224,0.3357630294915033,0.9919581840965722,-0.19763858416974206,0.2620365219233137,-0.010827420709934763,-0.009922612258268798,0.9079883845708305,-0.41410735268294335,0.23284194145527592,-0.10652425688045007,0.4872124030756934,0.21127771924557856,-0.08057553613564014
-0.07656503061391545,-0.054850610089117,-0.15547475335241218,0.6399474637030321,0.11293902024848018,0.1960236059882779,-0.18776441841919067,0.19527130241466548,-0.15034719211494205,0.07069957480210307,0.6967623924869422,0.7905408386689707,-0.026306313700234653,0.3873581088739164,-0.4713182828848412,-0.02222626139454266,0.05360911529135859,0.06546043878456288,-0.022329867928725666,-0.22857325883776067
-0.0250430759762246,0.020039131560197737,-0.02255136916489501,-0.004797072802512028,0.013456259828202819,0.021542465613643508,-0.0018196745760511318,0.01565298461770647,-0.010696152230353825,0.014450006137881204,0.8761596404271,0.011003310204329653,0.020241383022395778,0.010139337294622006,0.9159348599962114,-0.0039001399051357285,-0.01820366858619156,-0.021507029454190377,0.008942458739230046,-0.2722569403433595
-0.06762577238550599,0.036810562724056174,0.0850897567606067,0.02016812850871754,0.04873732249563659,0.167290356926673,-0.17926874353727812,0.10969378944543898,0.010831533811359484,0.08690731516165764,-0.042442696923302804,0.006015058723650553,0.03780460266358011,-0.12645686514102183,0.0647099227116304,-0.01213784325304521,0.046192720587457985,0.0780559991591687,0.02678828028047687,0.05381290604028931
0.10519344787845938,0.3936283738883578,-0.008542623133724423,0.5248172769719235,-0.17855224217190055,0.02048374829280429,-0.1930845035805472,0.21279397567569575,0.6224606757040746,-0.10753883758215006,-0.28879447642734074,0.003525270314647212,-0.01321596913868852,0.5493211047499428,-0.8397788099506027,0.10291312708903706,-0.07700433565918435,0.2448027149804743,0.0773724614473133,0.05103169051351476
0.12092987322626696,-0.0835174944633252,-0.050472623804437136,-0.04176934630056421,0.15615275050239705,0.00018122383007065056,0.03888197095708992,0.08568896653649463,-0.005313512013033627,0.44055291322865175,-0.17994113073041434,-0.006646017021622648,-0.0064693751792274925,-0.2793491688167543,0.2061403372565368,0.010360007884061832,-0.1370942490419751,-0.19255640014111366,-0.17363750726178137,-0.1079734106674724
0.03954394736907656,0.0019358903955867977,0.48202317260836275,0.010417034043848503,-0.20577934136823978,-0.00797805128503928,-0.0403978481716465,-0.03511272251215897,0.015624109188228739,-0.0413569514941056,0.49066404140856157,0.003487528443715894,-0.009237543383151851,0.09187927675397294,0.023408348254932834,0.01924985336009127,-0.0015871956090653294,0.13118946464709588,0.024778112094911302,-0.09064867389999055
-0.05339486345721699,0.0163377414009393,-0.17951594503226476,-0.026570777051014727,-0.013369896064492386,0.13815073257024707,-0.12244346083071009,-0.015108761463751893,-0.10869145371300723,0.08313479133474466,0.44120343068649537,0.5398992311247192,-0.014100140806871584,0.11569830588111352,0.05197378523227517,-0.03637718505845506,0.04578514814204391,0.07052919633281393,-0.031807583129216124,-0.07364400964867618
-0.004353397646685426,-0.04105189277663239,0.016992346514775193,0.015870897234248,0.03508139874565722,0.04005555085749358,-0.02246751477543855,-0.016227648032131798,-0.01796861719520894,0.054972154608607826,-0.005818071195021839,-0.0051565866396949805,-0.0028166959518597812,-0.07425810017340082,0.05479680725924331,-0.007745610516885578,0.02186754253753455,-0.04457331671188761,-0.012536066729156962,0.007172092914554245
-0.23122449670502282,0.14580059015958227,0.16366585801111225,0.8275038551447527,0.3555403997960622,0.03502216508812323,0.06298038280442211,-0.21158526957411233,0.017028336149108918,0.2859831964615224,-0.0029558554162409816,0.023464748336711378,-0.007171785851792893,0.028787717180865823,-0.8473606632497405,-0.011843025879046554,0.17371685131496858,-0.23469300711594945,-0.10147921972827345,0.0744006735496728
-0.10053844695183857,0.07492610367812974,-0.8841096677784849,0.7068135169437878,0.4803035189112754,0.20607857058126036,0.29385210525375854,-0.20645817361395324,-0.15534102126708998,0.08407112540959114,-0.6232778666045853,0.7496450946142,0.008822927698685347,0.18261611911406747,-0.755067014100034,-0.0413649013377185,0.20865541960595269,-0.1735458484343757,0.8721287520256945,0.08433509501901819
0.14933295719041073,-0.2688923277510438,-0.3180757638139359,-0.12841626095281833,0.042921133119804195,0.2121459172645805,-0.2290020760895113,0.5517219078585701,-0.17465424129919493,0.10725272259284382,0.5248614134158581,0.8168592113471856,0.0005977449856255507,0.019728392806865794,0.35889490007254093,-0.04816043767954713,-0.12936229000612984,0.11099976265869708,-0.01772668193688109,0.6292848955441187
0.6057513722368557,-0.41917811599866767,-0.05825052840166964,-0.22300652829409767,0.11439708371033522,0.02112370697814256,-0.008334695120942122,0.22769844324077065,0.008584489798488575,0.029653008046437668,-0.26731184371863403,0.0098655419869946,-0.0008844385689999084,-0.37550441391076195,0.5246260159085249,0.018287515502651758,-0.46999102971414386,-0.02427829155181796,0.024741714315292034,-0.46478594516768806
0.017131708618426653,0.22332263308760328,0.03860434450926189,0.007879489327727966,-0.13027268932968797,0.014662522959145156,-0.035459751559575314,-0.005795335715400379,-0.005631729619971271,-0.0020132769756701623,0.017151315674511284,0.006039092001507592,0.019342191938999293,0.22462288188724663,0.4729979590495229,0.003588833741938735,0.2530026457812668,0.06412246871720803,-0.012368787488122517,0.05846720906562728
0.8908545400997497,-0.6549118236317072,-0.09777647098884715,-0.33958203018703714,0.24623867484150577,0.032351631541192055,0.01599266083523363,0.3893610227563492,0.0007437055285533399,0.004090051650950073,-0.4633879748122651,0.012846269328267906,-0.00446050907320023,-0.6152197404130947,0.7992762439880705,0.0033138121473255105,-0.7338480867682372,-0.10983096343374907,-0.002654463500316208,-0.6701001525639027
0.2716037886516987,0.00584329018314007,-0.9012037239307388,-0.08920080126551551,-0.26823509453600114,-0.004429317071662596,0.14815758338526663,-0.5168035305972877,0.019745914065611977,-0.31657767027194655,-0.827181783084002,-0.02216461509366356,-0.01996649713903717,0.30910202436572803,-0.016847146587564185,0.3768558208804795,0.0039760486393270915,0.5227548415440088,1.2171128312658008,0.5108759648180524
0.013549809133728937,-0.01935659958634505,0.008421094886279607,-0.006763097376112382,0.0022702707196509946,-0.018125623098285623,0.021281446023291167,0.010379971120662421,-0.0025245187047937307,0.007520020135453094,0.02847398136476041,0.00259068566649185,-0.0044008622677295575,-0.018054480728353205,0.01680545670554205,-0.012566735833610823,-0.040366980307539796,-0.02496935432417491,-0.016555825379953384,0.7985812457135864
-0.23315868291979028,0.15062612287367483,0.12375902122384491,0.10685011172856212,0.7101978369986126,0.08900449600568053,0.1800754131852166,0.48784282368332743,-0.00944610281263674,0.12174786746296702,-0.17241778606596467,0.01770582901996518,0.16269255022901252,0.36054623923034684,-0.32659264663152576,-0.12252858046781033,0.22378460785583518,-0.5064808952619008,-0.04217109586241772,0.023513585395366413
-0.04756935781552717,-0.07424518132499025,-0.3170014044511892,-0.0705596091972949,-0.08158499030553339,0.21385424117022495,-0.21012807789348376,-0.08558827275989164,-0.18136812285141315,0.09619090788415753,0.7181536517387119,0.8619533007210797,-0.02432618904065493,0.20943327268402692,0.1832881958859531,-0.029283513703260725,0.046074499346837224,0.16505325203249321,-0.014897450967728773,-0.1833996080950102
-0.7207138844137408,0.4808278337159772,-0.06379296810773587,0.2799243102325782,0.1027191561892165,-0.006835363027326771,0.045209257048128774,-0.12171192897147184,0.01115755822220044,0.8683287412297865,0.0900984281139689,0.01963482755466108,0.008365514595466042,0.06568216899685576,-0.4107756157167199,-0.0007717766194750885,0.5382200814031958,-0.3039257364573832,-0.3306137621048668,0.5249048615714099
-0.04762338795200467,-0.015172315117441791,-0.00556062463569061,0.00722852645101516,0.08077563978188007,0.0044241629461886384,0.03171135148353578,0.01598008692799048,-0.016055287911975535,0.003617301909321466,-0.041380244017835306,-0.0018998746175421764,0.007682855157468796,-0.0429526268474203,0.015836981445950797,-0.014144131813859658,-0.0017352943245338554,-0.038245893098080824,0.0018740311723804705,0.5343342019984914
-0.21537177106672517,0.11067949461801219,-0.03338218563072813,0.08687791279163123,0.014920616766330774,-0.024610522065218386,0.018385841169645138,-0.09772313364555034,-0.0026150154242119035,0.24864048799682778,0.04475148111655784,0.008380847662336531,0.015105792438057184,0.0068772466042645135,-0.07579772977293739,0.02608374879428905,0.14894043647655159,-0.11413162420189987,-0.0946711502756306,0.1803495096175544
-0.24396929520872468,0.16568689116115143,0.530435826334782,0.09755130309479298,-0.07177389511817044,0.007667865157874811,0.07182930557281905,-0.002143696177516926,-0.004693373440616272,0.8333322078201358,0.4799476081344113,0.023345022092185162,-0.015825000620528596,-0.06693347915190377,-0.01131977573621935,0.025783487015189805,0.1860065675349148,-0.2247607663484259,-0.10478930226753647,0.08483148182803509
0.6235751635972625,-0.4483515140141203,-0.06702274798296276,-0.24974927390988572,0.1069678149900909,0.0001292239899358151,0.0511548134501141,0.2088628034509713,0.018208664348587957,-0.014373238217786188,-0.2902120657369471,0.0071607286166328185,-0.009146838595590285,-0.3783412965219638,0.5370576513744758,0.002166720569956762,-0.4980739157707046,-0.05556316928527154,-0.015276068423818465,-0.45748396368951005
-0.0008617411804901515,-0.002710152548114764,-0.10720476917312549,0.006159124133100635,0.03200853236680673,-0.03378667400769392,0.03358392223863522,-0.023980997284820917,0.015145194273858987,0.009296803874717135,-0.13197467072461436,0.005526625013045192,-0.004238949066670617,0.012360389131864581,-0.004653182406861872,0.012452331224652658,0.0015723907283985046,-0.011560149331730737,0.10794820926036361,0.02774537141495619
0.8812250843166092,-0.07694612771847527,-0.8678916808581164,-0.11195049121121882,0.15303182294784815,0.0078083107795471705,0.25748579563061985,0.5177883477694404,0.5423138072655407,-0.06721619274224691,-1.7653156932165377,0.014248949300756104,0.0015629913099368476,-0.01880697942114978,-0.02441103244895488,0.09383594165620766,-0.5314192678862788,0.024420876365357634,0.9495900232004022,-0.19412689626541094
-0.022840258435683884,-0.0019429994804084872,0.08338878722880556,0.33327167162001703,0.11690239100334328,-0.02906104026031802,0.05421748229298236,-0.08602693084478971,0.009955053196898421,0.013174617385213448,-0.02291729105888465,-0.012488756766378454,0.014926428969844335,0.006643993993906663,-0.30031408924900804,0.002389725875230807,0.01594637719261515,-0.09004895466084308,-0.026280638408505308,-0.03265846374280692
0.006859753736134025,0.004396023737986397,0.010170071159439197,-0.02359386659963503,0.0019126884152650498,0.009649221530920508,-0.019595492237648154,0.01960157213558544,0.007232056726388715,0.007154144472121418,-0.05538251335361336,-0.031591835249325205,-0.003105413822671488,-0.006262602585327773,0.0417958451630497,0.03337533956248802,-0.043216989344366415,0.03335587227009655,0.03548571707136587,-0.02422942877687042
-0.03394401690277131,-0.01088549081632146,-0.020625539931597027,-0.0058062424720099004,0.056649840186080935,-0.029093462009873623,0.03560461133480863,0.008186897364117825,-0.02083257049214908,0.0056246083138355345,-0.06661329471143923,-0.02170948657717821,-0.015077541872936941,-0.00515959563617702,-0.002640110322434351,-0.011834490432648571,-0.005741957197189644,-0.054207251159674286,-0.03102486623887938,-0.015082900872275184
-0.1255010395723979,0.06764150187243988,-0.02293322732664639,0.058065586531735956,0.07225944785079341,-0.013155797501822473,0.042027216270306714,4.0210838910097364e-05,0.001800370241507542,0.1793763048417166,-0.0028794418552817516,-0.03132289702111332,0.018877136616480338,-0.030482035019539267,-0.07701187420494547,-0.009269604192748386,0.08869470750090792,-0.08465756697207487,-0.0589334507640757,0.11803675320596319
-0.009231469941082744,-0.006276622596539072,0.022907414990950524,-0.00660298970223224,-0.013194343350796276,0.013232928949918581,0.9347069749713173,-0.01664982225596391,0.003084983566020749,0.002772757184296922,0.03690562743492175,0.02365968381403322,-0.028451044174843388,-0.04935404531243329,0.01593459046126695,0.0035585538595251922,0.0027054051886739963,0.03865640160765295,0.009119066220846106,-0.00948701458747423
-0.0007069433780330986,0.008773737150353345,-0.0033292839766692647,-0.014168818487173804,-0.006258091052258432,-0.004286661753413567,0.5745502020535734,0.026696107757505805,-0.011990726952263855,-0.014133206090915526,-0.004206680045039005,-0.012508652743704713,-0.014294359737933568,-0.0030871553176234235,0.03366581869253125,0.026310368986484846,-0.020253068851275372,0.3164927141476201,0.01533352972402589,-0.02436147941086212
-0.016277315069231264,-0.003273883303634908,0.005257442925037303,0.005539563782406991,0.001867296899042515,0.025412284720901714,-0.3851347606295915,-0.04656852342985092,-0.015648844977503764,-0.008733959471833676,0.02865808250417979,-0.010609759297951847,0.016270442164445537,-0.010926390694719177,0.028001155218040114,-0.002397990206790433,-0.012967409901844664,0.7013008489614277,-0.008637930352111526,-0.00950943569991555
0.024438172730453137,0.4416187660199218,0.39956095865724073,0.010463636101100378,-0.3781499210170535,0.020235464535393235,-0.13270524391590324,-0.04213526502060039,0.007006632765203139,-0.019686121849034996,0.3328899288375763,-0.009757933288521741,-0.01933038315896065,0.4210592748449632,-0.4628003500630255,-0.013008449361043367,0.4811360035359656,0.236891487116752,0.010102295625487694,0.007572306778651436
-0.030970221942245177,-0.0009917508798865469,0.2639231284656247,0.48668276913520087,0.16485014940286594,-0.010671135810592067,0.05140688767330469,-0.12709130364655968,-0.015525903661585034,0.014613519202627826,0.13643952244918295,0.0112920236223199,0.005922524704237738,0.026596551451533126,-0.4625081357766278,0.004035587504791967,0.025165360599654164,-0.07737745987182619,-0.029833243100571432,-0.08112827191702919
0.002235277408258046,-0.007905675152761015,0.009552570652530042,-0.003460405535545419,0.03721062334072072,-0.005976224948082179,0.00956422218393225,0.02654915753350797,-0.011654843434674645,-0.00010194283590111985,-0.052839254426882344,-0.010586570588549204,0.024146457155510018,-0.01486495783783612,-0.00304470632641153,-0.008581978913484417,0.013499462758012252,-0.05650701830079096,-0.0013890647211976547,0.0075497448546904735
-0.028428662165910883,0.31468043979110266,0.03150983097687253,0.0065185231224956595,-0.11287503120937721,0.025969833830469417,-0.06388366439693155,0.560559497240236,-0.0004592991366426588,0.045091353657645855,0.08522977218057462,0.015620620440620247,0.009218375025652882,0.24683698919128597,-0.15036511388869778,-0.007239435431034196,0.03607734234257907,0.08842129501082185,-0.006748825279422695,0.04145130508536079
-0.01762863223488035,0.7009460348305346,0.00840174419981487,0.026587997554732158,-0.18013980474710525,-0.006346703501993068,-0.06494090302283591,0.06364022057652474,0.009200767325319171,0.019820844368262463,-0.2125680595377783,-0.022424159463534182,0.010986718003401012,0.5894545872241955,-0.8273839143413716,-0.015915494269842605,0.7683170414469443,0.08634214126646891,-0.01843102115455566,0.16536686574246356
0.09484481196950792,0.48470133945351734,-0.14350696691734635,0.27815451053141743,-0.6138265828764355,0.023881653380904054,-0.259404882765719,0.13118844658844542,0.7647636859581601,-0.11073186752247408,0.05364838355273683,0.006657679033986315,0.02795092188044297,1.139145565749411,-0.6773662413279135,0.15599853441530281,-0.04451957370264607,0.4736601801429302,0.15416406730181142,0.09998831199762463
0.012977966129915353,-0.007907793274186625,-0.03042323302687968,0.020021640200432483,-0.027162235989511258,-0.0005710592721475689,-0.03206287997689139,-0.03158367172399917,-0.0024952348570209237,-0.029018641516732585,0.029349306970405577,0.025250272369976002,0.01085090277666754,0.03529465195179397,0.02649711944701623,0.02164714447488692,-0.012788412992764595,0.05618385978614872,0.01387344554504951,-0.008937101526123065
0.35760447517937644,-0.16813558018511685,-0.14976839836277756,0.2594484897038236,-0.6930886241499055,0.008642568497945126,-0.27088311147109706,-0.9685274706892152,-0.02230860356438153,-0.39188598579597717,0.41551759228941715,0.021987728377259083,0.000283645495594443,0.8046030248728228,-0.02243860656825168,0.4995504617056047,-0.1815777905055913,0.8365616785377719,0.4730777819705612,-0.15265124953787432
-0.15285472320671953,0.09737875588360474,0.3285636952996059,0.4696350511503148,0.22576168662096735,0.47175921195596193,-0.3133852087954426,0.09076440953316918,-0.02777283076520497,0.1479562495764062,-0.002010234378700845,0.04283526353012161,0.014911509723778962,-0.24746601445927383,-0.22284691806271925,-0.01726562836774061,0.09254164313411527,0.19137111231118978,0.05691807133343606,0.23534878292429498
-1.3987494746029423,0.8231828019545645,0.2720255993805312,0.5690695387719111,1.7913496226688281,0.5115261564181297,0.10378564354101534,1.326294181206006,-0.000460966795050621,0.7477764346541101,-0.6883221045904251,-0.004273727782956149,0.9453674701495451,-0.47942969588969586,-1.1666747404278772,-0.7074129050815643,1.0978286157479746,-1.114969682546935,-0.16884145448612406,0.8040363759916476
0.00018224305222163013,-0.00046943704915836625,-0.001617979748740222,0.007355751163888164,-0.0074052417058682735,0.02392669119882416,-0.2469675155432564,0.01311435444861049,0.0051436054696242855,0.0038356471408956335,-0.035343090005798924,-0.001762878220086258,-0.0047438805981260485,0.0055319883037029125,-0.023790765311946214,0.00597268985742175,0.004167200534136261,0.508591721044121,-0.010992232653755481,-0.01780664032069199
0.018772120564500977,0.08568653906186693,0.004610439028304438,0.12943233176702162,-0.049018988927190435,-0.0010991040388409774,-0.036132166656914155,0.049320839863086614,0.1760118186412003,-0.036581764995824426,-0.06448856139823986,0.016578208602855794,0.02843701269958174,0.14056021611294922,-0.21200136634492606,0.029186882740221146,-0.01984625872174789,0.05456729339617782,-0.0009478338201690719,0.04080003625364721
-0.2328534577815345,0.00390455111427255,-0.1294307897274064,0.801987950190169,0.5129462233590261,0.255817283105028,-0.09053665138934569,-0.07844796292021296,-0.1683671136859454,0.1921204810819726,0.5451006563874664,0.952607035452353,0.1019635388715846,0.14764229918613786,-0.6757590838470722,-0.139186513837735,0.19158379377698556,-0.25243632677105693,-0.05589865522616331,-0.141398789726815
-0.0860260848525377,0.5234367039639398,-0.31105407108556077,-0.06769421800101653,-0.21790456809004988,0.2019604434067987,-0.3273315002574426,0.3227984423915962,-0.14435196011894194,0.0970652842486778,0.7963722992247672,0.8898895176746221,0.003392940053163185,0.7200051644327862,-0.1008228088768024,-0.026176851587156526,0.06889568090405114,0.2252843286360289,-0.0019412138886917684,-0.12145505278584419
-0.0004747728342867673,0.32886238664117295,0.010641158648142347,-0.005837929886849743,-0.14828244335997195,0.021774896014000483,-0.04959754785572415,0.2872640550582496,0.0012023974443036798,-0.006612614892803287,-0.019176132591801166,0.012999745613750974,0.013548722623455328,0.2802384589690963,-0.33760386122869035,-0.005340106180405843,0.3520950617024051,0.09951664953071446,0.0018820039776610018,0.06299279806229365
-0.15047132230856386,0.10690830642071306,0.30319908118558003,0.061471839081992545,-0.229101067807941,0.492255883451983,-1.036192523914336,0.002754247586709368,0.0007141196298093891,0.15810569361416085,0.4895735280291385,0.0005713827881828561,0.032292198357218034,0.23717577522835215,0.27590749270499537,-0.0041472719450200346,0.12286078611073631,1.230201158115653,0.04968885261745391,0.04329558993523838
0.4520009286303151,-0.23923579845226672,-0.3164385279205464,-0.19401184200382346,-0.913041759100438,0.01015509884524644,-0.37318652002055525,-0.9549417370182133,0.000775227175610552,-0.5646031030256822,0.11170628080452942,0.0027036405552801476,0.001444714485939808,0.5380587572599413,1.034447375365468,0.6798906717048455,-0.2643553765230555,1.1554591889953374,0.6711067069436192,-0.1285560759324584
-0.08597644807600636,0.3733225944242549,0.2739434470049064,0.22168121713953792,-0.13007911997933147,0.5586918185726794,-0.30162682549092684,0.3950154748632498,0.39993322243688734,0.09726849899171684,-0.14267097038752755,-0.018182337384019885,0.011333213470346172,0.04965833813745153,-0.19382725381500107,0.09921299314061342,0.0943686147569941,0.5277255421258576,0.11210952447211424,0.17377142629448433
-1.3795409706972803,0.804943876353057,0.28726534250338337,0.572262882958193,1.7674326723767764,0.46862969151307954,0.48434928866038957,1.3305509259085524,0.03355444331613311,0.7403699744682907,-1.1253368893231561,-0.014821718432178638,0.9111030526317444,-0.4499390315793199,-1.1550060621601266,-0.7289930728420351,1.0646060428040767,-1.8186804895937752,-0.16508525384127648,0.9212485697747571
-0.14958646522736452,0.12790935905127626,0.3372389867183475,0.059336616605610425,0.010018010889709803,0.5781407773078721,-0.6695199836912018,0.22387303882804724,-0.0027989839757940863,0.18407080103248136,0.05998740343373027,-0.03201031383025714,-0.01867033374229046,-0.33573635804048957,0.24495576392205554,0.02569251469740352,0.12660656798037503,0.39468349542148934,0.021626370590955422,0.678668430569658
0.030247768956138732,-0.061263963809445154,-0.03914704363156982,-0.036075000845376806,-0.04322426659787711,-0.02345222295109145,-0.006747535920651936,-0.07787507841460264,-0.017996500324991886,-0.012163660614481675,0.03858035616687834,0.012239280844462259,0.0010178363416210416,-0.0175045290209008,0.08398647940040252,0.005216487773512645,-0.055639424302622795,0.05464205154211869,0.006872153377111268,-0.02645839804502201
-0.014965865205299755,0.023779501648452973,0.18116844958672962,0.023087351970064462,-0.06975840307609561,-0.016253019746425623,0.02115921876252833,0.0159868978535794,0.005183470316121324,-0.009672427933574304,0.14357714709894723,0.03657636020251058,0.011867559737020639,0.0588758628666812,-0.04629942192752294,-0.011118813843517737,0.04801818527737868,0.04278507744840425,0.1557042611200224,-0.008963417036576988
0.005261651582108224,-0.016943988666415898,0.015023642924010476,-0.011598456138556909,-0.022240801759339058,-0.010077808586135108,0.008724264430977848,0.013122687657915792,-0.0066454404587721096,-0.009727859082288862,0.0029253182746489395,-0.005164726241360166,0.01613389544959907,-0.007292485714473862,0.0069461500423159475,-0.004237441936349095,0.007839962371215606,-0.021699501053947596,0.01102649918212352,0.016186346968806643
-0.588626863144587,0.34183357469818765,0.08914186394213351,0.23740328393048613,0.7410042511473023,0.17726137453270946,0.24383580853411518,0.5571995794631734,-0.0002020689111972506,0.3016435363862863,-0.48852986364035067,0.005085057307489777,0.4002676973609284,-0.1544573413780464,-0.4974015730556057,-0.30733419870372514,0.4654718343812039,-0.7750913985072316,-0.04516532339564788,0.8572738450227545
-0.001578654703637457,0.30415562638793037,0.4217785904634203,-0.0038199034870583836,-0.30728765310160566,-0.0040271537403397725,0.14107244154669485,0.14305656354169538,-0.01842625758961432,0.0003208100907749851,0.5038973829123197,-0.001373792123601599,0.01991768757758896,0.3292546303650386,-0.0710432043467626,-0.014188594608760116,-0.013902449607045548,0.1523974834313241,-0.016767526890312627,-0.06076295983119001
0.2317675398123873,-0.14993073259443382,-0.025916103812138127,-0.11802526937617532,0.06787968456660907,0.0033441656726123517,-0.033441753321859106,0.12883308556688133,-0.01705209049661693,-0.0013864906961775728,0.22096393418571042,0.04470783525174098,0.0016418951646519516,-0.14771680086392586,0.21722895541909068,0.00449374867923906,-0.19232446692014385,0.06516237447067307,-0.04458317276796831,-0.26829314412246524
-0.38442602758036964,0.9720749500051279,-0.19755779873926516,0.5900333083974879,-0.37350723305675887,-0.018077950207875983,-0.24870328375908812,0.2562089772696696,0.9807178399731173,0.48411730698217775,-0.34064838467104325,-0.011036026955552149,0.01933461411525038,0.9314967889906701,-1.2613350295685966,0.1906258016471384,0.31820791520142466,0.20459504314664453,-0.044489030734290766,0.5817006960556844
-0.02404460285149158,0.005127149016996296,0.11756004925974559,0.009700177634131012,-0.040395973751248496,0.010085115525426899,-0.008659206600265494,-0.026759091380812332,-0.01989930474393742,-0.011863754010915703,0.1163466129615305,0.004384423682578931,-0.015739335809999377,0.02909502493857041,-0.0029759495458547575,0.003945394236959111,0.0016649888998743999,0.009278901606223909,-0.011961274119951376,-0.0055753360017228885
-0.03646439827816356,0.03209337937729252,0.023213930300794595,0.0005262547265788087,0.007164595136075274,0.013644547369823446,0.019488221122883495,0.014308557865427958,-0.0027902025661260084,0.03177018218791748,0.008996224572059407,-0.0023301049067759017,0.019883882458301444,0.004130397531643798,-0.030414123137338683,-0.008967482027611686,0.008470687090843459,-0.04248656876060949,-0.014106194575861982,0.016480753360795644
0.06040234071288449,-0.016327366012552958,-0.1809576959359985,0.009174453562394241,0.3068283021480507,0.02952076098760929,0.04591272547225531,0.20694860972229465,0.08880213786022022,0.883071563587355,0.49534202627778706,-0.0012950612508243736,0.024812176002781794,-0.41729019671317163,0.1611771054827908,0.014319810511337606,-0.09145485096943992,-0.4114000297963787,-0.31205078012526166,-0.3255159109943536
0.9343234114484689,-0.3430419936333756,0.7588976988093334,-0.16732840529658483,-0.37600378363779624,-0.017134391919987967,0.7052579811608648,0.4982056687854855,0.4693282621033494,-0.08051934977225646,0.31974565989704246,-0.0056705236620160915,-0.008507389592949454,-0.04096972826123251,0.4331242412969651,0.09347157803257646,-0.7409404600988839,0.28142030172614213,0.05515942300435553,-0.7440695904930721
0.0066620847685452565,0.05238706043927921,-0.18829928481102134,-0.01187666122493904,0.011778930683839357,-0.024901703492894174,-0.12734901674734084,0.8050607165307847,-0.008392857621488625,-0.014728866886449562,-0.2472608490791338,0.01949365225961891,-0.020318005871333724,0.021140881190321238,0.006730853912152151,-0.007464184624096512,0.021984916204652778,0.4594630410062658,0.22803208076107015,0.02990697403930075
-0.004055159207286624,-0.019110658331831433,0.006391935749772029,-0.020773341285803736,-0.547214160771127,-0.008099558964965836,-0.1123855273526291,-0.36352252862524786,-0.03078270964947044,0.021752233936312183,0.7393862836746969,-0.01486901874345814,-0.0005933838980190292,0.9169535873771134,0.17667357188138985,-0.005183994556330314,0.011031648622605044,0.2540063763277554,-0.011468595405903465,-0.03599362052959816
0.6633834903888752,-0.4896231275762018,-0.05600938881952708,-0.2808078150091557,0.17465074635144076,0.008275593581761857,0.02749746447521023,0.2511822709541654,0.002027234140986923,-0.008046386871878983,-0.1346883569008406,-0.0004508209357385102,-0.007901227325304926,-0.44944630824853826,0.6233142711501125,-0.009913821483180431,-0.5571749391347917,-0.06605953623234474,-0.018118462524903154,-0.5674560132787617
-0.010331778519376432,-0.027279028920945376,-0.006792996471865444,-0.005355371259358538,-0.028717158006026262,-0.017453851468086146,-0.0229715395579337,-0.042877217719963286,-0.012225089765839036,-0.00503609841049404,0.02122670979104778,0.019412911360723532,-0.011278697449542085,-0.009080276147991216,0.07666338320140173,0.03062511807252752,-0.024097696870634767,0.03715781719815983,0.03835164523816326,0.01102916147345238
-1.1818181145487816,0.7095045813018112,0.23186231441315114,0.4722575523624669,1.5349442270088562,0.40974424048404096,0.40425579892881375,1.180314417958381,0.04098484858624847,0.625336380751989,-0.988799352152134,0.016228528157546177,0.8130364930263118,-0.38541050198612187,-1.0320898656874165,-0.5805618499295206,0.9407231604559121,-1.5502700515745764,-0.14465520497118917,0.8128705461850461
-0.051965882105486166,-0.019913327420590526,-0.1499324865129382,0.012506767887461306,-0.041405929718138224,0.09312262190920319,-0.1324992415844638,-0.0424210620636216,-0.0966005131221843,0.07778888892607988,0.3221000234143748,0.3815253612016489,-0.011552724165860336,0.07704629149856544,0.7672578525407755,-0.014253045043179924,0.06947212574254447,0.07001346727494476,-0.02668697436037107,0.5918427381210609
0.06990456999725014,0.001565541216549735,0.3341295319624698,-0.05535195500772418,-0.7818239094362975,-0.016331471358853517,-0.29700421766037244,-0.7295053734576541,-0.022711682593585938,-0.037873776551263075,0.7250008707501867,0.022724210422382346,-0.013128030480016534,0.44737101021141534,0.1883495222953742,0.48335481608640846,0.006021181316088306,0.7980800321608071,0.33745395544364454,-0.031307559936036115
-0.02105082512992664,0.01830626370591088,0.015376282593830367,0.02126780439483036,-0.017371526703610512,0.011830746449628202,-0.0007057559205838372,-0.007197828241233972,-0.006310676222144814,-0.0013381066706841603,0.011524366620924011,-0.020115250368408312,-5.066889319117296e-05,0.014986836671198154,0.13409487501689854,0.004180616652430731,-0.007996891381265211,0.018875273329268465,-0.01648716420306588,0.014816873618655073
0.3120320243181972,-0.23648051137327286,-0.062767005150975,-0.11078492875682493,0.4554664563727428,-0.02522171235687619,0.17212262728549424,0.2933832646979732,-0.004427366098212218,-0.023446180039176742,-0.3800894708495857,-0.0031463923512849235,0.011989866924855354,-0.16350109952309275,0.7022583286732735,0.028851020367543907,-0.26088652673452073,-0.22790998321031833,-0.0005520021126571954,-0.29157932168692535
-0.01285227975201826,0.4640937146001001,0.455604069203642,0.00885879104754302,-0.3954320377381324,-0.027522588321042464,-0.07546864078870026,0.2127943493606032,0.006663801030127043,-0.009970205514644686,0.5941965784819776,-0.01974085626047946,-0.010269802637946222,0.46841792096589163,-0.135613801208317,-0.015607667487116113,-0.02229464094447887,0.17435686560473174,-0.006016370029895107,-0.053638593033106904
0.9878509815687987,-0.7156544141565849,-0.10564331584294392,-0.3744009103369506,0.18409569242428406,0.010638899030780125,0.0076468113614902,0.8873606416498967,-0.002401141734419128,-0.009195148972389974,-0.4625911212100505,0.02398563345398809,0.010604707547872037,-0.6119190543445581,1.2584952567397194,0.01246401595537099,-0.8000725602188968,-0.0641688117562792,0.010708416314514668,-0.7348413247540836
0.01224812650808717,0.1823395272889039,0.04456801552657764,0.16254888632760706,-0.039381607313025264,0.022379962946296763,-0.028620208965850207,-0.024650461237172124,0.0020339445326694565,0.007551822942470011,-0.032339212645485574,0.019170522037456804,-0.008990231312848665,0.16557221856232782,-0.3508798278587014,-0.01183725881845708,0.1755693173505037,0.04543101684305505,-0.0016914727590621563,0.03212646773530389
-0.489348736015057,0.29357507050134984,-0.0354818232418837,0.18235640891210578,0.12527632085833584,0.023175279484782093,0.03312749441111893,-0.05064077992661021,-0.005948789557458294,0.5829683365498461,0.08033480619799253,0.006606971952127812,-0.0011315607848385216,-0.024398759326989428,-0.30451305336898693,-0.033018980318149385,0.35046535965338127,-0.263339540258068,-0.2656797722737363,0.346175016132093
0.035000648321684494,-0.02686166108164761,0.020881990345447125,-0.004309229942887832,-0.3725647659386931,0.009042335091345246,-0.08975317786912702,-0.25130117821375325,0.009177996090883699,-0.017905779601673097,0.48141012253492016,-0.019435388905875615,0.0039881365202988316,0.5616099075554583,0.09417459045347801,0.029028393880956422,-0.00854744105614277,0.23545433156882808,0.02153613016461111,-0.04713968982585958
-0.03744434303987081,0.872127613476277,0.016684628835235818,0.006738988901579114,-0.42111952120956275,0.02922874379430772,-0.0929551294568752,0.008093376514858166,0.0008042297247689869,0.02014824310617538,-0.12994205889257382,0.0040612850547416725,0.009726319063250922,0.7584336150851717,-1.0102717233807834,-0.01494984288656531,0.963576412029348,0.19185530028341577,0.0019315536906201291,0.21137723791851454
0.12822495501265957,0.6518220280252753,0.2650098756138374,-0.04652945639513581,-0.8763460850176996,0.6052348082939241,-0.9832884700450755,-0.35323970715643743,0.015063868066361884,-0.13913408047786077,0.13139312748036744,-0.018519595877714137,-0.0003153872093757896,0.5556782387966341,-0.15264261274151225,0.4039303637671942,0.7537187057483843,1.2859452477246853,0.4295157550051736,0.1406507378202799
0.8122727385308247,-0.4477748200442082,0.15879005738792765,0.34533094162278666,-0.700433146272097,0.7797914410048146,-1.2671082501773832,-0.9616240827874221,0.022059300375188145,-0.4955388907680671,-0.07799909597156994,-0.009834513026275245,0.02074134912489623,-0.0088201698496572,0.6415745804719456,0.8842127254075789,-0.49844819745060326,1.856600267532252,0.9353596457202566,-0.43859941610209724
-0.059580482461930304,0.058464558394295846,0.0519141071203517,0.022437982947827,0.025411444853375466,0.12622676410853687,-0.12813841179431554,0.09636095592709634,0.008253270969163971,0.07405190225600519,0.2608883774119958,0.019186618550732695,-0.016108876830283975,-0.07007865167852055,0.004283510314745985,-0.009836388205737606,0.06983532054079641,0.0311651846787449,-0.021901176289007618,-0.042859193346929794
0.04697303078316416,-0.02024579913492631,0.9695854667543337,-0.005754727275659283,0.19127139981468552,-0.010422036382558788,0.8791582809538135,0.3497775030598233,0.024938015816260654,-0.029415308323714237,0.6122088706434575,-0.02795689009538689,-0.0018540278858576154,0.1421894328041015,-0.06039026591922536,0.029439488843906736,-0.009585572237817835,-0.08137536655327304,0.041544124773139235,-0.2942479159237341
-0.0231674651365752,0.0042214417591669,0.002188127662510627,-0.018440488279733554,0.022496571475183417,0.002833281551163999,0.015424883928518412,0.03720724212226002,-0.002439221367022959,0.041114838484567914,0.4232116962487691,0.004158958469520564,0.01217843654262003,-0.031699685590500376,0.0032389092877266965,-0.028684407592747246,-0.01582433012096607,-0.0681227764499768,-0.0011114284180187752,-0.10512578455291581
0.001974633482362955,0.15563969320077084,-0.8108734626400668,0.02909029632820921,0.2928615966759779,-0.005545312872334861,0.44319877652382417,0.0018878402929941186,0.00706277863842951,0.003229473322707851,-1.3329263290269615,-0.007646884974813016,0.012474704680675769,0.03761424640678092,0.08685684229466772,-0.02458635698856581,0.1806175899297217,-0.16130900945880022,0.9876336427866642,0.670946995670718
0.21001338681955872,-0.11184975993382987,-0.1473105203359598,-0.09645831408199919,-0.7649515271323539,0.0003686777786974188,-0.2621201638873337,-0.7280724985998847,0.008534468514155555,-0.24632534178195872,0.8400553131405901,-0.0032849230569113974,-0.031765138894663064,0.841456160387692,0.27837879133793336,0.334710796508184,-0.11094086337418287,0.7386453866001473,0.2958177939147181,-0.184028157737739
0.0784317932776615,0.01146200913842637,-0.39477112795108943,-0.042351918270711275,-0.3196793932794534,0.01381980863058753,-0.23504921859342565,-0.7610052573492138,-0.018847350509240645,-0.14804189944098592,-0.12097839769821903,0.006740991308539929,0.006421571800013517,0.5792509780372671,0.03275942762647216,0.7173353843785574,0.038577622568065115,0.781946695859015,0.5281595430311627,0.08789156982350804
0.07720447935789675,0.39189405455693144,-0.10180658022673918,0.2930424320408656,-0.2515375533155673,0.024044255675461902,-0.37697756442759395,0.255020228483869,0.6626435667211763,-0.09460290392000782,-0.2955770725978076,0.007075329037650437,0.01841030972227813,0.5424295441218479,-0.6412513153073439,0.1105110098395173,-0.03258073557528368,0.6767959865381552,0.1381319465402442,0.2834652680437248
0.03966407136602478,0.1168386020717055,-0.14568707996811125,0.10544911152259302,-0.14051499137527815,0.06503712861836752,-0.1695845377194282,0.18415369532489115,0.2053343091815239,-0.045868254116542044,0.10715346082565372,0.26405121102220014,-0.015256132010821946,0.2816697506536481,-0.1929399328187109,0.0461100669758189,-0.00777362987593722,0.17967737346445872,0.081173273523053,0.005807572474456459
0.027214217159208052,0.4058923290395766,-0.07119646456985748,0.1464000183406029,-0.20817911148997145,0.002935964291901406,-0.06758356655809558,1.163141394349973,0.32819774017366315,-0.05049720944562637,-0.1394538324214942,-0.01523869783415897,0.023186728544870375,0.4396604996462124,-0.4018464653555197,0.05075364931734273,-0.028559598386988794,0.15749252055996435,0.07267013400111087,0.0838830912187447
0.1530890149311101,0.5224851994389068,-0.01120571021103144,-0.0684356031300917,-0.29861331923167633,-0.020220725758881737,-0.030378780531350135,-0.009293402262781886,0.002585019905876117,0.18084052424465702,-0.1595707891831764,-0.009074309906959203,-0.021785151515007945,0.4046497979775521,0.18388185462523604,0.01672539047947505,0.5836947701701818,0.06044473304555318,-0.0997083848689238,0.015097977437766348
0.018296341234894393,0.07143914775611518,-0.5514425363850701,0.00876151471117496,0.15017989914251312,0.0176423586470415,0.744252641261606,-0.007439722288943576,0.005455760053073346,0.008406077905320967,-0.8448395888392616,0.0228393554512192,0.01240268186049303,0.04031561014620178,-0.14154367371918636,0.005824307083959415,0.10597568598844148,0.3805410535636852,0.6485945739346877,0.216922469079426
-0.9707728962228878,0.5358627266663295,0.22453989580048384,0.393846771565687,1.3172314406026011,0.33845211338694237,0.32947444618080696,0.9734957158643509,-0.015082541297687251,0.5302578480119384,-0.825720735310669,-0.013362972408347138,0.6944377793544575,-0.39074849117335175,-0.7985415721614242,-0.5172230786034312,0.735554355892329,-1.3087010064555946,-0.11978497022298672,0.6432746739010764
-0.03296802177771138,0.041027777876735436,-0.014618434268309818,0.0496586043262883,0.06682903464804038,0.01885134876003796,0.06010905833465585,0.0688389241247431,0.024537000049992506,0.01244070325419135,-0.035903284566048896,-0.004860048757329207,0.030854278699485066,0.014674668887162588,-0.08241220972090846,-0.0111058944749346,0.021290017531456627,-0.076375693319873,-0.01476952991022706,0.005482376744274695
-0.014291730279042255,0.023092824815035346,0.016001061111679097,-0.0199897230193758,-0.04380331554848535,-0.006806820416092048,-0.017344646679003033,0.9177031254931083,0.008865491418573082,0.0036290013675338863,0.0495668643550396,0.01461450637294604,0.015668459267883364,0.05024772433220351,-0.03513804897034114,0.023337113262621376,0.029420667018720082,0.02490502916892479,0.004306680511362082,-0.014293658371106747
-0.015326012015825556,0.03522508245796044,0.0034966203328162734,-0.0004676167080575177,-0.007618189062035461,0.009730650801246615,0.1979976025444583,0.0356402634213657,0.026884631887707344,0.013177256015241272,-0.009714570057270479,-0.018875309087202093,0.007434541366854407,-0.007502807452934445,0.00024243366936346983,0.004551222823414028,-0.009234904014586333,0.01839359023025949,-0.009311327246353883,0.019863789383344002
0.5347957613759079,-0.26678163423009027,-0.3674145147745196,-0.2398034625644333,-0.9970799692987459,-0.01218636750886028,-0.40602299937918257,-1.1025420987731198,-0.0007482975525949355,-0.6403293608447383,0.13831722043066996,0.0010086681272487002,-0.004604535401166285,0.6142394457299071,0.4751904970323793,0.7788502558195765,-0.32632992761461893,1.32278700816682,0.7691584068327143,-0.15138556627622896
0.2056123593690299,-0.11424864421191053,-0.15571888706402326,-0.05889453820351647,-0.39440811761476524,-0.004078155399949437,-0.17158120584083827,-0.44290118684611146,0.007561878063536326,-0.26020354940688695,0.1257786465259017,0.0016434974034041736,-0.019124801289222094,0.2550765567258949,0.16235359174067523,0.28172834607367114,-0.1299184148657735,0.5083918508544802,0.2819077958522427,-0.07088376088112973
0.005852535796538246,0.22184807548789415,0.002332211214376571,0.00274412791963927,-0.09755753916287141,0.015030275462511584,-0.022832050635067845,0.046052908637120055,0.030330722565731473,0.005008390507351409,0.6543140628525784,-0.018987715435516864,0.002760106441481277,0.18632231575774857,-0.261076393646249,-0.016889120529456618,0.22202992783601821,0.0629720950211467,-0.03127415665944132,-0.15758953645522777
-0.05454206767599837,0.03155285414576041,-0.01011283072112941,0.029911385575301437,0.010447459295834956,-0.008822648208348154,0.022816640698952204,-0.0002014554409187282,-0.00416946354977238,0.05189355334222184,0.02307732950211181,0.022338779629586716,0.01849578576600327,-0.012010294033113421,-0.008699440916213077,-0.020069575280460793,0.0532820212170195,-0.03197568809344964,-0.04016859576959267,0.07900994255356417
-0.20029174468190108,0.15972038450712644,0.43909729400592173,0.1549501857255148,0.09741701917193442,0.7958485088220277,-0.8830399833601508,0.3269008569016912,0.010977696177783252,0.23132092298822488,-0.009850092434997295,-0.009743303465740042,0.005385145007850821,-0.45966529722285254,0.274643097422338,0.015861488822442944,0.16396359535864405,0.5358552841491566,0.07659084226515246,0.12414839906179204
0.007423485788444666,-0.004425627856800344,0.006941158798195532,-0.007145317830871216,-0.021637220177496683,-0.009896291175038598,0.02803473648408448,0.02212132102035905,-0.02295127486429955,-0.02195759201437361,0.03713860456346415,-0.009818956922243901,-0.00975116216366144,0.02131300274795102,-0.008606537442309058,0.0003923517541548193,-0.007912983388257824,-0.02697477275165368,-0.020881400728325727,-0.023939247702069226
-0.00665450033778608,0.03471230021169325,0.03140168521654977,-0.003647434273430719,-0.016430130370927026,-0.017908186368393066,-0.005220947627699417,-0.01658681908613565,-0.0016124225953196075,-0.0006858850379016339,0.021155583756647476,-0.01625191006227458,-0.011399308211204273,0.01350061209763024,-0.0012549085513290474,-0.011035948164076737,0.023166612756740503,0.0021081896848598267,-0.01746783856908811,0.003484249085945154
0.219739733071949,-0.22712790338950004,0.08348579414774734,-0.05249403834912226,1.0776336986525497,0.2553087253986914,0.27588459959116823,0.9920667368025722,0.0028317015361765717,0.3787832682288958,-1.0187826190084441,-0.01138547602018853,0.44817668360730895,-0.7879120009238537,0.20380933515014152,-0.3436732990655319,-0.2091001122580822,-0.9927489007991305,-0.10315084804916629,-0.224864370774153
-0.028402414790525753,0.00685516854001462,0.040926193465389206,0.011376821978609102,0.05197817922855602,0.043279279298462384,-0.0053765532417249275,0.03584584589241253,-0.0034951455562306387,0.03943046698426811,-0.01191565194470455,0.01867416121358261,0.018482550827429754,-0.024408618743066136,0.001159259316555339,-0.023039376865207354,0.03870940455248276,-0.026042074741665255,-0.01724168407013398,0.01847184204452274
-0.04148690548969068,0.5375325991254581,0.8012698137057628,0.00144346935658983,-0.7463262002744864,-0.011806145147430842,-0.20042608091651104,0.17805536204603828,-0.034003780059401634,0.023594471739472007,0.9960792912922266,0.029993895242369003,0.017973046911058478,0.8970675546161746,-0.5187323462633447,-0.013015725368729282,0.6731784123411997,0.35999272857700504,0.0074626870882232525,-0.027439320822414084
-0.002833740733524358,0.01690972931292399,0.011277253275256962,-0.02302744228675876,-0.12250130476627157,-0.011031652115780494,-0.0196376853412768,-0.08650266099571875,0.013039803803084001,-0.002226190627549751,0.16180399980791618,-0.03137830869034999,-0.0036077063473395673,0.19171457310846965,0.024346461654460323,-0.008273313660902441,-0.001661773266531683,0.07243286666144803,0.002938054087890871,-0.00514729502407456
0.23618110025739503,-0.14891207969514006,-0.15277617596170193,-0.11589257740100999,-0.4554717221769366,-0.0229370306141217,-0.15448502958586421,-0.47021884196644936,-0.014226319410753776,-0.27878525637547047,0.7861390527273591,0.01525245286298033,0.016185887561517003,0.27474057755171866,0.20742541216834692,0.36056622137606553,-0.14774807941034918,0.589927800212534,0.3330559040717443,-0.31462824946212387
0.004680742307482047,0.014018302170419621,0.018770839072288725,0.005401138372066736,-0.017398351863809086,-0.020457383431228375,-0.0220304225195292,-0.016378629149139422,-0.015100202952417908,0.010850670512212118,0.002294667699380519,-0.009540035944850825,-0.024755894498953785,0.011386451722247,-0.035308220632706215,0.011936201472650048,0.0074247947036998885,-0.0008462599098352595,-0.027870935685964632,-0.010753446798119876
-0.3069610520080071,0.4331949640588101,-0.1571819818990417,0.33171908256999977,0.7908327182138969,0.4080330479956164,0.6573012497672988,0.7758438940370312,0.4379281668823245,0.39769360481151395,-1.317282884874834,0.0036027424317276414,0.7486822642098215,-0.004075787747662721,-0.6520290653937896,0.001568330012257797,0.29128055388532764,-0.6067867268390719,0.3151046125790156,0.4157426892308942
-0.2538909726439141,0.12430916867156924,0.04590232969474159,0.08798367823366125,0.83310046547548,0.0988729227570799,0.19660188689181268,0.5633755698952012,0.0011056256390354173,0.13828204388946097,-0.5004230284709951,0.012350652758800016,0.18604889249296272,-0.06689193278943735,-0.32515895579094556,-0.11602216957741382,0.18493178796359086,-0.5852795019056131,-0.020032203173169026,0.09979762331104419
-0.9004146813344224,0.5759542735565288,0.0023128831505502337,0.8106602027617952,0.7938421188715942,0.15271073260982612,0.2920540436198353,0.15987066950547268,-0.0008553535066601332,0.8289624502456556,-0.46844496334829605,0.02062568073760179,0.25066422779436776,-0.06560851951270971,-1.0728868306249804,-0.18464331992503097,0.7115258735309318,-0.8579604513162803,-0.1686555561903197,0.6251301141841081
0.02869928593455623,-0.023637514732666256,0.006748266639915909,-0.01794772350091567,-0.018778808094075485,-0.01293073279494818,0.012978240076341947,-0.003760615261318946,0.0028111632081574685,-0.026762431568265937,0.08645421230880475,-0.01794115826385799,-0.009123754223558263,-0.030954515344363675,0.04390148309279615,0.014510798035410147,-0.056567665705063566,0.012956828275154772,0.01937406163710603,-0.04473612236060874
-0.7987361586238643,0.47988726071593646,-0.08582716170100602,0.32918150176005845,1.1365845009729791,-0.00019103692496778586,0.3051801382814922,0.45553749230343865,-0.0230020313144904,0.9419651372432255,-0.48544722513033317,0.0007447032997480537,-0.011533652791468998,0.0589424388763872,-0.6897163935881988,-0.0076989636824525,0.5681476632743013,-0.8234343764215891,-0.3499449724497513,0.4375448762810441
0.03275483538047929,-0.0213807160472897,-0.011971609598681059,-0.004179714068074665,-0.04084963967574774,-0.02761486490542342,-0.013586843238305007,-0.023030507252709855,-0.021667703253128678,-0.016038621868176076,0.026584091728626268,0.011508503917420641,-0.006177448033955112,0.0016393612036839783,0.00946645998113466,0.020006839714055397,-0.012886617682537281,0.047543844902246744,0.019880882137969222,0.001994291577806914
0.8481049897526856,-0.6120629639875738,-0.07635188500676107,-0.3542370625814162,0.2107704300969257,0.009464841346233991,0.07417316509536143,0.32808773911432854,-0.02504681297367213,0.006951568050701695,-0.42615675628895644,0.021577313859577386,0.0010237768508299184,-0.5787810748596103,0.8009935684033058,0.009055402335758685,-0.6933562824082461,-0.09944250889453257,0.023232872255133676,-0.6321598213293129
-0.043088881078089905,0.7761397019669287,-0.16225155884268425,-0.011892010014384582,-0.45972554480817956,0.07829722766431291,-0.20428087968394665,0.15925863928839448,-0.053911009701093984,0.036391895031904535,0.44076449164127024,0.36655095138575117,0.015146379061124291,0.8092764242451175,-0.44862524909902735,0.010832283733622002,0.30920213020978826,0.2771975783458116,-0.038335555869101555,0.06288163438661337
-0.0004061896699504345,0.024243725641742146,0.17053323907521586,0.71722234393968,0.2874991486934026,0.007400690862998783,0.07613630647934819,-0.21306898838269578,-0.007774123305496799,-0.011850036179037706,-0.06947380472537872,0.0048883451848996395,0.01920199530203938,0.02213674169699928,-0.6830248762136251,0.013860409696237336,0.018863301810725482,-0.1381528391818735,0.008782814567051293,-0.06818417567035066
-0.03815129993974292,-0.001202976690570316,0.03094554105105475,0.9841694571096478,0.3766416447989719,0.12575399482306684,-0.020125365944341538,-0.24651043011876345,-0.07832602473233397,0.06354667548971528,0.33493319084939427,0.5061977241493113,0.01685728863410091,0.1479901713339189,-0.87019063171577,-0.021220431754502733,0.04725594606520766,-0.13883928678400972,0.01350848312771192,-0.17641269162684564
0.32014815026700194,-0.09002530426760515,-0.29958853109668837,-0.19958743100865367,-0.1153161121897198,0.1508170470254071,-0.14855272956256954,0.09020634409269565,-0.13675811887774847,0.07262465970775238,0.3212674426533844,0.6914349425534644,-0.01951119575975138,0.11653298021672878,0.1964932217657791,-0.023426234895896354,-0.017581113812834913,0.13513876067705555,-0.0075595644795095705,-0.3444864685213547
-0.8258835937144636,0.3903374966901244,-0.46159945119921253,0.22607525853277843,0.06462668973167665,0.23958009278496317,-0.21229429715268305,0.755448908843732,-0.19848165271640464,1.0125286088659167,0.9008479592152921,1.0081246273222113,-0.009529614580943558,0.2879667606185201,-0.24127250769638753,-0.022973390969550443,0.5889935264992762,-0.13216016901190195,-0.3704663397147781,0.3648926825991166
0.02790120281616111,-0.020939483859949953,-0.015994377642238385,-0.0426284541118625,-0.037578666363691546,-0.0024327855847291815,-0.03344662453906935,-0.0026593317890173497,-0.007380630259505451,-0.030004791388776875,-0.0013626575148089175,-0.00028115053217322864,-0.020308932137451337,-0.006053389584066562,0.06473995084787339,0.011880499783247811,-0.03203021049207342,0.030574825831595088,0.04023758102913392,-0.003013125937322879
-0.038114680231745815,0.02452665948258968,0.009424362605243541,0.0070452185314106965,0.03792244496555033,0.030885744572142854,0.604514706873184,0.021120073801650513,-0.00030383972080435563,0.019652363737330408,-0.01978091285900877,0.008198947289154442,0.010912590417999484,-0.0453459341901174,-0.0125501419994811,-0.01136094283466173,0.023673776392805903,-0.023836250526895763,5.7956823750917805e-05,0.021445409240242193
-0.5964461891081975,0.36335795382433245,0.10100443200628738,0.2443796264689256,0.7974364321718012,0.21958726596820446,0.22348338457428557,0.6014668081446951,-0.0033787488581984437,0.33104840423589094,-0.506791721930876,-0.0018975558870324774,0.4149392513971595,-0.19843420006784446,-0.5172318269401169,-0.33700573833331,0.48633781117613784,-0.818102746225027,-0.08027110133986796,0.4060417125940006
-0.08046939096387036,0.6460099943003761,-0.40261280023932156,-0.028205981962851366,-0.3290188689518995,0.17875333105575375,-0.14746188847933525,-0.04058712193552385,-0.13962768672826945,0.11438290137504686,0.19958761785283652,0.6868458364771446,0.005562859312687016,0.7354960415202555,-0.6829696959265618,-0.044266530397279416,0.8658625494046707,0.2176291583300232,0.16603345922161117,0.13470154485873967
0.013605268975486947,-0.00998547273642763,0.08207101452683864,0.4830428095474207,0.16645035082628357,0.013260668146967426,0.04170251197753589,-0.12887735133569223,0.0012005391641665385,-0.010164424177072716,-0.023722820156815604,-0.005947089232762243,0.007030122077751302,0.027559807683573845,-0.43342408550979084,0.006462767982487408,-0.003674454459510285,-0.09137639074887884,-0.00021368353560388925,-0.049444118823965946
-0.16264174175150237,0.12646533824954295,0.8089008669498031,0.08225090956449278,-0.07652673927449083,0.6203545961224447,-0.7379021047846576,0.2658971913102811,0.011467396285837195,0.2075677319606679,0.5130353198551048,0.008390417000704071,-0.008426471823157495,-0.3522875037386758,0.3277579979593282,-0.014994316092877484,0.11796630391186126,0.5046288943328394,0.020359861096353352,0.009846115230399846
-0.018784164505572857,0.7205800957085197,0.19496926342121096,0.7631873207058645,-0.044282355346067774,0.028006599263660198,-0.35938446746623537,0.19969527317146654,-0.0021273273805823304,-0.0008087472500594058,0.16313117521737866,0.002029074795878361,0.023341244848008473,0.6159792938650799,-0.227224127139045,-0.024362276516534803,0.0351014172807116,0.7065773392829064,-0.009763189691650272,-0.0008272344682663212
0.8631256994066818,-0.6482794612169942,0.08928969193372882,-0.33909837382858565,0.01629568266709517,0.2694338823778017,0.6873007075913943,0.3208552807637638,-0.012805004823911236,0.11649755548946908,-0.17735948644401864,0.007464309211891271,0.014218136685155456,-0.39622720087236096,1.001705146542942,-0.004561325231494698,-0.7157434780098173,0.1736519281854922,-5.9203566673728635e-05,-0.686592119191854
-0.05436217506499386,-0.09327193397720289,-0.2916540281442497,-0.07401836217387454,-0.03339434771312314,0.17542023439897023,-0.21187101186990637,-0.0583235259985148,-0.15833895491732572,0.0747354438541341,0.6050957204460704,0.7773175287541154,-0.004323321225313922,0.1565911508165403,0.18749155875175139,-0.017053323852158474,0.04165720749296245,0.11649669160502871,-0.010447056928076844,-0.12091509170681719
0.4077031737483384,-0.2785785685384559,0.4519933808997847,-0.14782118299100463,0.2163737571350293,0.8915564173152539,-0.9537581992031992,0.5907905633360834,-0.008890213811244631,0.2644471629857894,-0.2892836534108415,-0.016125395154590477,-0.014752368174554983,-0.9216751213332937,0.9627492555803684,0.024338422573878478,-0.3266645416319473,0.5536765271703249,0.07624452561265674,-0.31030459458243537
0.023231150539768132,-0.012540840835579175,0.004438201429472466,-0.016576035131789194,-0.04953432015431109,0.012299391886200824,-0.036074073713037204,-0.03360644266482039,-0.012127474462057912,-0.010812793316609585,0.04916619251369782,0.001280089055756644,-0.04716474641694957,0.020955359539900943,0.029225355231386228,0.0058709058093261435,-0.027367719789100145,0.04006503781914612,0.0039024992312124617,-0.038523512076706
0.8109243963895888,-0.556571233581297,-0.07082100909850551,-0.3411776861128666,0.23707162875389728,-0.0004901702787632224,0.06991877114867744,0.3751356559339188,-0.008191602769209697,-0.014597241467184104,-0.4610500433999004,0.00189006796409276,0.02055403759666745,-0.5292714007070336,0.7169635901755552,-0.01082929937147763,-0.650113045903527,-0.15231622301681294,0.01944600284187744,-0.3469620156892035
-0.02426940575726546,0.024467596963461957,0.01657461918919809,-0.012551486167291423,0.01350254624495257,0.0030691178021407914,0.10455937882785597,0.0552709852879089,0.015028114939453004,0.02026283275672293,0.009030075767113597,0.006231066137965996,0.012002876811002587,-0.01438766195308799,-0.02691268358599486,-0.008691937338632941,0.012849159920303173,-0.019366093262927493,-0.006525314178462922,0.017318880162547318
0.6861844509393117,-0.5050081917756765,-0.06228437125181645,-0.2760110375298759,0.1177731673069893,0.012593160070555307,-0.010476997231941707,0.23929085255564467,-0.005411649071950605,-0.03336378458433813,-0.31731058855619676,0.02341900441184047,-0.03117252720971881,-0.42808785924117443,0.6254336111100507,0.02569450143567948,-0.5515414701421297,-0.05772762001875538,0.015473094417012976,-0.5493895036728749
0.5004457354594228,-0.3724069712944666,-0.1161236862142151,-0.2074323467183666,0.9159008588817381,0.05268146940000458,0.18894844355591314,0.6830737847178177,-0.012396607626239509,-0.006293681667028888,-0.5656200728668741,0.2125257891143324,0.009765312834040283,-0.2854638502737025,0.29807590428123615,-0.013315993711222291,-0.39594374050244846,-0.41226588320342195,0.014103974218458513,-0.5454533559572097
-0.30739840399404733,1.1078888130313032,0.5138975040708444,0.14060792493283622,-0.6559303689890961,0.004423561322830489,-0.14469503251421262,0.3636971819482766,-2.8603202052189525e-05,0.37735773081717344,0.8788030179032664,-0.005503865699089427,-0.0007209245831809683,0.9121123876376681,-0.45905636192452576,0.016497757602239493,0.22602346621293612,0.24020264887163836,-0.15664278132513046,0.1978288581761901
0.06213051301080892,0.26890357512824414,-0.10065684871997242,0.1842083052849166,-0.17204648614472381,0.028739568245385955,-0.11502736178441611,0.20161576269823034,0.4406693370853307,-0.05860226714863485,-0.20938946348757645,0.0036924814117624376,0.006006941692107363,0.3474275087112297,-0.42800431551955415,0.08110385718098788,-0.05564900750486014,0.16970117684203267,0.10792986796480579,0.06757567284001581
0.0024243183446439245,-0.010238817179374821,-0.0028175657953318,0.010911539849257627,-0.008516345000674903,-0.017674713002845465,0.021101414606409102,-0.005016329472378917,0.011388848341612311,-0.007302482122779742,0.00837924981695658,-0.01525760170177409,-0.003830572057920854,0.01020010360451844,-0.020131602724253017,0.005815645603930646,-0.00738016332906804,0.0034651060530651564,0.005722616271619029,-0.01412371186367535
0.08312323009672637,0.3513279087345747,0.6771573184964189,0.2552002950294529,-0.5325858332811666,0.007402646554762767,-0.22994393357956536,0.2423980085684831,0.6065617767788234,-0.08694789728770944,0.9928025926929697,0.0008614674463149332,0.01318087217734035,0.5945236724661854,-0.49300470149505204,0.10849535477837197,-0.04507176786369274,0.36898869435617354,0.10064745260491605,-0.19113625336062848
-0.26732194330067294,0.1969252837860923,0.5531469719538685,0.11139015539880219,0.08024915149187231,0.9525373028116799,-1.1082425948056043,0.3957703890333463,0.021012328090684505,0.29517358924551723,0.08531581406975469,0.019968899205978587,-0.000987360438357815,-0.5430539812322003,0.41811453702797163,0.007002386156266452,0.18926142588746792,0.6968977078620083,0.06620518425044686,0.17478548666801894
-0.8968911678149077,0.5010472778190569,-0.11673163810885495,0.30343069858053845,0.16041704480523233,0.5666656604998657,-0.5980084145899898,0.01242758295186627,-0.13570443609662813,1.118999018317249,0.6840934511978215,0.747398625361594,0.005314737553006368,-0.02416249011735631,-0.16297080289858956,-0.022790825492818495,0.6676519938465979,0.10130380776996717,-0.33594103515084695,0.49258173078538686
-0.09236822341793027,0.07267309884570552,0.23851613467087346,0.011132582787523063,0.01995274291335697,0.40677718745045094,-0.47981114550114773,0.16139577098998334,-0.008924804627716353,0.10574249684131179,0.054811541810415754,-0.008362915206762633,0.001793743855898357,-0.2199366141001019,0.19518504920489882,0.00442568383530386,0.09776861001292317,0.28736970481291724,0.03194857583961776,0.7278731538520756
-0.06323496053076251,0.015979552891789157,0.03071488303988411,0.016836277920996748,0.042645168991824474,-0.0020141280449779333,0.031828487401866584,0.031092518377226444,0.008702435678586412,0.05021402893196702,-0.007606029973257468,-0.007058204477417045,0.020046975145462123,-0.029869288013227274,-0.028518049003163688,-0.01420426763203854,0.03320749359314415,-0.07141800458436659,-0.023003631888167737,0.049945079109675654
0.19620981009722857,-0.06874855678074097,-0.16277085452441584,-0.07470779877473231,-0.39031623182955416,0.014384316029786435,-0.15492894481862035,-0.41411449836438885,0.016789068831744206,-0.243215616906701,0.01489816199967808,0.008578773262586097,-0.004904149002819948,0.27276133930132856,0.12987143564126222,0.3006741911514544,-0.07546835533147467,0.49633788058091266,0.31481002147194564,-0.03925277653940456
0.029138586309004386,-0.014429749985175717,-0.0029872206050325766,-0.00459020405764228,-0.021936506936443948,-0.014764161955036803,0.025254492277591967,-0.04471502061728194,0.006865006934050553,-0.025667080064686796,0.019292553081830734,-0.00043985026199127534,-0.019998382511210815,0.0265736833257604,0.00775861307309725,0.005111786285135274,-0.00836316592823268,-0.005345306305433332,0.006855873363039734,-0.01370616958982046
-0.10926550021807217,0.09457126550971087,0.9964931932414107,0.05081137478627996,-0.20309986093753682,0.40777786913089425,-0.5591460050197473,0.24053255680725794,-0.01439211615351038,0.12697420171698937,1.0938726188410097,-0.006041710683217599,0.00977890872426291,-0.17984903092811066,0.25689269883293836,-0.007128758697841882,0.09083804726474881,0.4111496341257311,0.040181871779682146,-0.17731154976553187
0.4106946154412573,-0.28664869766413,-0.06472014395606372,-0.18010694639429697,0.04802509719680729,-0.010188141554037654,0.016593881898170036,0.13715689587661856,0.005130024025954667,0.06518329430107721,-0.1418057064344109,-0.003545555626239351,0.01084399389242695,-0.20029910009489849,0.4013126496085775,0.006086973342531386,-0.32511967756123306,-0.04333692136410521,-0.009193389730835621,-0.334198282427039
0.46820942050656944,0.06852037152081271,0.0008973306783915435,-0.19821482180132638,-0.08520955829844694,0.014180669200721622,0.8809979753896264,0.20908870077956762,-0.022810937605897474,0.022416072609654322,-0.29101412369724267,0.0009751101414950088,0.002299017335257449,0.010908232499658442,-0.0250381542204484,-0.01626457463809127,0.10398259093506426,0.004869486439821928,-0.0450034594208091,-0.2945674894145742
-0.5642948382773472,0.3296973023149963,-0.48082086561342785,0.20040728645433076,-0.39253086923784203,0.133013117841786,-0.3047809979026518,-0.719431489862793,-0.10769365903226104,0.741596419217265,0.6462944267546861,0.508910289648836,-0.011890262590276255,0.470497061412505,-0.1760404758577237,0.34823437225273907,0.49814588458181275,0.3376765396662488,-0.05265536847645228,0.41167893113670295
-0.002318786121049974,0.02675574517172626,0.007193229228125474,0.001834550293599301,-0.02045093262870165,0.000253394838047984,-0.002172432280006815,-0.0011268038729247427,0.01128280142030524,-0.003014310864907375,0.02466593799362457,0.00274594047081482,0.008313367116931718,0.041591696221533275,-0.03718620304366391,0.0017981550275034707,0.011212300251512214,-0.0069777484495534906,-0.010266658664803838,-0.003089496625177676
-0.12496501729276845,0.1101274672192279,0.23753415691715013,0.05512319437878793,-0.13276777267043072,0.4462117461769547,-0.5221516228093696,0.08816759305528116,0.008628546146796284,0.1414211251632459,0.2672929964302864,-0.000531171177391411,-0.013143910944766591,0.02063473843676814,0.2251913888452073,0.012470115969298694,0.09907403602178631,0.3827221677203294,0.038497579247756444,0.07848584864747614
-0.40752754253232526,0.2653299944457294,-0.049041431292297884,0.16173842955685125,0.07192129238966834,-0.016490821223354237,0.036335225303509605,-0.03370064396238652,0.016127145539556027,0.462894128538552,0.0570895968043524,0.021784317158976017,-0.016737221722759682,0.01268785860410535,-0.25799762711231805,0.019777865870544004,0.2974401366408023,-0.18896403432262598,-0.1919523648346033,0.2888604537582369
0.1449924485950823,0.5542018258238497,-0.1688069810168742,0.33976048682914106,-0.44675123103986386,-0.03169123846254004,-0.22193556120252006,0.37207431500082255,0.9485116860048264,-0.15734099406956012,-0.41277744223101503,-0.006445994388565505,-0.0014584803636428119,0.8338095241548937,-0.8645860963247306,0.17877070821272592,-0.1092344884799315,0.4031164699161687,0.17016975185847485,0.14905728336674035
0.04297868446721419,-0.050098071797243814,0.20967781919055042,0.9413821203035705,0.3201042820060741,0.0022341734377897514,0.8025113522046836,-0.29248674507607536,0.011171797046603643,-0.01637208891743288,-0.01636886035140673,0.011488435710539596,-0.011467853945751467,0.0018126049001951396,-0.8083147120836566,0.033018515964133445,-0.04662329077988865,-0.11083131487117508,-0.008227422235711773,-0.18073155758221504
0.5641059784422818,-0.2831558085990318,-0.08404632125306322,-0.22971288652001587,-1.0239273472375885,-0.013127430936311232,-0.4250951267695379,-1.070054192546847,-0.004667825015901499,-0.7020218201465902,0.3625593269092347,-0.004865565468668123,-0.0038980026669589198,0.6861300579328968,0.4538196162737855,0.8346525866344331,-0.3321828374058826,1.3866526768182297,0.778288776605934,-0.24914739905117833
-0.10403939641307176,-0.06972070163028392,-0.22155871462979276,0.7244167875602474,0.6206939716950298,0.2533037200584082,-0.07654360409195957,-0.08215187818137201,-0.21621357649313025,0.11635424902505598,0.5270750398586744,0.99597119125904,0.011290534265172689,0.22263336284890758,-0.6376663300205976,-0.032362385850531195,0.08247816071921596,-0.17738405725650142,-0.009482924230263173,-0.3012637862221945
-0.008163553592995797,-0.011762361434235275,0.07076961601275895,0.3807864083750034,0.19774931412295182,-0.004029205390236743,0.080756242967384,-0.08137004291672358,-0.005881349647880879,-0.0036152806201948167,-0.05023515663545316,0.02960155879726147,0.017025164079767074,-0.011043487205195608,-0.17225831588962587,-0.018312257062123315,0.025483943623380727,-0.10560393623405681,0.00694796665104461,-0.058623094804956886
-0.017585519776053066,-0.011406323273421613,0.06898924670703731,-0.011346797104903196,0.008858283680790554,0.0039566638765628675,-0.004459379126921382,0.07298387394594752,-0.003965533113205593,-0.0010593418989518558,0.05605684320389396,0.006892765688338233,-0.018092457536864563,-0.03280090701272691,-0.014273923100312799,0.0036775566336485557,-0.023668034716082306,-0.046720717722825864,0.004025603222490154,-0.0329166713607042
0.9013046814489148,-0.6333749702981163,-0.08234398288704263,-0.35768414852031266,0.2265621626441887,0.03429440528747058,0.05441236460137003,0.3531723672993085,0.0017826008315758538,-0.00366483683038707,-0.4735706258082475,-0.006467108490798434,0.004647164230169221,-0.5841966714964366,1.087089652395838,0.0197963658202771,-0.7312142273370005,-0.09601192697560265,0.007423958733135489,-0.6827606487154736
-0.009095470579392709,-0.006020301870982814,0.03773921918470549,-0.006707077470479295,-0.007348547136392896,0.06416758854193201,-0.06097975423180841,0.036115118305029496,-0.004627970075329311,0.03451968712935233,0.01465982817359879,-0.003913645545632633,-0.006481922039953084,-0.03375189182895405,0.0795200902922521,-0.00490078154358934,0.011872511332527598,0.03296066555054371,0.0004561324314980948,0.009760204737558432
-0.006308194465268463,0.022228080239753742,-0.014673150030447186,0.014253686592438863,0.005866130344046561,-0.022571067712271985,0.029221611833295438,0.005996818312539086,-0.0005798477394456589,0.011583332497302368,0.007578625860459969,-0.006844375814438763,-0.014908470732958246,0.007385904774653831,-0.020420293297640085,0.0033001397305454706,0.01266183325312527,-0.018697626508444896,-0.009224374948962909,-0.01041843051917437
-0.004776826266169931,0.002193592971301456,0.03413815543396107,-0.007515868257767077,0.0004882257630795493,0.04557644934879686,-0.04163785466547772,0.014216205533811614,0.020136357940102604,-0.00287138609310378,0.31584830628088145,0.004070740935607673,0.02646143980140693,-0.014899125769715688,0.019830518191150562,-0.004028509079076693,-0.02590376063229361,0.021743577709881876,0.006494599629596243,-0.07930815055401694
-0.08134776817990785,0.6959859237692572,0.14686345200223758,0.030202548959646663,-0.9272342477959504,0.22354760254065578,-0.7958141516848093,-0.003726875258818166,0.001161976995486733,0.08834611108900388,1.0244233926922088,-0.009645907714573455,-0.011133623646822766,1.4410767723785982,0.0023331608406031703,0.0011222411013877978,0.07588285816349379,1.1917855784794036,-0.0006121281634636833,0.06675291223072227
-0.007258788994870618,0.4359935619229684,-0.00759489577044892,0.03841735065726047,-0.19389093600846438,0.0005164526524347093,-0.5737073624519372,0.14292948900240918,0.10467720172987795,-0.0019135572390945425,-0.1580914419238848,-0.0025836051673476523,0.02082016110667926,0.39317789466054026,-0.49811360289536155,-0.0064109169758468365,0.40527087479478763,1.0735685949719613,0.008766423011447347,0.11484772721371028
0.019471312488787362,-0.029697883170123465,-0.011999113839002477,-0.005586065715193355,-0.03311519024333911,0.0029865336420566773,-0.015062350914829799,-0.020128822655708603,0.02562626881845928,0.025084134190861928,0.01102792495929194,0.0019262968005014976,0.0006886159800687233,-0.002887045429728249,0.032395300974340936,0.025427696011700456,-0.028731987902773974,0.042574696708269424,0.008476529070405298,-0.010343179851006721
-0.40032231461666756,0.31622545565014704,-0.3713407819273124,0.13619139806046315,-0.5768933865500179,0.06839320873126041,-0.5527882081587794,-0.9666981730571048,0.0035264840995296275,0.33704105382384625,0.07134118288031786,-0.008767177350158535,0.1388210479633274,0.5726125277676002,-0.17820894375652063,0.6275339368424894,0.39925171502339885,1.2052217736375699,0.3483369269526543,0.5190799733270699
-0.08063297281199035,0.07559172972447907,-0.008046942164621814,0.039464953773461584,0.01366167803990057,-0.016692130658464588,0.005600054287254282,0.0008772773885412993,0.0250855633569738,0.10538694569960427,0.01987107244667809,0.006602662094332775,0.004276125514148084,0.022263422675958162,-0.06841918331937547,-0.005820251721010453,0.08769969645009584,-0.07545105613021925,-0.03810272972888015,0.08055331508893285
0.16860606715120102,0.5161817094255761,-0.0160083915131844,0.829703605081815,-0.2648398309854881,0.009918465765990769,-0.229985670603042,0.39366057392705883,0.8603092823317977,-0.17246263977736132,-0.3372514412867583,-0.007482865964818017,-0.02260654357293918,0.7841695058503506,-1.2187982693694337,0.19900625842349773,-0.09519263675712183,0.3721234689741289,0.17047779150155615,0.07083762293627864
-0.028740476412305795,0.0027226359053690603,0.0023667319513901485,-0.0004272330218673651,0.011912641655441758,0.014852682079668812,0.037502767860782,0.004372234108853231,-0.0062014272957972814,0.013775301210301565,-0.027389639215267617,0.003975989509359359,0.0114637963138539,0.0022546359073080773,-0.018681502745630997,-0.0036644733207079746,0.0022650441029796404,-0.034434958996835845,0.030388405815405296,-0.02339943429560124
-0.0640401256404492,0.8639593350424007,0.008134229474262542,0.02572551330144837,-0.41106986331887535,0.017912050277231226,-0.094424144648958,0.435084772043951,-0.0012405696547125148,0.03749596411615754,0.22403736227247117,-0.008650321301202078,0.011081989083844728,0.716913575816861,-0.3081690091835002,-0.049118294773659046,0.008366627652065391,0.17109008116995383,-0.013093282405688085,0.09792033313297077
0.058340961959497284,0.26636900381802614,-0.03464921123677509,0.18728563089906552,-0.5953650588419919,-0.009765209829576228,-0.2095260358427569,-0.07555373727032275,0.41439039093862434,-0.07623081797417033,0.7182111478953294,-0.010828857668058467,-0.014624685119021989,1.0297261620779825,-0.3216768299536636,0.09994440764896981,-0.02112333856041061,0.4115073206707385,0.08011202267720476,-0.08034323305452701
0.02326089595209868,0.0016967680464826565,-0.0008221691813773671,-0.006143614576322152,-0.0630055841902071,-0.01857935131827883,0.0020748292827195477,0.8736348699550615,0.011996817740965358,-0.02984993766256172,0.03342170675710295,0.006020348290378437,0.004650404047140451,0.03234614648269147,0.013798298855799692,0.009372185599401568,-0.006829770878995172,0.04492185309719049,0.014581549394876742,-0.02044319726492364
-0.06509483930501533,-0.03346857869465507,-0.07631026166989964,0.9345054982438886,0.3680372225495161,0.1979506777961317,-0.11731273697501174,-0.28233857520082123,-0.17206329197699294,0.06600524858884435,0.5472890027831703,0.7862635785742573,0.0139903637225576,0.21244302623894232,-0.763370246418409,-0.040258302084308424,0.08569937420878652,-0.08138138711939863,-0.003740496597784192,-0.2563129292777205
0.009142432017532804,0.004921735796515182,0.6345519947818397,0.023649533660616492,-0.22510176462049994,0.023515711155654456,-0.5368009726192506,0.013781905676120185,-0.013151921032785022,0.020885415869283212,0.6240383251879386,-0.008797804683038948,0.02118505188421279,0.019702833912652727,0.061977196719166266,-0.0002945848554794673,0.02324310218818198,0.9957372318598553,0.013879793910023195,-0.12327968917645045
-0.008384147037577984,-0.0038612544831385046,-0.026627850402182435,0.006144241439167841,-0.018885824177554186,-0.024935156806653192,0.008901691370484122,0.008576923276879145,0.002024627441553545,-0.006837136459078732,-0.02020498260087993,-0.027597954896394543,0.017315581986816243,0.014702065681471602,-0.006142246792080827,-0.003186457099695972,-0.012519649693945867,0.02581084627017363,0.0008992835777745511,0.04743452000863692
-0.08631743514909171,0.12345046528557414,-0.20197287910239273,0.039601576407180476,-0.3164386061352716,0.2308565220912334,-0.1982474067030862,-0.18328364815859105,0.004610496492483629,0.10596786099460281,0.08730285763008534,0.002761725395423348,0.008174015424448403,0.6616907133197273,0.06102406885303445,-0.03127404917366642,0.12949775516090964,0.28085192446501234,0.4180543302937182,0.31973937394134094
0.001814553111032187,0.22237786046529678,0.014439160553712894,0.002170727739406116,-0.11714684792750404,-0.024748692171681727,-0.027095993866513044,-0.011212874500955278,-0.0004526263366112721,0.02075521713747217,-0.003529734203813308,0.005457139365258013,0.01643468712198063,0.20467184172753455,-0.23254792084184453,-0.011170354567308872,0.242648085664724,0.03486944423653196,-0.014372395090138409,0.07455236980743372
-0.6543441926759188,0.9133517126279777,-0.06960705488766587,0.24108700111837061,-0.18384007690334184,0.002844552997742583,-0.04735292163788357,0.05154106546080336,0.01041717684134777,0.818159749401764,0.208355692946483,-0.010277972607510656,-0.019225153812073036,0.4932375190376028,-0.5773467138006743,0.020666270081592143,0.45348105257084614,-0.14662978424721607,-0.3367966404336421,0.5389695433944864
0.690788256194172,-0.649500168999887,-0.43250956673871604,-0.3758250012738179,0.18769786064146968,0.22520220736586177,-0.21224119560873034,0.2807246757478407,-0.1998485237951461,0.2052307917304907,0.3476148730490214,0.9639019458753304,0.01215972725673329,-0.333540286295538,0.9166936226191621,-0.053374426535095644,-0.5465105919266011,0.017479507971745058,-0.026969074850322038,-0.7291567224943011
0.012833462285384926,0.0033559853963687062,-0.003125813934450913,-0.025708156760361846,-0.06963226545021063,-0.019594464470548665,0.012961022239946015,-0.027956980486382788,0.019117848686475647,-0.020125409604783866,0.0940230697820154,0.01916744810023658,-0.0003383569466649094,0.10391177239229486,0.027146100270723825,0.004528109488984507,0.001082632281305865,0.01098832686937576,0.017057250601449185,-0.007667894539094061
-1.1320169711743622,0.6948404295440361,0.6870047813269882,0.43821119814324305,1.2534364477178115,1.2170799642600088,-0.7219042813655441,1.2670891804319604,0.005661403452229158,0.7773283445786985,-0.6619499466068804,0.02021462018786814,0.5851423794423195,-0.8332763308639423,-0.344789741324206,-0.4524390798548221,0.8865149684313004,-0.5428699465115651,-0.04361040024892327,0.7312469570330441
-0.020992860751534302,0.05898284826031584,-0.3027869833816359,0.014073186768387716,0.0036279659084720167,0.04805666956918114,0.004299738035582579,-0.062037296634207297,0.014989203641045673,0.013308277433558195,0.005892579437073908,0.15381393183504471,0.004432167970135237,0.6819899735839842,-0.04119917503755,0.004413357082532784,0.07560168488611416,0.03462970579510363,0.31109828980359816,0.04288673601818769
-0.02447782298926163,0.45941428924558514,0.6880353105251452,0.02145757107807527,-0.4596566341881293,0.019551822876428843,-0.129444862598514,0.2441924868821639,0.013021882999278745,0.008844618148436775,0.7698198881837682,-0.007377125248409811,0.013027088843214178,0.4846859485933145,-0.13190331233410002,0.0008082746412018193,0.03147687434541276,0.2299174446954278,-0.0007716006247174018,-0.07064619204940581
0.02850163480639279,0.8033362019403325,-0.03548542955955088,0.11297864533936589,0.3760333481856927,-0.0143262179550747,0.015722710212769955,0.9335341633056652,0.31816396255538115,-0.026828775250090725,-0.45294426792870507,-0.009325509443293446,-0.020579144677172072,0.809235297635788,-0.7104645060926271,0.05886625078767023,-0.006757226962384875,-0.13724394596675019,0.019701466554995245,-0.01630591865514811
-0.0041303084258013205,-0.0061635932572986964,-0.0059551604229174685,0.017557060129561847,0.004332016460669011,-0.0010397403740554847,0.04959105460053092,0.02107556329411063,0.013288435251517487,0.007240157354908465,0.019102618196748203,-0.0090411658491645,-0.001517246914496431,-0.008597601199546048,0.011733811154383022,-0.02565432191741134,-0.011186183674517824,-0.0185613988215919,-0.0007612688976210025,0.012605058379222888
0.5223502120560134,-0.36518720481378847,-0.036790305797530606,-0.21409756055157733,0.10640754190412191,-0.006717022702322092,-0.47694699368125526,0.18349454873392257,-0.017591209379555602,-0.021797387683672398,-0.25461566823608495,-0.014403955071084863,-0.0022554153648385988,-0.34070641095624493,0.46390870152272795,0.009122209880412593,-0.41904310297237923,0.9537809889220208,0.00019561687738532674,-0.4411626581025449
-0.007361849033333213,0.010011022184195303,0.009081083549118164,0.012996404409874584,0.0010886235530434907,0.008582697921617196,-0.006273383350612201,-0.004226458748831165,0.017305417065250253,-0.0018636194980508926,0.007327079602653434,-0.006503035559822521,-0.011398964651680147,0.0034494851411972704,-0.022602499523011917,-0.007472868110410113,-0.00869935471958234,0.008039649344159086,-0.0009381426255200848,0.008526239477682456
-0.07799211801723195,0.028969475271570413,0.22551935662327638,0.046469863537123776,0.0397221250893425,0.3849870025557192,-0.23630713342491405,0.14299870030893466,0.004117659986199819,0.10060798823871045,0.01961726403482457,-0.01887022389815625,-0.011385553476445131,-0.25999020360908065,0.1973948923397249,0.023800303359132975,0.04903008081886108,0.25594043750172224,0.03497569051196448,0.06413071966474328
0.00745938531663244,-0.028451187925657952,-0.01996183426524249,-0.01412520968183258,-0.051586652639398545,0.025501061411488307,-0.031365527253223655,-0.0380247944981222,-0.0020350802395690372,0.017803265598861178,-0.00015611626842526247,0.024002743767357202,-0.024607102570962464,-0.016433883106285168,0.07995789471180584,0.022008177525210854,-0.0164153735403105,0.0627659103728383,0.03736747246432234,0.01006086382246719
-0.8211562859295077,0.40405292172369084,0.21802361682558422,0.33631116954942336,1.9769889974091177,0.5440850335330494,0.49432813954011656,1.6467972980197867,0.02854548766918481,0.7451297359026475,-1.524916489094691,-0.021811883308944638,0.9881426627175326,-0.8870935744568652,-0.6423926764815591,-0.7159597052175061,0.6414981791938985,-1.9106215846462595,-0.16657083586093635,0.5022790717513475
0.5809669068782676,-0.33738384716520614,-0.4875425401338144,-0.251060356939915,-1.1180904509395084,0.0489210455372623,-0.7224526882071316,-1.3321272477939496,-0.048783941443536157,-0.7603095890370353,0.2097709902018145,0.12559175931156175,0.053866629542167706,0.7380671445125013,0.5660994227720564,0.9386109349590758,-0.3154701254962839,1.9724130236574107,0.907329330101249,-0.17051880147845164
0.12832207323733538,-0.12910205538474756,-0.19264414706924546,-0.08872016147676222,-0.07408432850072157,0.09717231084661795,-0.11447768417167789,-0.01365439137194939,-0.08685814882160636,0.011876398561473628,0.2992287140323202,0.4471107012387286,-0.02917910853620263,0.098123127932381,0.20881002649365787,0.011210602673955369,-0.08681724667103707,0.1486401799887438,0.04659989997511297,-0.1814211211626869
-0.016046070070780957,0.010057673850112577,-0.026450793526150047,0.001681322414321698,0.029121228818802514,-0.009818582531375016,-0.12700882243470443,0.011168895681450478,-0.0003210472740395069,-0.009873784579246252,-0.0380192667617418,-0.013125545394735316,-0.003378992879522915,-0.015982013809966153,-0.007675491989712159,-0.026647020538153814,0.007589702158730729,0.27682972741881245,-0.005444942054261135,0.008224196073950401
0.001224984148144011,0.131276614095944,-0.7290861334453115,-0.01260750358301795,0.056582598625749096,-0.006937400786048327,0.3245470893462453,-0.11064456892835571,-0.00273063343055247,1.9247051950244468e-05,-0.8782855484123593,0.030466934113339394,0.05360500698003527,0.32891620714548897,-0.17594439133771367,0.010489265037095118,0.1605632909035472,-0.010603653112401551,0.8665976901284561,0.27492565775851546
0.21251366467321778,-0.08130906179017486,0.8520138765185707,-0.0950260633410539,-0.905152093229728,-0.010798938471388523,-0.26271260658065315,-0.4816340917647377,1.1870229047084718e-05,-0.24301755897355312,1.197649873359676,-0.00531472357002315,0.004478955854584065,0.569549794977531,0.26921909572019087,0.2846019657980597,-0.11054194555189098,0.7344611812993892,0.27356254702304184,-0.2666056657813351
-0.02030379534979774,0.08885732542728514,0.03684550322107399,-0.008806557617365027,0.8328543108190252,-0.009906069053893834,0.19321417344031064,1.1383199384008142,0.013745709351869079,-0.005913266009375024,-0.464660261285046,0.011920319793739712,0.0020787227590088886,0.08084249143733865,-0.29383400760722467,0.004907695566920507,0.07863369990623612,-0.3813670703336471,0.005059641984726533,-0.11933417688459307
0.9941880408223999,0.04910727135470169,-0.11057309034778402,-0.32841660875714257,-0.42736108916052296,-0.008702747139736606,-0.136149805876132,0.8599231780274731,0.14831126383975288,-0.030375756997439066,-0.3598592698096694,-5.645309782403938e-05,-0.013850936919937096,0.47096022955908434,0.027560023255171692,0.03817360173605455,-0.06054177626652601,0.24304403206120972,0.03281707581649424,-0.5797235869204168
0.003288587522143509,0.06438284458208025,-0.31908225720778777,-0.014912059578713409,0.09577169909936487,0.01429865170512284,0.7903838008095235,0.035846126572767985,0.024651533631391866,-0.0020643797787019726,-0.5128814165379336,-0.018172470691396957,0.00822907838687791,0.009170504166591773,-0.11504882667908217,-0.005658171864979148,0.09394651396912851,-0.03621352404086867,0.37808183197545137,0.15832698825256358
0.03642427294585963,0.06813003317422134,-0.3290922555427088,-0.019453582193727774,0.021275931247874053,-0.021735288304426018,0.3415538551073192,-0.07376711981000254,-0.01202611958418434,-0.03088058243884305,-0.4734404676894553,-0.00217242213130877,-0.028576435638325848,0.04525772112481823,-0.056902713564292835,0.04624296288221262,0.03925263243306698,0.0185966815411469,0.4215094928172619,0.08823150580092293
0.02322186314607935,-0.017956839781122065,-0.018486939304404336,-0.013642409449004668,-0.0001566032941165401,0.01353011944519603,-0.004959380303643347,0.0011644015986249949,-0.0077510402720795644,-0.0033972853653413976,0.030699313206685147,0.014755263382372458,-0.009014580050681634,-0.011785481200998814,0.009182905938552765,0.01971423851329763,0.014455258758408314,0.026683831687513,0.021056076348054887,-0.014364743862129124
0.025217249841214807,0.8387806631630511,0.00571206859286175,0.004900418123957089,-0.45615317434215424,0.03038472006433188,-0.15746778231414596,0.4188629066119772,-0.01056009078896654,0.009032403454677335,0.2222285280675463,0.015222689688754003,0.0032877731048506003,0.730967776233448,-0.30873514337686364,0.010802385976434627,-0.0012396440237821202,0.24597365806361177,-0.009785973283934761,0.7372380925056339
0.04064661631231655,0.20213295916445784,-0.12392129383713867,0.12249386245949218,-0.17984780086926655,0.05285371970941058,-0.17039828986853262,0.09271660866374298,0.2923164330014812,-0.03218593654763244,0.7951882974666727,0.28223132073074664,-0.021151451180614532,0.3814307138105506,-0.3260407612645165,0.05833498942281609,-0.009049799204747543,0.20635615708091506,0.05355103586496014,-0.23019737643889018
-0.01973615375062056,0.7642106274927708,-0.00189685417760213,-0.020295070142443392,-0.41964746630127,0.0176186301118684,-0.12080825907127996,0.36844055356954647,-0.010526000673971097,-0.008684391547587024,0.23635733022562413,0.0062946576505935135,0.003925137344943128,0.6681831983596539,-0.2606591342609737,0.0035984784024870597,-0.005760524665072288,0.22306765408170576,0.02393175009479368,0.054372528912199944
-0.1952332470057327,0.5316481992933646,-0.15852920588560834,0.33704772867475014,-0.23496995158814676,-0.011644160872113493,-0.12698514862335597,0.1488160728159608,0.5763989498046986,0.23148848770710412,-0.1873621932504506,0.0048549897677622085,-0.010400631412768232,0.5611282324295098,-0.7524870248017796,0.13603011211055527,0.16870102053546907,0.14218203994731496,0.004835087124156146,1.2924468137094012
0.7330611648523376,-0.32009133928088823,-0.0908108456872672,-0.3170000089338999,0.13421585576869977,0.0025378165727127557,0.0318905587925352,0.3130671945540137,0.003953211482611587,0.21401010737027223,-0.46639517972096084,-0.0045393148094227155,-0.012307534647685966,-0.3809716223154679,1.0097789220784847,0.026677755334346447,-0.35382117779416666,-0.1149672816136231,-0.10369124457654681,-0.5129000061920882
0.0010359885820086095,-0.002022442867818046,0.0014095411485124144,-0.013098471957176921,0.019616305170400007,-0.009989771334610171,0.020733047496555412,0.02816566766795777,0.012229169183327938,0.014529901343834662,0.011489566462166142,-0.012426806624721677,0.006368087483368744,-0.003038505034444158,-0.020113302237408315,-0.02163007330663999,0.00816456034346081,-0.013209906582593089,-0.04813756458305465,0.003710348423019351
-0.33986693642087135,0.9217005847476297,0.5078020943762613,0.5985264339391881,0.830606929058098,0.172281102185078,0.03596396662443763,1.8470014257818101,0.9754182582957814,0.10820365790706013,-0.7530436798260224,-0.007844781974303596,0.3352004099601863,0.7401395162832077,-1.4915057918315406,-0.04419623659704565,0.3203169107874705,-0.48589289879782904,0.12606181091492955,0.274745859157906
-1.0901149753891732,1.0903312827621754,0.23301527561441704,0.45341406855556843,1.141396088200891,0.3742990356979151,0.3068125012222369,1.0616920331824238,-0.00017413695555150975,0.596072636196343,-0.9550891768309323,0.0012681818055271308,0.7388447798239024,0.0014733550036100176,-1.4048691283618695,-0.558373811176184,1.3415063292472105,-1.279271350631115,-0.15733003726537093,0.8488260767201319
0.4490258759744845,-0.21604893912246373,-0.348796974151323,-0.16922552598217133,-0.8741001464906455,-0.010251661622360665,-0.34208225976242945,-0.9595658539311741,-0.009472686483286807,-0.578815462673883,0.08001609284536065,-0.009792707343326225,-0.01688534553214219,0.529123765452636,0.379111972650208,0.6823316968059137,-0.2339190408673525,1.1758021198918036,0.6803560475447625,-0.100037443666925
-0.10110107125460269,0.025198161600634886,0.15733864782779167,0.030530905279777337,0.058690634266727555,0.3213384241261278,-0.3414872281534238,0.15083522517758965,-0.026348904751865212,0.10977153477638757,0.06043492508467621,0.07200320856128394,0.001219904679517216,-0.20589005925663287,0.18968611033415125,-0.0002828082249322853,0.04274268606992602,0.1861896532550587,0.016280233611495748,0.022792086823863293
-0.04039651178810694,0.0039389581780101945,0.053962674594174094,0.2448822254976293,0.1588526214986436,0.01071879614890129,-0.0019794643518767936,0.014357534521211262,0.024463829868420932,0.03527996639490951,-0.06706002475525472,0.029615169035844754,0.007680632138670313,-0.03263982150331406,-0.2463569049746703,0.0021119863003057886,0.01743519926520109,-0.05312390339365983,-0.009820230595443551,0.017038857688047245
0.004598715869709191,-0.013830349684912077,-0.1726515502451566,-0.02150761900853965,0.06127309515830484,0.001966052766480602,0.07235533510745353,-0.0043782118211210105,0.007485904168587689,0.00544935534370828,-0.2699214976376551,-0.010564694229748244,0.0048770164423591385,-0.017517206584836627,0.011517620900604028,-0.020886677872838055,-0.0012480722548130346,-0.029300273076779442,0.21520864967181272,0.07377816359361156
0.013933572089731165,-0.018606351164574014,0.004775528622878396,-0.0034371067825135788,-0.25181303696065704,-0.004483572132982807,-0.05987399963232697,-0.1700547652742219,0.0015449450781101414,-0.01991542760823419,0.31844773953627575,-0.03066987749847184,-0.0021077523899095743,0.3810146042548142,0.038897517507426704,0.010524259100290596,-0.0373601431214175,0.12513580377313413,0.012212412053614728,-0.037047325734662566
0.9211380076127611,-0.6520686666603374,-0.08216767591267374,-0.39914580413410883,0.1581680149322352,-0.015691969139040363,0.052462338389073646,0.3150218017105568,-0.0200692790529835,-0.017635105993737188,0.405371480972158,-0.0030502641743852515,-0.0016554131275010736,-0.5542386580614,0.8477410799362336,0.02561753899819099,-0.7355706026213206,-0.060178536470540674,0.0021470639243639676,-0.9550306358622767
0.7373659997887828,-0.5361115798251579,-0.077706720332484,-0.2921749000094248,0.23033578740513627,-0.0019866831898747795,-0.13126339245235577,0.3143929695987152,-0.010329999134337091,0.015735150682167277,-0.3797868938315254,0.0214246257953485,0.03420735328372729,-0.5089532928716605,0.6483863087440325,-0.028388761744465002,-0.6062062761973511,0.21015181918368675,-0.004445894247775268,-0.5529465375885495
-0.013375969495045513,0.027022562511035294,-0.013576029011870088,-0.0035795877053283838,0.7902904565283038,-0.006320287013134931,0.181469994763952,0.5198110661466637,-0.0009203833157676558,-0.00304819341683931,-0.48664606093814805,0.024362934501639396,-0.007130431249675413,0.013866707595235951,-0.21649643514689165,0.008650206127565653,0.02805139344781545,-0.37481320826401177,0.0033104431179331057,-0.08501187086800185
-0.1991714143690847,0.14203502839509083,0.5075278591736582,0.06184796962571467,0.035363283663079226,0.8824529792380412,-0.9989794773173534,0.3661780459615156,0.006714377666667713,0.2195705599300652,0.0645728636263768,0.011944154124661814,-0.04033674694473152,-0.5099839502312669,0.4552341813531878,0.0318768248724678,0.14804589626568196,0.6009346409582845,0.07341932870912414,0.5998349873545079
0.024138159106332917,0.5849884320216119,-0.004052732447154928,-0.013983584849374248,-0.3491030227370069,0.010517593608617036,0.47945998036195353,-0.037473460086144245,0.0037696609388053887,0.0054257521823324485,-0.05634432382889104,0.0013262593853138847,0.016255075885188996,0.5051868271333685,-0.6748345882752661,-0.007000623427762271,0.6481067330416673,0.17789243316094344,-0.007120323113992196,0.09747106690502859
-0.19378379535413998,0.16605259692527716,0.4555784629758029,0.07174725668131668,0.060337123657829644,0.7495172786025288,-0.8103766308035837,0.31699029583546795,-0.010188722518625992,0.23342562131602881,0.8480385703076986,0.0056989911274863,0.030512512278438507,-0.4141957051389737,0.3251515343915517,-0.02103405397773559,0.1617588098279844,0.48454414022704867,0.05149607197997544,-0.14176805050863783
-0.039732758210654896,-0.0076367614491472564,0.12691642911757958,0.6146623611637413,0.13245391131022635,0.01199915342449393,0.3901508217974573,-0.2448034497852914,-0.002916117915369433,0.026804302575598238,0.13658653482667352,0.001571374552359145,-0.0025479079913719137,0.2705198900374948,-0.5146742267934972,-0.026295710649166464,0.022464803129256028,-0.10024976217299043,0.0024270728179881587,0.059643023034088805
0.7406576356668098,-0.5547550025502753,-0.07485715080820175,-0.3167833038836437,0.15258181320511183,-0.016389418998170063,0.03063607951276389,0.27897809467142815,0.018543373614732586,-0.03603960683998769,-0.37589267592761844,0.003369857123850056,-0.002224444302045655,-0.4938498052890566,0.685694999631152,0.014781621361744431,-0.5972821068525325,-0.05437421818022195,0.002223139246874805,-0.5540411645788788
0.030228523973026077,0.23663851471036862,-0.015202919125904945,0.01029876710294977,-0.11977804167380658,-0.012174038115109208,-0.03608605486589378,0.09435032995338555,0.024099098178021146,-0.01004279477800526,0.07403969995435516,0.0276966820982859,6.045028905049543e-05,0.23588359616075993,-0.1517560405336312,0.01731723871089218,0.026133311994332265,0.0475460414978463,-0.01355905966862762,0.012762035258627525
-0.4882298432007679,0.3148030535835753,-0.0717314234453402,0.16666427826066404,0.08860468313844243,-0.021898344872153773,0.038999173997503224,0.532870523618855,-0.0217146228989248,0.5942167802554662,0.08776273681543771,0.015788731184119928,-0.03223733551436413,0.040941076709239826,-0.2893641775313015,0.02474396922887493,0.34069198780767573,-0.22009171961620383,-0.23907013611710548,0.31581747183168785
-0.8358303741545192,0.9628070520689181,0.15175995579819918,0.32818947046637187,0.790172847142665,0.308065375099824,-0.08147048765750704,1.0255570120172275,0.01125651465795213,0.4341213455933446,-0.5109588335461102,-0.0026625144475391797,0.5499142302177903,0.15557373703228855,-0.9042509997145833,-0.42302011827170777,0.6326916390054971,-0.37461280756239607,-0.1091721205135591,0.6078607549684983
-0.002660380935833509,-0.024342176273675156,-0.005916722370911268,-0.028460578198431043,0.009046761437857168,-0.011807695817255968,0.02496315233714373,-0.011269439939577169,-0.00011413700190988398,-0.017607768767745807,-0.0029970829942340873,-0.023353978395888948,-0.00304018738470334,-0.030551405357433968,-0.0008282034422615204,-0.019942501018224344,-0.012986853655521914,-0.047830039874175424,-0.021506327970076844,-0.005417510045025274
0.011782260067334197,-0.0335551130544648,0.0005167936974513751,-0.011319752467170131,0.031398046426196195,0.009466416188078714,0.02422951024348676,0.39721086491303864,-0.003270143529121269,-0.0012273026719494045,-0.0027430964253128895,0.006211151547857705,-0.004110977000418987,-0.03917617373854527,0.023459188231263944,0.015603581473792313,-0.003817612359221038,-0.03198763672377293,0.020523641061544126,-0.027741686773446454
-0.0007792702268121729,-0.009879969556933233,-0.015699018162312443,-0.007813042311524025,-0.25407937682649495,0.010896593148707875,-0.1762732279951853,-0.15289176156314283,-0.005877923390030988,0.008372355923062189,0.324967319656723,0.004276661349612918,-0.009042921218919746,0.4066446301257035,0.08058990760463147,-0.01919706215055436,-0.0070909271301825005,0.36101596924125406,0.0049207855221459615,0.023787012951886143
-0.4676011296356712,0.38278145599362984,-0.1505951721317309,0.2058407657504951,0.6137112390752338,0.38264393973474625,0.06291867629568872,0.47936124080174664,0.011347467718235195,0.28391772208974525,-0.8821980355377214,-0.0036379039022728385,0.29108273851656874,-0.22296951176324253,-0.3740600474725978,-0.20790712417942794,0.44221741215116245,-0.3888616545587935,0.4115528590980389,0.47157808249463024
-0.018274969089208063,-0.004978069585170673,0.027614886774618673,0.0003668763514370816,0.011702715841047092,0.0033209411913257126,-0.015113350862542894,0.012509899325207671,0.003499281343071535,0.020346337503957205,0.02388655693444086,0.01667248055577882,-0.017695488236493653,-0.038917561539401846,0.6061441591899256,-0.010454013637055094,0.0014014706284541352,-0.014854538375685223,-0.020989460280583905,0.00993839472294923
-0.02305672582604468,-0.062155623321923814,-0.19758293998143564,-0.041595114753741856,-0.546204490711793,0.14283203611832676,-0.29461706438661756,-0.3741503912097459,-0.12091110199193011,0.05103877032893854,1.1437837097530246,0.5728967973008632,-0.0032051812853663717,0.9317906566969073,0.24224759650644365,-0.016945619335559065,0.02174971666471145,0.3405657447109117,0.011202418308027868,-0.16831468192425333
-0.048451232810447935,0.38845904185953106,0.16821528435511454,0.2354823926693122,-0.17343446794288409,0.407998471305783,-0.5797428814348234,1.1103489291060529,0.4779090473056944,0.03665856500934972,-0.15098969629096093,-0.012476644072702228,0.009418511598561125,0.192505921413674,0.38702191147481474,0.09878661956815053,0.04970071400838903,0.4800629327984703,0.11925757260646974,0.1682045815560303
-1.439874309388871,0.8332020896150582,0.34760762788322686,0.5800074901882734,1.843397207805156,0.5077448141727365,0.4660715482711702,1.4209395259180366,0.016623607344644114,0.7922810084471915,-1.120974498987837,0.018221854509369757,0.9770544340166467,-0.48420513667566883,-1.1857835973007713,-0.7269317153043652,1.1458173419064683,-1.886090812077024,-0.1858769616752117,0.9465733183604801
0.12107631537362998,-0.01871193726576545,-0.37160784037947436,-0.02554518299351524,-0.8116387548838095,-0.02517714319772073,-0.31232752950288445,-1.0810190069700993,0.009894918623413988,-0.19633439106224507,0.1892458355590296,-0.03136589400668375,0.020118270359631527,0.5930430073975458,0.15435133087843123,0.7022531681380224,-0.017015321083837617,0.9880689120581145,0.5005901945465696,0.10687373364112583
0.09874328807158923,0.5994831258406478,-0.9223602481060236,0.3210568651948801,-0.2569675341282605,0.009687468817518004,0.15136618371426847,0.16318765498315094,0.71128416266605,-0.12470021395091295,-1.3444886314424098,0.008146154576878695,-0.009875799823400578,0.9612245360362077,-0.9218009082855952,0.158035349666127,0.13251048521817257,0.29676676967884835,1.1362485834959142,0.43512787684227316
-0.6574166662365734,0.601457205844188,0.16091631290114372,0.2749224993424365,0.7400643769168392,0.20641411572030713,0.2008502999309827,0.7950302855028845,-0.002445994543347583,0.37647318099306437,-0.44078944506794765,0.003345602237601715,0.4707323084120447,-0.013562255426717167,-0.6098307943583775,-0.34100884918688207,0.4978806732187494,-0.8203241497864083,-0.09189765238635668,0.44490120775567954
0.0844587081682276,0.6108134779483346,-0.14216085432224504,0.3866101278503608,0.4582979628508349,0.009575247856348298,-0.06655682450241317,0.9042366033949809,0.9352469564971133,-0.11488293316291386,-0.8504053011845304,0.007413108354321557,-0.007171205502545717,0.9192371728088327,-1.1188359625134487,0.18036195602637867,-0.035436236057551335,-0.019961452361799907,0.17925690275707756,0.05712146654780343
-0.05149517426779156,0.05121852995540857,0.011840199583398532,0.014794606005450033,0.03814216809937547,0.021968718152537765,-0.013212700187997936,0.02665639882635017,0.002356445213835886,0.015543083864136817,-0.021807839029486135,-0.0008785294698987482,0.022793604175003326,0.007566989469726753,-0.03926597051291485,-0.006182519968175116,0.040217935828425755,-0.027678536430069664,-0.017206173135054174,0.0338458994125582
0.210321511246349,-0.1856001574058064,-0.44580050683349787,-0.14476398893616943,-0.46649675138273455,0.18442144755717366,-0.3748431659505929,-0.5658638281115518,-0.1592416256149396,-0.23745115907190428,0.6223627158731888,0.7289659641809013,0.01809763883562058,0.4113535171039483,0.8402202655730656,0.30656267385012037,-0.08645805692027803,0.6956529368231457,0.3519289873243905,-0.20168894282657035
-0.029994917007857735,0.10211884280655073,-0.5270709252928655,0.01284436919552487,-0.2568615158658919,0.004912668483653758,0.18174799737287983,-0.2448295700115339,-0.020204878595484806,0.014213087192010573,-0.2470326474099233,-0.02098810043355157,0.015879873951188957,0.7305336683076046,0.1395237055460683,-0.030933708729853786,0.14028442288957035,0.09185848093459423,0.618192805444432,0.1899049076309682
0.0026874152319414945,0.18457189998387777,-0.3046693387514985,0.09011900809085904,-0.24512703975263112,0.17266159275816756,-0.33886948995515687,0.07029487721664472,0.20727454397570372,0.0017502858677964674,0.3884432503223001,0.6899583909440092,-0.008121782577913903,0.4799579132194518,-0.22671691391373158,0.04667859004807125,0.05084271736092001,0.30796227111536517,0.06024175170255316,-0.07000751907514616
-0.36320117001974317,0.22919970176610982,0.06612823254383407,0.16615588907712178,0.46464648269000614,0.14136030905365762,0.12784865228011807,0.3605482630213014,-0.008771041772900418,0.19902017953161513,-0.311475591735101,0.012087547425472437,0.2338872635918201,-0.11866964479898182,-0.3184280159716295,-0.1699306792711076,0.28837743200786115,-0.459939820763819,-0.03471329602279685,0.24497448021391077
0.526537836316096,-0.3357615517548771,-0.5923566237066674,-0.26857944808188944,-1.0343734472091446,0.11516380391894056,-0.5591902792587985,-1.1150338079542323,-0.12227695451266313,-0.6122589234705874,0.6305142385361594,0.6432963272590191,-0.008301369887075314,0.7664414878903204,1.0073977179088527,0.7383967967314418,-0.3070644300925617,1.4425908994202987,0.7685672208571241,-0.30146532086087663
-0.0025693326579296115,0.19215047278788633,0.00823239382603135,0.022819752664542454,-0.08779083371994931,0.006577603172902497,-0.04026919399879821,0.21813334931141154,0.008763110384098117,-0.015152795761510133,0.03710373315592992,-0.004319246707045761,0.010061766238012384,0.13194473881908814,-0.0831143512936477,0.015076557150255793,-0.006686349871807164,0.04980489393789111,-0.013620833042849908,0.014168003269667138
0.8526673926853803,-0.57285017082072,-0.07845955681167893,-0.3170682449856943,0.19302132015087184,-0.005046305519349607,0.047715395136411154,0.35464191581251225,0.000980876908945791,0.005739383609811043,-0.4321089499920088,0.017781625631288656,0.005900874179858522,-0.5183671574805183,0.7565381598071591,-0.024456530390811682,-0.6645514208391143,-0.09482252841307721,-0.028767986046508015,-0.6341520367101642
0.2587288650512701,-0.20507479414013893,-0.030999263772284333,-0.11907199351269764,0.10626446953196911,-0.022285493916853107,0.05404476099341555,0.13792863630687016,-0.01970266591751157,-0.006694026648979037,-0.12318831827584648,-0.00159084059483495,0.009104689855810276,-0.1887842064550583,0.2529798939764519,-0.010648047462884488,-0.2063778094369888,-0.05185094085929938,0.0016087538875429923,-0.21758574574621986
-0.00506971094851143,-0.0037642315907266822,0.10308615032748292,0.5441362605680543,0.7660524035673772,-0.005349180681973427,1.1719646288750958,0.20268529462450338,-0.00932631480141362,0.0007183857457005848,-0.3754980849878626,-0.016450543198866425,-0.00020537418630646388,0.044921460906305166,-0.6065033800471177,-0.011686409454084112,-0.020233680700915295,-0.3678642322681615,0.018829259173871408,-0.14931299455952532
-0.5728990182500207,0.8780538557453136,-0.31596445676809826,0.18620913246412418,-0.17759334495650145,0.08070150966501326,-0.06786376606260704,-0.16403866233231723,-0.06679978959772236,0.7624134042696102,0.13156183509010044,0.3687082179568681,-0.00018009140606906407,0.5942162854236087,-0.8990230774175646,-0.00864779834093772,1.0445644379593868,-0.0746044785580784,-0.14350322556281236,1.2105118410124334
0.334342578657369,0.5445226172077856,-0.9635174283631489,-0.14051947294209988,-0.6938640047652722,-0.004682368803420074,0.028536166870681407,-0.39525904647580834,-0.005887784007211405,-0.4107120752856025,-0.8906823626339496,-0.003308392097404122,0.02303455410338349,0.9026993670220081,-0.19036129256677684,0.4762804690939368,-0.012219455647265825,0.8491408792342596,1.3306742582372713,0.25753378330762255
-0.13648690633144908,0.09652979979851499,0.2914039792826075,0.5009170174973047,0.11923815436686416,0.028842041891417133,-0.3276408921261179,-0.13338449402600525,-0.0055645000575376205,0.15160328353910943,0.18806393407176408,0.01918114798126725,0.008678879704362534,0.059388197533674233,-0.4821319152113149,-0.00472649318220767,0.11070170513667955,0.6063479744773338,-0.05170611253253604,0.005592456306905011
-0.18025052301678396,0.12000677811130554,1.1725270026566639,0.08670345241717366,-0.20364008139916803,0.5961639974284841,-0.7000012837383296,0.2502164125544429,0.0034192512473920434,0.20313683772903357,0.8273461511441862,0.003495063465619729,0.0045237495465294,-0.27622191727700973,0.3079823165312031,-0.01838264849473549,0.17422587474935639,0.49959512617354307,0.044887105858420956,-0.05552314036677533
0.8771000155507289,-0.6016293855330964,-0.10333468466199555,-0.32643618248700895,0.22042400877710994,0.0013089354070637,0.09001786881620578,0.3613113945697984,-0.007280438492715912,0.041524477754804896,-0.4668616861647518,0.009905408183294866,-0.011376866135635039,-0.5315389090161196,0.7701341906531958,0.0074063351396132845,-0.693302605495535,-0.11220195271826197,0.0032206513918163846,-0.6777019927059843
-0.13465567825647692,0.09297527337625741,0.27126604702250157,0.057430136459007915,0.08357694700903245,0.47631635579696174,-0.5027786641014613,0.22855053288237787,0.005252183301814917,0.1411890937872836,0.021192351203644277,0.022639491877521928,0.02989721021935253,-0.29608298664781874,0.2058759213877851,-0.014409688338380609,0.1031127345393911,0.25258197475158134,0.04543129188763856,0.09206446880780257
-1.3642917695968872,1.5272880223990306,0.27488570776261945,0.5677714690858143,1.3908468671531082,0.4781887092441848,0.40158663854786286,1.3228286443604136,0.0024414349266374843,0.7417612605631304,-1.2509387282635358,-0.008882061116972696,0.954697820605929,0.17961095620350678,-1.978115240626064,-0.7162759022708013,1.899582748544938,-1.5935887287311976,-0.1872445800352288,1.1133580234143168
0.39289162229610775,-0.1806543997293613,-0.23994087664542316,-0.15486625661609038,-1.0609047185700196,0.0005431709494312072,-0.38936105593383874,-0.9795757064593222,0.02186014240017095,-0.4691466051826642,0.5688833294361288,0.0076089863053528575,-0.023575788974588556,0.9983008637718326,0.38782678643049656,0.5470579310924564,-0.21291779206575173,1.1153375526296232,0.5480177063586529,-0.13824117319005286
-0.3405062911393077,0.20285791966862654,0.05962445899078696,0.14214748218945164,0.469241587114644,0.12083082881090361,0.21751522003793877,0.34084494578012325,0.014785674180148922,0.18532058087222283,-0.290766232081622,-0.02191390847038213,0.26404382241020613,-0.09906706807748329,-0.31069280599142096,-0.18732568442144945,0.28338372268748846,-0.4883694572511486,-0.07092085112743386,0.2230676042829299
-0.7475048021456557,0.6574355596538232,-0.11954920811452027,0.41691682712739525,0.01758643948372857,0.007329637628640283,-0.0010545925887433427,0.1097365513501523,0.27290622429725825,0.8949843967375131,0.023809030152418035,0.0021039827971317026,0.011369207009482674,0.2854157893744421,-0.1838125420629469,0.03972985785765883,0.5524113909780939,-0.26378084124504775,-0.312268224298031,0.6076630762876779
-0.015321818760786289,0.016298832487239585,0.05066786896243024,0.1181399856061507,-0.27788097943631346,0.003791398122875134,-0.10025502647786833,-0.11703310511610865,0.005482594272548517,0.006544336167889325,0.4655873141822137,0.028108251567282742,0.023092340905253313,0.5836879203358266,0.3990537895206423,-0.008954332192480331,0.02741253165645509,0.11088319601118857,-0.016985237323240206,-0.039111759499765156
0.027090390761359988,-0.03078155654972689,0.8196017575879705,-0.01907740960026255,-0.3170803387377963,0.0034267103783814645,-0.09474446566831458,-0.005738234910226499,0.013036730879015752,0.001618822727268265,0.8683580780204191,0.03724737704554505,-0.0231540383655763,0.07851858898723788,0.09913944273080544,-0.005729545249407867,-0.024603323708953802,0.1639505663733818,-0.0006255183855913213,0.41578714124747834
-0.14466062189399043,0.13554757747567195,0.28444317151145104,0.0633725696176887,0.07048308668056173,0.47055884659432673,-0.48375468573297525,0.22255595643000023,0.00597772619540988,0.16307711723151852,0.03885551012990247,0.006305460534179885,0.00011650056982901238,-0.2691411659502756,0.1411913563404372,-0.04474591890168494,0.1393375370377446,0.26511370285679986,0.01478114631715596,0.07007392100989879
0.0337612805472504,0.10599740961603951,-0.032539537194177744,0.07910669934255032,-0.11024681092155408,-0.02598016970284495,-0.05881971941657668,0.07691206798753455,0.1941172789927963,-0.055772705397249746,-0.025425878011479677,-0.025187556507884682,0.020301386870360285,0.17797509656827015,-0.15991163675441092,0.06305625943684996,-0.029066386863727176,0.10016548012446563,0.02790934796390078,0.04401045340311528
-0.06681091904829642,0.09359941227739095,-0.3236421981874735,0.03527283800574452,0.14479422265356096,0.01881101388061381,0.33906337924114704,0.032001168905484156,0.02204344192141987,0.020022727036966236,-0.5516447475638828,0.007590472843731471,0.05277134526267645,0.007820052474387926,-0.19690407669051999,-0.008556443101106816,0.11426223250451806,-0.10685821749677547,0.3901627399021181,0.19282423598764117
-0.6208491873365802,0.3659398324944836,-0.07278725835633024,0.244042999157305,0.11495153815027165,-0.024470090712866262,0.07188996128035906,-0.14826873798197207,-0.0017182665713594294,0.7845252570394758,0.0895121664786794,0.0013178149172815437,-0.01614894100663279,0.03953375640536843,-0.3674860423970665,0.01670934149035885,0.4245915037174686,-0.30574201964312026,-0.2961093717950519,0.4394531921191226
0.010349492133692826,0.002713026053339184,-0.011357920326931895,0.026776366014805493,-0.019781078926478304,0.00172872932357964,0.0001960603899237405,-0.04217442949564711,-0.020248621731852507,0.009934338127210705,0.007266326205723669,-0.006372449915372678,-0.009396929284546336,0.0026531203380271364,-0.01985158187109313,0.010651674293179288,0.017298691437293776,0.0007642623843521256,0.009378256087684646,0.005841377366937858
-0.4688268197819092,0.8372309315886293,-0.18649416724307202,0.5406754809969443,-0.21147277992679034,0.012564929218328766,-0.15767929789815888,0.1888427055419565,0.7356265536068763,0.5404846155169692,-0.24818799932297927,0.01198462073004048,0.01316566948037821,0.7165415618915685,-1.0680211529087718,0.12482603779953876,0.3705276415775659,0.08406051662158393,-0.10221039272846463,0.5476564140493657
0.4278934184208697,-0.1852870750252083,-0.307558518959878,-0.14944665338260885,-0.2865463134465455,0.027879498230193422,-0.19257638334988472,-0.5546819265303399,0.02320235274734092,-0.5107934730534714,-0.20192106384576375,-0.010794366818962708,-0.005875965547826388,0.4775744838699033,0.22572759488755964,0.6405018651586877,-0.23904614161578042,0.8067128992557466,0.6163971609659443,-0.1766042484574901
0.01789261049202567,0.3858921056680794,-0.014566083448133933,0.002669819343164046,-0.25159652484903894,0.00556500258382696,-0.07243292003887503,0.16638072058772488,-0.0056292006549515956,-0.00741472589765094,0.16127837504626813,0.04059256093406034,0.005768846517293519,0.3700127591618965,-0.1129610530569856,0.0039377662400253005,0.007699927136505462,0.14246720645854227,0.028260396838571383,0.025881407662149598
0.04128985539020026,0.24994445636362767,-0.4877147009165003,-0.031485897202583275,-1.2001488130286573,-0.008932343248495078,-0.4486502376454625,-1.3682334165179675,-0.010605246557275575,-0.04864021188071085,0.31502817017644746,0.0014952682362832977,-0.015699779038153984,0.9136768613510097,0.13523094409901468,0.9235509299360629,0.06719639854827761,1.3201912646638336,0.5982110948711075,1.000921703019513
-0.03535281846876597,0.019706969181349204,0.00887504395760673,0.04049141092222686,0.06489967599182245,0.02862081467751529,-0.0016959225576296296,0.05217030263779444,-0.007112527361653813,0.034439760070990234,0.8686647574094796,0.014402782774855597,0.01647766494155619,-0.012667037774693288,-0.03281354955543951,-0.015367247556594937,0.03930174309589147,-0.035597173769392094,-0.01348676746471497,-0.23818423724641857
0.006479507569007893,0.04442014941782421,0.009925607153853037,-0.001797584804480874,-0.017093357968336807,-0.0020500024291098726,0.013731313614635417,-0.03951125860814981,0.013506756544378579,0.010649566574630311,-0.007338647992516975,-0.01330889002627204,0.0017458309461769557,0.01936967148174725,-0.04965859769590099,0.009315732475339449,0.027812988162618894,0.036579335448875636,0.027577021210795798,0.24877725725534097
-0.01714290762192059,0.020315244521432223,0.06719243555048829,0.11552182322668915,0.049904519506849376,0.03364791987346578,-0.04515769089599776,-0.029490239896545027,0.016497570685677095,0.01653272195296321,0.021116472325747426,-0.0018565402575676732,-0.013465266828320272,0.000523979514292788,-0.11662295086868887,-0.0010834159987875172,0.030475201762948365,0.022081989287928698,-0.017367810481247685,0.008441084973962726
-0.09568932273232897,-0.04039890822192559,-0.28458376998560203,-0.05113417972982733,-0.00028176725584186466,0.22659666271889603,-0.21796657040696296,-0.017779983977790622,-0.1871385668413625,0.11165020260623762,0.6791323086751921,0.8522679399815446,0.012426946112176249,0.16996947746789012,0.14966420410567352,-0.05075104811669852,0.0763929986869798,0.08495843305284057,-0.03551569234314245,-0.13193701869697155
-1.3240228896670871,1.4362497992917045,0.24422130800849315,0.5013511065397189,1.0191188882137565,0.4386339938586694,0.3001858727909967,1.3686657215159475,-0.0062557830532197645,0.6964635704831353,-0.19670285658585346,-0.010284695289287674,0.8836428768530106,0.7274625650032337,-0.37663006244573954,-0.6704948666058077,1.0494225933527386,-1.3813026516689317,-0.18220261962487405,0.8512774786754163
-0.005233305318873199,0.010416628801485788,0.010104766015089934,0.03021120021459888,0.11541456358836306,0.0038483826172423553,0.003629092351141903,0.08182772443746839,-0.002370157065498444,0.015254197085251131,-0.05642774189210571,-0.004726544348811887,0.013613258803938122,-0.007910757087300067,-0.043996208988902184,-0.023559895382695623,-0.013990632300239586,-0.05904222224072091,-0.0007273262828765255,-0.02339294694843007
0.44483492797746355,0.21102217986526045,-0.17814020924518814,-0.18885107688392108,-1.1505398329889815,0.0035813714844074116,0.4361524682225507,-0.7462828622616752,-0.014548717229864717,-0.5587552175541057,0.36039408237754855,-0.00015542545975331858,-0.018753839648557168,0.9289569387291102,0.23806164944797764,0.6588386136224456,-0.2648140476173011,1.2858988880124351,0.6680342087023406,-0.11725075285194264
0.033305364441627155,-0.019161686443750207,-0.0031115892459335145,-0.005483762130929435,-0.04762719428261146,-0.02177084321348479,-0.004818278998376089,-0.021377518030678805,0.0028806043090616198,0.0018030288381757908,0.04164253713332866,0.01933026300091741,-0.02469131697448359,0.032201917027633906,0.00845668156851434,0.01862158869162752,-0.016967236322392314,-0.00352079859807939,-0.012890474869451461,0.016926726401773513
-0.2628372632022206,0.1924542295325977,-0.033269442276622055,0.13511899064051536,-0.38441605277589924,-0.007999813152291002,-0.08935170565537531,-0.32903655123816095,0.025020866099824412,0.3215838835856366,0.5883159390670734,-0.010853074413889106,-0.007372687643236673,0.7158211431800091,-0.1303765456128155,-0.01183810515279669,0.2104227810963306,0.06109906206434633,-0.13487724435678888,0.1653433723013324
-0.025912555357028185,0.036186802358452536,-0.019753387920490986,-0.003138372947601455,0.031464103519945295,-0.008149526376198927,0.040338338804072914,0.025615123409101378,-0.015665657831665413,0.005425585498856752,-0.008801367473057087,-0.022442000887610093,0.02995446080720851,0.008982658333179435,-0.011328229510418314,-0.023952207150015635,0.023831239111988454,-0.04077044984050649,-0.018055008184469413,0.03942454495814011
-0.014714279126145745,0.2820989043672498,0.11961337378697418,0.5012703781436668,0.03775232888691247,-0.0003586550677327884,-0.003186897748683807,-0.16026681461673667,-0.0062116619964720406,-0.003857881754084905,-0.09214087008397615,0.003693579308004965,-0.012939882430288851,0.2666097764045321,-0.7919360229624025,0.010115948950391682,0.3434602427848313,0.008345682055584754,-0.01695841156753926,-0.008003851973543604
0.008912252304383483,0.35825837982198894,-0.0010017139446896039,0.0027998669894658693,-0.2032256135039121,0.00223808477310478,-0.05592324934235243,-0.02205050193762206,-0.0015804158724384322,0.007857196010789127,-0.0310845060257801,0.013397823690473092,0.014710178462476117,0.3274599003081174,-0.39745591449742285,-0.004629782192558951,0.40876554142679233,0.1027429812072749,0.014282253121055882,0.04950815716473078
-0.036130150495746874,0.025832193028331056,-0.020483601898997495,0.00327366681100899,-0.02201193372529923,0.008178150496783259,-0.05475760068130432,-0.002112069857161088,0.0015220447787104713,-0.008184905320546122,0.5950555660292604,-0.0008982446992353704,-0.012954157728902458,0.0423871320602687,-0.0007091096945493671,0.00793579930485704,-0.002137432721433843,0.04061096521256537,-0.008614075781828389,-0.18393298365822336
-0.7442058995724029,0.7118268694035403,-0.03635242417229114,0.2603494370984784,0.8747522622731466,0.3845281578420564,0.1216345096787428,0.7381470832842816,-0.10282014752705529,0.4311272106400875,-0.3547262551530989,0.46719154287755127,0.4686130080668033,0.2044211612887857,-0.9324520630525465,-0.35830701115549085,0.9886027929272841,-0.8196306937379337,-0.0955226163266607,0.4517794494963652
-0.004061191918722767,-0.004602129037956651,0.004402631340880899,0.0015594050188098758,0.02468846452861012,-0.003992350997164914,0.014279987151189225,-0.023185863943578362,-0.020125043836180495,-0.01652058950362382,0.0196367529160751,0.007645192295097082,0.00042090211437333016,0.00537390239653626,-0.0001679437932811615,-0.016664256393256638,-0.0017424205811312921,-0.04195829324350931,-0.0008846133691938806,0.3022674519138861
0.6787377712782758,-0.42850870893105464,-0.40859370167105397,-0.29940884377650534,-0.8460999974812924,-0.0012561913191665446,-0.34300647337513074,-0.48987378522709635,-0.012458054624429844,-0.29379002996556897,-0.06155270856909316,-0.0321123676834407,0.008017089181880375,0.33423127361084154,0.7073494846428188,0.784584972373507,-0.45578077181085463,1.1326625109808606,0.6344073173523889,-0.2530603166889372
-1.485391168397068,0.8525896172149002,0.3044132377565494,0.5882835608530046,1.8986718344022462,0.49623496644920684,0.8888588849364666,1.4075386182763003,-0.00706023670043453,0.7871807206174025,-1.1909152979100073,0.022168655325315256,0.9730827682739739,-0.4838611099634195,-1.2446362682038212,-0.727720175110068,1.1592787010367094,-1.9101833318564163,-0.21092484653557056,0.9920226629110644
-0.02157108358016798,0.016341564460576184,-0.01866393070094744,-0.014787242263747682,0.019451294043342404,0.012570959152054115,-0.3834955365144384,0.017342008903770873,-0.01744526684682787,0.008834844981414713,-0.05071761607048291,0.004717620139862471,-0.0057268125245297985,-0.021358180097615247,0.023282687235136375,-0.0030745933612893106,0.0178549405115806,0.759887295116693,0.027682806678380502,0.03156994586226667
0.541864505827418,-0.25944838113415597,-0.3725164049640036,-0.22934356404795905,-0.9947857725391585,-0.007227114895258203,-0.4215300946016822,-1.119376927197866,0.005700031827984923,-0.6520650522726151,0.14808850148600702,-0.020867833983976413,0.016103320339137372,0.620602228353593,0.4750722021536414,0.7824068828396,-0.30593880220880515,1.3153732552350557,0.7581581864577334,0.11686620384455049
0.31316335723289945,0.015313955340941677,-0.940358982326345,-0.10886145510507507,-0.35018269969441923,-0.001608322436521115,-0.3046025032138795,-0.6220718105165736,-0.005869880867603584,-0.3695389063614554,-1.1163654334580204,0.009644217345243893,0.004525339357118527,0.3743772116662338,-0.00268595135350081,0.41745563428654353,-0.02513202949586614,1.568290860791569,1.3257519791928627,0.23758629533769815
-0.004656793155806468,-0.012719079055462318,0.020744452171295506,0.01369949099035106,0.02184379488083257,0.026236491062283623,0.004441014178244779,0.026341345658888918,-0.021165144266296766,0.007395343316144668,-0.002287382328952466,0.002903342362487321,0.011186217481830626,-0.040627365958127735,-0.008572045919504619,-0.03786498839129947,-0.0029388443570756116,-0.024114796101257066,-0.0043369324475201814,-0.0056292886381498946
-1.442712749601841,0.9169603838599378,0.09569358074004237,0.543096742247855,1.707506676161152,0.607195887576783,0.2265051988778389,1.8888570805162672,-0.10028004510866423,0.7626957162758788,-0.7699156549766856,0.5106787128251519,0.961661478497751,-0.20032508080103617,-1.247908777868125,-0.7410257485637433,1.3064707450116702,-1.4728328605365657,-0.17173360011259967,0.9089912307025044
-0.17354028871410834,0.8671597949479029,0.19143321011733325,0.9960964358866435,-0.009069458959909734,-0.01985864851735273,0.009501137418014147,0.08502774571049018,0.02178744476747669,0.22299967380563127,0.1857296928922144,0.0039932017625002,-0.022859740230835698,0.6913836712648335,-1.2413133437681123,0.00672530462834768,0.11697376699444978,-0.061694493426829276,-0.10438365836756243,0.08902004984360229
-1.628936611997481,1.0092318713170654,0.19658222372379391,0.6390699350315854,0.9858001687619097,0.43449974158397325,0.17710066171699707,0.6521462008253905,-0.027432918732900255,1.32563772657036,-0.20484580400934665,0.008756594451094269,0.6331588699278246,0.20774300637340945,-1.0724297157840692,-0.4967420311639322,1.260597293266922,-1.2930442605443067,-0.42259534558016626,1.0933535406459491
0.48753317178182065,-0.3302688666563718,-0.09236038094499585,-0.16790527896048746,0.062067762292459215,-0.022088022259110364,0.014741229311902741,0.1330563067611463,0.01595142016293744,-0.026842940797328508,-0.22060353358852783,-0.0030838256483464816,-0.018795283578735,-0.24603137572767392,0.41363428320624923,0.014089598379575085,-0.384815984351947,-0.007192943497358608,0.029312481178259145,-0.364982978183038
-0.0432602538262665,0.615796474357999,-0.252535671457845,-0.043202612919033496,-0.4602582907921319,0.21593284412714953,-0.34279630646507575,-0.10160988820623665,-0.17394603572544834,0.05882291393442865,0.6071899974198279,0.8177781128426681,-0.0010660105838104054,0.824586333710972,-0.6224975958186225,-0.029310200370859928,0.8079998017891443,0.3518551778788957,-0.0028955798305781303,0.0021396030374902526
-0.7135207906944535,0.46123099938490847,0.5531013654738596,0.5353018788915465,0.853544869465734,0.8164659412117019,-0.5068503490309327,0.7239601033124358,-0.012405393981372005,0.47929526322259375,0.12499157460659513,0.009693303290253183,0.3522815131339942,-0.546539157597496,-0.3569441488931286,-0.2866929794406512,0.5671444669692537,-0.3560166098359059,-0.046844480826689815,0.23565065251972026
-0.03562580822561105,0.13130072407872406,-0.716704880783476,-0.0029692171243133458,0.1748522193917789,0.03360580067364454,0.2510730828270074,0.43255025453226603,-0.027564536207192125,0.01565573264059321,-0.9595023831438809,0.15209641940006627,0.019319509066824798,0.06685989871955555,-0.2038266768799412,-0.021976580504952756,0.16988589641567892,-0.08870754256401646,0.7637758696932803,0.2661585972006875
-0.023857253026913165,0.03654813768391848,0.012535120100270171,0.020923282926032023,-0.021616398524136177,0.038944477510295,-0.03667568345102622,-0.0038321856764187,0.002555833820793157,0.039135046047761496,0.026886062580672554,0.013592283187957827,0.0113614857510979,0.02381315150094057,-0.026544865752012682,0.019020002947217632,0.03709140139737893,0.018813601366118923,-0.0029590883257920794,0.03423302747130222
-1.3227116476025171,0.7866464087476251,0.2530839685750204,0.5315795629443218,1.6767279270430433,0.43977128142870775,0.8789523059244989,1.2736331413910613,0.0018738299934554926,0.6984743488480193,-1.0696660881909503,-0.011990957787124609,0.8880651948124132,-0.3969034880891805,-1.1220118818658462,-0.6580009698587487,1.0571014498048794,-1.6963549441823287,-0.1519904294319025,1.1824475012758469
-0.23350495099121388,0.1527466356315481,0.010730280725105077,0.07807221230057686,0.25539710692416795,0.09103134488612984,0.06432725634318864,0.27503524040221927,0.005566113742802294,0.11799921074723999,0.13992783642141363,-0.008533554111355441,0.14777688730804386,-0.05200191210800337,-0.16838261421441453,-0.10595698618014314,0.1817880006438389,-0.2497192760255218,-0.015516384192415255,0.06331178496153052
0.4441033004066107,-0.37444044560519046,-0.04217059697570214,-0.20106745130503906,0.20238495049782113,0.022677261514201543,0.04030117528857333,0.24496007088681465,0.0013137085257510371,0.23656779869023314,-0.2973546506094392,0.005618447349448301,0.002029996822690231,-0.42614252810452474,0.4971916204342301,-0.02229392303897943,-0.39904314776354133,-0.1730472866920279,-0.07732396326217932,-0.3475589148954297
-0.27665052557878655,0.1595184862970679,0.05855454009611158,0.09078484912115513,0.31654190713491454,0.0944393229039345,0.06818601944418531,0.264193599706977,-0.004326355439970965,0.14101655627892282,-0.19838988670740715,0.02318360316124628,0.17980652165770442,-0.05120318671515214,-0.2316515133500774,-0.11606240652365929,0.20653529354312786,-0.3122453374387517,-0.04164097758460814,0.19648279782324482
-0.016359180829347463,0.18236223342548324,-0.003243098248619307,0.017020577782601274,-0.10081387349739081,-0.012789602739156986,-0.48724370438187814,0.05416376383098946,0.03525183617298491,0.00789262525754232,0.054560863389445755,-0.000867134857998619,0.0020352209604977915,0.1696504928482303,-0.11383222709034058,0.018464892588116327,0.008821499854358428,0.9393812203673663,-0.010267158917645769,0.012969404556225878
-0.0012839802808741413,0.01664767046528043,0.9740784568568375,-0.00040078774401253875,-0.3588574071588821,0.011211216184188586,0.18725346613249785,-0.004760961695437783,-0.006535552330147105,0.008878253147689967,0.9466483337971898,0.008890480803100426,0.008680546867415841,0.08746602564415416,0.10332834236245818,-0.00785946958384813,0.03445599466743547,0.1887063293232727,0.01665709064277168,-0.19418850483170982
0.025815029618340223,0.26330818494231617,-0.02475046162961774,0.19581486439386658,-0.16931189880572042,0.0241869518238342,-0.14007439896978985,0.16084303192958158,0.38651851308849805,-0.05913713845422498,-0.17109438837199775,-0.022186189693983612,2.041675858398609e-05,0.3343149300811335,-0.3995808014303737,0.07180173088362735,-0.0045373862058597225,0.19572250329565283,0.067961924144578,0.12090139089112256
-0.024477450419074866,0.6057655275177954,0.009911966857677281,-0.0005053749837026934,-0.34056755293686974,0.025687552158288062,-0.09014536686203978,-0.05316168993142295,0.009490829024765265,0.00624739137099419,-0.09589163716200565,-0.001974761797100891,-0.013676143933551772,0.5241191242886689,0.24445679556557495,0.011041314987559458,0.7015046280917157,0.1861039839660301,0.003897461641273339,0.15869001783495074
0.06623628128081972,0.3776157744189376,0.6559968035996089,0.2914230141170482,-0.5087305844888335,0.02890937370309342,-0.19080801200594072,0.26848235307347035,0.6299261210139564,-0.08462983146343778,0.45419219029353863,-0.008869089080607195,0.02398021232921111,0.625835325532814,-0.4021084885774615,0.0998171440178545,-0.06516747910783888,0.39178091084416994,0.10487480765404415,-0.021568946104133006
0.019981704907855863,0.008838739687089233,-0.008108197764092877,0.022310448428420192,9.714339315077848e-05,0.02537604037842483,-0.029231491260174568,-0.006337055873190984,0.013226810195617096,0.03142015620527062,-0.04071289625290844,-0.002245736966248354,0.025809181692960925,-0.0018952839890887963,0.00343665392291914,0.00828921969000216,-0.007640791947295176,-0.0028824099810721756,0.023279161049234196,0.017909280189964995
0.054769244882835695,0.3435518797229839,-0.029837742944169503,0.22003732177203392,-0.2435928850644452,0.009332439932638404,-0.14926294546318614,0.43268907471270385,0.5149019100990683,-0.09114756181503511,-0.24001663792274489,0.007309706760289,-0.007796636637750604,0.42805537554121226,-0.5118617616518613,0.07799777995406389,-0.027018813004009663,0.2045136034706986,0.09596237427871943,0.09547415917514576
0.027065746804118676,-0.026528173117208006,0.9794570865371287,-0.019227790740289387,-0.3756718093532861,0.006369481907245806,-0.08446069919840721,0.003860513940290316,-0.007773370400786469,-0.016956740739875648,0.9864314115176228,-0.006039552693907377,0.01015408638895345,0.11652937049209723,0.09351125118921359,-0.02636458434844338,-0.025513396154211977,0.22389082189458898,0.030051100900540632,-0.20497705285180381
0.01192775086516102,0.013455166403093426,-0.009529511467412845,-0.0002623883034799943,-0.03626746071595336,0.012424081995687864,0.00037487845210136886,-0.026921984555197377,0.013529419515709823,-0.02994321763728694,-0.014000472502591316,-0.0043394601312089776,-0.014725463584071839,0.02639781871640745,-0.017447520531172427,0.006872288628508109,-0.007817171206605699,0.03672046080782794,0.0228445359471049,0.004585144565112971
-0.05594003677639148,0.010752473159321404,0.1659681671767692,0.02172911890803649,0.06692989101684851,0.2591338178460422,-0.25749258186086976,0.13396136619459637,0.0019359644131106456,0.08650914006047014,0.01123969111714565,0.0115806622039703,-0.00899156343000856,-0.21566000131657795,0.1609207516391894,-0.016563846105208287,0.04393026039854499,0.1349877169615719,-0.0016530226471426876,0.021175271356723296
-0.20102936094483873,0.953035003917905,0.5217044526983067,0.0570410208966881,-0.40499064003238916,0.9348704386545587,-1.1640783846207192,0.29292239875650344,0.0005277563626995294,0.24615673158787824,-0.057053286743132314,0.014092502544989876,0.011228289494088987,0.21213566637815456,-0.47707930815383626,0.035883435068238545,1.1055403403509707,0.9250380732834612,0.10833313573200078,0.34458561658318165
-0.14838425912910574,0.0047918167691878896,-0.0974212638481602,0.051638529532733755,-0.23349036323941164,0.4288359617249218,-0.5243146747329844,-0.11174821792107563,-0.16657565125581322,0.15096100420650088,0.9315731599717056,0.6945614006023972,0.021939472001474523,0.4755866639310069,0.19566587312651146,-0.029383070691259866,0.1440311851278224,0.37182291706943776,-0.0028845647861233574,-0.06846905256954754
0.2577504807543533,0.24233080943626378,-0.1072580897913531,0.16577205138289555,0.4672634171049778,-0.033995317248226575,0.0656155042296353,0.6895869627299923,0.5386452045667737,-0.10532848458604024,-0.7044334497778078,0.008899571176451218,-0.010680749315947969,0.40416758817925647,-0.5837616972464928,0.09613988779252138,-0.18082797955843571,-0.1284176627229758,0.10242318120020046,-0.12682515672025488
-1.078194761820618,0.597523775940328,0.2162617313710783,0.41045736241667147,1.391116058924365,0.3819277765793678,0.5421625140351483,1.0222435707104671,-0.017861140880585068,0.5761499556476487,-0.3584117552060832,0.0038724462454434814,0.7136408887082093,-0.36393351440488614,-0.8492749015772302,-0.5201758333664185,0.8296562394288466,-1.397861455340602,-0.11858558032825077,1.1558331398409791
-0.020164073879948636,0.010242759230824978,0.029233901696982825,-0.019498158213767006,-0.3194060010868065,-0.0017589964225279138,0.24401015920307936,-0.15117585074191134,-0.0012658867268172998,-0.006122952347989404,0.4153350889749818,-0.0010436657317677892,0.013428694681388322,0.5255536615120355,0.038112169872609035,-0.02408624483433748,0.0025058677660222874,0.15877224105768628,-0.022236389637611636,-0.032251925749574036
-0.02063737217212747,0.007889615201043849,-0.003926513247139123,0.023980295480864056,0.022679538539879692,0.008477269620815067,0.014996815850236055,0.0030116899573096193,0.009540790694779176,0.0026640557725362388,-0.04427729740305961,-0.00927410796968755,0.0031587343627351985,-0.015789356415580057,-0.01254262196398355,0.0018461045806457388,0.011211682827952154,-0.014778884746721396,-0.005792861279580605,0.0038674757573995914
0.01618573834047745,0.021933508063912702,-0.0009196734040368797,0.004251850000369095,-0.040812066230874404,0.009879832505938421,0.7623401860539682,-0.011369837572601287,0.0019158633870672744,-0.005739586610477816,0.009217546113980443,0.02697611305958137,-0.011865879418495977,0.05837655486886606,0.007887110713153298,0.02584915491409477,-0.0016091154848002958,0.0325432571739056,0.016767245642626376,-0.031006485816302127
0.5681459763589465,-0.30403786651639353,0.3708817400301993,-0.23849749276984805,-1.306549664555505,-0.00281022527653752,-0.5079605355692607,-1.1150280160943977,-0.009927617073643678,-0.6676582643156017,0.8735035157370512,0.009899724183571903,0.013379546878557193,0.7219930668326302,0.5364907181637835,0.8001690067919933,-0.32423881479007377,1.513659275562945,0.7917156568375504,-0.3107452208479511
0.02158785626560585,-0.009062280488741364,0.003990944275919866,-0.02047310676917548,-0.019435955349581063,-0.01279489314117133,0.043321563823864484,0.021749186246009508,0.00858730976309191,-0.009056658953622856,-0.004590724454261853,-0.03177298273471538,-0.011226940870625273,-0.0023276004399133913,-0.027980114080115585,-0.005369402465627687,-0.03142388455447198,-0.01273295282899234,-0.03846294077394452,-0.026354019774157245
-0.040760279460354154,-0.0007394482608177686,0.009720781425899707,-0.004752773451405387,0.014301528368883614,-0.007338770561353172,0.0051879760371122295,-0.00015952412196763987,0.012489719160747138,0.026443199403537294,0.6127561893099086,0.019627017967672505,-0.0052891755809833605,-0.027757891475665455,-0.029159076964015186,-0.024557551797399758,0.011721501476737289,-0.023115423758841576,-0.013293653812121563,-0.16559817582398614
0.0005975261541764643,0.05859105206952514,-0.014376546869471195,0.0007387182641260485,-0.06567796297953005,-0.03913688920342982,-0.38172900647886515,0.024384069437388828,-0.019844333406906875,0.0031919805596079213,0.026331117132641857,-0.0039018661106653262,-0.005530211801283122,0.0408067173122039,-0.01564337136131918,0.0027654722325072384,-0.035793191877736746,0.7829179661400629,-0.006432994215462278,-0.00034962939615403813
0.0037446325778342686,0.12207867615385577,-0.6262158987997372,-0.028379693812728885,0.1253579117286423,-0.024122284148393885,0.22257548399465826,-0.03665816662744012,0.01481803847166159,-0.02122509628491155,-0.990853527549243,-0.009698061262663558,0.006490330186558235,0.05790169141061788,-0.1780787767927393,0.009247542859617368,0.1386399094627038,0.1402537701146794,0.7608991799867371,0.258128556364096
-0.016987332060583994,-0.020824493696326142,0.09859629070455891,0.0010436767455227688,0.039005683731616135,0.00363935547149482,0.013587355410849315,0.03153543656377271,-0.012463013763970889,0.022559794651671444,0.8697859755201559,-0.002766569141256279,0.01250237566222248,-0.02175748835144259,0.6819405334070897,-0.019211038231693376,0.00498185676530853,-0.048249100273080575,-0.023583981145075174,-0.2734777251505911
-0.021780671629593927,0.008176576157493124,0.015244707852858128,-0.008878351113296839,-0.02880241312749958,0.005655318241150601,0.013680682623881894,0.010879639424879864,-0.020012990285794285,-0.023287257311170012,0.026814668688927474,-0.0026114418314611546,0.0021529233445152663,-0.0014671977659122255,-0.008070929117526219,0.00758382251438873,0.011773410834039839,0.019404972921796604,0.016715657104519145,0.005170862303802683
-0.13815511560554972,0.14594803023039882,-0.04415747696823841,0.03258025028944903,-0.7993175258767947,0.6119445986470251,-1.0343734321216742,-0.882556546041804,-0.027000074907666472,0.1281522504466833,0.2619581318818478,-0.03475277712591274,0.02892953822567803,0.250869311617968,0.4187091708136805,0.7454319166773532,0.19956689216566037,1.47861410322192,0.5535198049474117,0.29183349821609866
-0.06838700848161029,-0.028154740110065902,-0.10041697413946445,-0.014836241599911558,-0.0046802916283747486,0.07593179419035372,-0.0750091255656741,0.6529225048889195,-0.10002974575808822,0.05016146598149432,0.31607116713872857,0.353492368406223,-0.012748238422756207,0.0660686657853297,0.042004237690159096,-0.0073390255468886445,0.04161001769422421,0.007446890402292293,-0.03133786065836364,-0.051081960903279974
0.03849484135797767,-0.002255920042780935,0.08376306477491263,0.632970764320012,0.1351425982868901,-0.000255832592666933,-0.011102344900715582,-0.32744709777206854,0.005320285827914214,-0.09523423507797987,-0.035515523963768315,-0.025464998562704927,0.0016942888157938634,0.10313035294701467,-0.5279268966346069,0.1025473849642625,-0.02774558518498062,0.03164752465287673,0.12016943941709088,-0.03997736399354686
-0.03420422159340948,0.004034330835484275,0.03878425669202473,0.0157753410773877,0.03696540376062353,0.15103047276101078,-0.1328789593635767,0.050567476336770625,-0.0071669481445099225,0.06648305092934377,0.4557689409907298,0.007253537584070992,0.0017881970185396326,-0.09862184013950326,0.25497463239079954,0.016048046597530227,0.028362182880558813,0.08258885931262404,0.015293570877340009,-0.11831609811890227
-0.23280616431681134,0.1520743980306272,-0.021302147568159586,0.11634233203289862,0.06695240672349397,-0.0071778930602822595,0.03525713678813417,-0.0014307432102574971,0.016957234389400087,0.26934158404011804,0.012510694366386316,-0.018992850730163654,-0.00398162532607683,-0.006658633971174689,-0.1688489541728059,0.001019860906124304,0.17445142042809025,-0.12185932326902964,-0.10837860677359643,0.15580358786850426
-0.3674507944425679,0.21255921201601954,0.03797953685696464,0.13650318679877535,0.2673766353117586,0.09891612686798114,0.04648823787546682,0.15566439154997913,-0.01126754683251626,0.32613937927256464,-0.11028288293738496,-0.009692527991154587,0.12484335511468417,-0.06734401712040858,-0.2513591058536494,-0.0740232732664553,0.27969684713251247,-0.30839288793992126,-0.10876139359853114,0.2769440157899207
0.04399369235305744,-0.09858320283218598,-0.37085009259383733,-0.09135836422655016,-0.3031234334818633,0.20289026806389,-0.3427473852830142,-0.3235099130126934,-0.17615078956521155,-0.07344124097133804,0.6949494432432327,0.7956714932706876,-0.00702033389587973,0.3245747344855569,1.113214733068079,0.16652835746868272,-0.033294357903885824,0.509706921054077,0.17669506117520706,-0.1484320735463707
0.016617871078602457,0.32937695847041637,-0.15438767563197975,0.15957853030186359,-0.3417266845460827,0.15641522925797013,-0.1331545105845723,0.13235552041126916,0.3668702742251368,-0.003920502265214573,1.15436515143251,0.6866111209811259,0.001826734500599272,0.6592693171235326,-0.4040398121870828,0.038680741065646146,0.10813331961125537,0.3452540299686178,0.6331472773438991,-0.25161887052882226
0.007606550489652954,-0.027922623629578647,-0.03357970993713681,-0.030837387981393856,0.03828592781249976,-0.018376150728007534,0.05707271769475581,0.022047353635515722,-0.0031544142878628745,-0.005885462831071597,-0.031005895337863187,-0.0021899419078685615,0.01699395815889597,-0.008480973113487162,0.011236021247741245,0.0022435622649208554,-0.02940663041755677,-0.04250384114532503,0.013810975767460584,0.010656401644168222
0.028619545731044405,0.0773455297493502,0.03794080238995452,0.05308723254290016,-0.11579624088348603,0.08109055354586372,-0.14045371708133084,0.06448399070652425,0.16092494334015556,-0.00941626733190115,-0.002164854481290425,-0.00783223356488409,-0.02360279087112479,0.09014151361594624,-0.09057979626812605,0.05044128676701248,-0.015845746264215,0.18820109846732982,0.014388723081366765,-0.01906741896874385
0.09390384118130117,0.295486452062614,0.0729411844456889,0.845571009166056,0.052769900196348286,-0.0030988196625253706,-0.04889114067807582,0.0547843421390997,0.5226026605356878,-0.09652659041068665,-0.2480671391653695,0.0014265482728913297,-0.01686870119162521,0.462288212257487,-1.0800668762065968,0.08897292964364407,-0.0647950250889708,0.056209594487685643,0.08225431316292717,-0.021883686833728405
0.7099849358999905,-0.48508218918607693,-0.06224647598959577,-0.28170520003945904,0.0022825356221207217,-0.009351374614711912,0.014845377460716637,0.18277206338139404,0.002746548828790211,0.01652782474168553,-0.17972637744512837,0.007416512977456374,-0.018467895159135293,-0.2000183117206798,0.6697390188768249,-0.0004333233822729545,-0.5850318329509175,0.00562730318153979,-0.009808488557692958,0.13549668588151176
-0.6167924155896275,0.6150149540461273,-0.09719816877027747,0.39594796094817314,-0.007410538772004349,-0.016043120537639725,-0.04734696433194378,-0.004182999303101061,0.2926660337625844,0.7770959886068062,0.014824293187577206,0.016014288260531275,0.008176011685368153,0.31586698863661555,-0.6773833516854053,0.05674247831006245,0.4603348405532455,-0.18297906214078208,-0.29162284145244066,0.5157991102995289
-0.03922386340230388,0.009301246084287743,-0.019035080598589504,0.013270811309275144,-0.014040634110626553,0.006282372215564018,0.010457863738067237,-0.02946283982724297,0.0024296817874577816,0.0285528210833556,0.025589836207551394,-0.015432578629807736,0.01380303457572779,0.09381807708216977,-0.034250831968884995,-0.014502421676441016,0.027408578160484975,0.010255567449225164,0.03630118407671179,0.04217438135604497
0.4084281369161535,-0.2680200632887576,-0.042285897993655175,-0.17326979664319123,-0.04696388437852631,-0.009963202520871555,-0.021340975393977096,0.0605203000237481,-0.003961625893818372,-0.02031236222416057,0.30770029900027496,-0.008355234827996142,-0.0050460998232473575,-0.04421376367084725,0.3662729974572665,-0.0031838560255218968,-0.3114423578658733,0.04284959986253942,0.0005783425061842836,-0.42049097740569974
-0.06818213561191308,-0.033132359557016815,0.725031664923035,-0.041661143192736734,-0.5140649837187169,0.5363394141665163,-0.7213707206272642,-0.12855228856312165,-0.17595963880776194,0.08093626757115206,1.5390014099726828,0.7555438469237183,-0.008144163501027459,0.1814675160861263,0.4457438769944205,0.1137068757106762,0.09557815725603067,0.7648909851327054,0.13502728545858658,-0.2545201231252514
-0.05997897676523268,0.7270758433386091,-0.16040979685396312,-0.02226776229481761,-0.4879492195192954,0.1282694298241029,-0.2554498258382699,-0.11964460953200547,-0.10163025649080808,0.06993157428551469,0.3349504114876101,0.5198488233052869,0.001086824974175021,0.8011986593513138,-0.7887490531716347,0.02045632622083452,0.931441004712676,0.3412068408295806,-0.016304832284720395,0.07948110629066053
0.049300565163930624,-0.017671853490184387,0.01329411278386551,-0.019102826003251,-0.008738023924534434,0.0049496395983725065,-0.25602641566164924,-0.010885708528157132,-0.039823828573875134,-0.023029605587425353,-0.02076434048347373,-0.007356249932575103,-0.005361346476384249,-0.04919656633881728,0.07931518356616835,-0.0014552775219245292,-0.004428363824300516,0.5289144981649436,0.0060584403401415625,-0.004163093859260482
-0.004263333967603995,0.01994535477142776,0.07046046341825392,0.010945020404459747,0.010503966109589981,0.014048622363487705,0.9026740085537446,0.06170744685889031,0.0152584417752203,-0.002380019599687885,0.00806079536542945,-0.0018735841570824549,0.023838206292119503,-0.0030520636289787413,0.010895106719320308,-0.007259299727940703,-0.015370895379031635,-0.028696317699043954,-0.007513098868962554,-0.0019597894357746455
0.9095366795774253,-0.5599534140638516,-0.613445123699187,-0.3526317149808718,-0.12274648300967339,-0.00889831110273121,0.2154925755041913,0.031441470928047596,0.019026470351666037,-0.03155165924670187,-0.689830032992488,-0.011458072040935342,-0.01627632916084297,0.21065883635004354,0.7431733771700351,-0.0024248541317987084,-0.6243539121576928,0.07543536911811473,0.6509381624913609,-0.5376616632002068
0.0428061026056967,0.031730160069247976,0.44221507245333586,-0.03209397600338887,-0.23334366314875238,0.005091115742689966,-0.0744122726342292,-0.020334377430411797,0.002817172634906705,-0.0374259711032923,0.46273958402112947,-0.004663122523992212,-0.017030392645528258,0.09422425236522947,0.7523829620460023,0.025336385336884978,0.019441307460674004,0.1447073125261226,0.03574474018840361,-0.08756889629466649
-0.034120176335423524,0.5955986597543115,-0.011214200713977981,0.02614468833701137,-0.32017477778169606,-0.013987985286650623,-0.05213759204128137,-0.029994406399184555,0.010923529375164207,0.026768421553965124,-0.08440399931324954,-0.011868357380203937,0.0012699956070436136,0.5416918108456029,-0.7343847711186594,-0.022564220176236084,0.6857692402782847,0.12762380453162753,0.014450442674971366,0.17969890827167828
-0.011995717157137674,0.005153543888956264,0.8094476145682418,0.8131178815343404,0.05295488236257081,-0.005972576821828213,-0.09275367528645362,-0.19503431763253645,0.030416702401308667,0.010696302152387456,0.5617669589447958,-0.014826492661946689,-0.007563328579365252,0.10430863393772459,-0.6713014713131898,-0.002510803270629419,0.002237653788453065,0.113569646208598,-0.007352484378532292,-0.20052732149889585
-0.014898338878733658,0.023839939993504224,-0.036392407594742396,-0.0023405983121352974,-0.0025704558493557794,0.013959171589144819,0.008017088969075365,0.038638503443157134,0.014835217937111555,0.02494631923633937,-0.04333814370106678,-0.014426674782898975,-0.005519604693325062,-0.01581327312844773,-0.018040265222633457,-0.006218244029197082,0.015305817104076896,-0.03239400367176364,-0.018189125212375402,0.04140498818089837
0.003207606357154295,0.0025799255644987163,-0.004659638373466316,0.010822129824612971,0.017907173336422263,-0.0027050048232857486,0.03787621114206723,0.013799649146535357,-0.0009523515112666699,0.016779302958348855,-0.020567689252169008,0.004165073551777991,0.012073237480092416,-0.009110353063488594,-0.025624553474164403,-0.012497569309163185,0.010582926065443296,-0.013726716348084606,0.006498812104554119,0.043046348564334785
-0.0629455300246457,0.012961138496917315,0.011889432322265175,0.024812369250227277,-0.4096341681671567,0.016806397928604555,-0.11792861616526046,-0.25816159600454314,0.003127474218093643,0.028007284335798965,0.6051403291816514,0.015274503627427681,0.016632367333739042,0.7166796958743612,0.08052920149938259,-0.025621639793495042,0.017808592465256748,0.17972321899596874,-0.018142041423777355,0.7939771579267537
0.21368539005264364,0.025639625785884714,-0.14655132685502573,0.010555036460683703,-0.46145927522592456,-0.025334924922797722,-0.1956790722978665,-0.3039046109643738,0.16823344758141873,-0.25179201050357636,-0.020597474348192518,0.004812811132326527,-0.015761572839287568,0.3841151580605632,-0.02206737306375293,0.30177769430559814,-0.12777461743468455,0.5319229695660129,0.2828693649806353,-0.006224698672435455
-0.018115824877021444,0.0059635179786047595,-0.01892891701380836,0.0004897631876316193,-0.023715695395503375,0.003753400227785972,-0.029349905341069373,-0.0261024273051526,-0.006882602689273983,0.008861156940913151,-0.05057019493470613,-0.012902274759315855,0.016979561317106078,0.007805820752534267,-0.0032345283634966867,0.019028082455151453,0.03034602697587393,0.04493453357461793,0.002537995856018587,0.021300553447711153
-0.16921457087930034,0.1356384735875447,0.3737893261049421,0.0701901399814908,0.07500613856482054,0.6344524754419291,-0.721326479005924,0.27674403834747685,-0.004929506892517525,0.20653738946755062,0.06128921951629409,0.0027812088775399906,0.004826610490264886,-0.372396139324292,0.25179147947581737,-0.011225063666017379,0.13680255639810487,0.4158497779055935,0.038602273954153124,0.07733049991125085
0.7124821310889703,0.3344032961938615,-0.2818275186506891,0.34658490459447927,-1.1921050018349018,0.00015529412273953148,-0.45225116710516355,-0.9872096483017192,0.014280886595760683,-0.7310658228298222,0.21750625427325743,-0.010049398845152204,-0.001959923872762298,1.236175419217005,-0.2747211799039913,0.8433470967784984,-0.42961809991563793,1.4904935434622304,0.8111145998071945,-0.2590211274917344
-0.002003195469077901,0.015019206734111917,-0.011077224157086752,0.007814453555491617,0.01675575862010293,-0.01111117942483161,0.010212471195383408,0.0053522013777716915,0.018273858772828902,0.029504004044156838,0.007612700893836441,-0.017485988997704576,0.009673695903155172,0.0008408576752065534,-0.02834537719259188,-0.003101596926801596,-0.001980079903941234,-0.03357045807259327,-0.01925375857085801,0.01676792697395737
0.005656324899027943,0.022592111474617746,0.04266063974816453,0.0073896907043541895,-0.38063500522711013,0.03218871513269831,-0.12561347226600872,-0.2634374765522791,0.010261445032604899,0.01055912720056212,0.898518111576379,0.002046115819652885,0.0033365419377987347,0.686446808239594,1.0432021802441012,0.009861546300901565,0.023132558713559556,0.2005645740579351,0.00837857795285874,-0.15721264927545742
-0.010025583453493725,-0.025795114979469673,0.015023735457790103,0.00501275381809031,0.033913175713716465,-0.00030929504176099333,-0.01191345941930019,0.009487658857287397,-0.001829838255747891,-0.0002566681689683721,-0.004138678395594118,-0.0016324429959947932,0.02395347017376625,-0.002826151366695815,0.1027630947506492,0.013087281613964195,-0.012588851891715042,0.01759710568391849,-0.004910823560522289,-0.002290205990725734
-1.842037274208163,1.1461711766857823,0.16948805250022062,0.7577369633568883,1.4964115780888751,0.3970288246750631,0.40783287862601286,1.856980113483808,0.06856420359375591,1.4902113163043749,-0.7589408095692477,0.02570367522530646,0.7386028699032796,-0.2506944172773017,-1.4335686906290113,-0.543505967239372,1.400899428868933,-1.7281129538932867,-0.4818003115136704,1.2686650795709866
-0.003483557242374725,0.08307485312752275,-0.3291720561442491,0.02423343330375414,0.12120232394968977,-0.005364983197715199,0.16648175960830983,-0.019645162274512868,0.01915411175709938,0.011292317867194446,-0.5741372630262047,-0.0013492052412286326,-0.0002288295413443416,0.019163769955395184,-0.14092332466227603,-0.012985995043806625,0.09081459790057843,-0.07733899771249511,0.39849178125123413,0.6016855385118267
0.2038451104284612,-0.1899068741531612,-0.08387717743138626,-0.06400657700988438,0.22967986492298417,0.007937787484665051,-0.37278249574703065,0.1448684089570097,-0.01591978447201614,0.49422426752929327,-0.21820222704951991,-0.014485520105017972,-0.015623660765542297,-0.3909485876330075,0.3213957930675165,-0.005156187609240535,-0.22089486231555935,0.6342519955134956,-0.18819637636116174,-0.15548900533729243
-0.05631456297349342,-0.04995250872008599,-0.23032737226227232,-0.00937553317410145,-0.01679495949671693,0.1671735184231684,-0.41833821063053994,-0.026071550236234663,-0.11332488609865105,0.08107109193495912,0.4809013668072811,0.6120582425675911,0.022807891981450508,0.11795278042708346,0.09088777438063285,-0.02694427944658238,0.06419173463141778,0.9697035156861881,-0.0208126990771647,-0.11828739838960335
-0.018768693237448113,0.23793091369168498,0.023365664028595343,0.005751094674237505,-0.06180898226073065,0.03146475156140996,-0.0424901870148436,0.12983214288767309,-0.009094603548492177,0.024423553205560767,0.0324818399632524,-0.010236364227769964,0.04072769959857048,0.17908294619267232,-0.09257434780881676,0.0010652097361559879,0.024200082033160326,0.050546953321668295,-0.0009270030980449481,0.004325774008194547
-0.012377485515643435,0.03217148159195631,0.016871022216934234,0.006655981582123653,0.0065211542297154285,-0.0001678327808930742,-0.011808686684093798,0.01619164278227776,0.0002742833738863578,0.012124074440590495,-0.007755406403728848,0.011626628482723929,-0.005377284584253301,0.01686298508174184,-0.02959690221714491,-0.016991413164084816,0.02900537565095762,-0.015905566655238564,-0.013421351174645546,0.04195667290154536
0.968174378651159,-0.6927349145445519,-0.0866456274559074,-0.37188475225229706,0.21536969733734457,-0.014824992948668923,0.0660720289010214,0.36436856458739264,0.010587588633567815,-0.009464912638714018,-0.4801137449857558,0.00745884361179028,-0.00010138575195786995,-0.5960104086281435,0.8484577703113977,-0.003444082106151084,-0.7821369741268717,-0.11689259022994772,-0.025035297965284024,-0.7486496230766045
-0.06987470137766567,-0.07825521272268736,-0.3359153735961045,-0.07881912142461783,-0.0627442305745167,0.22221464485972295,-0.25998081358682684,-0.042186903213080496,-0.1718514179725391,0.07308457572413612,0.7207949806296452,0.9040774392677169,-0.019614400090768633,0.2071826339826611,0.18167057440889026,-0.008700890168085375,0.02808377855793174,0.16954710662549677,-0.03038823935271326,-0.15331940305479025
0.005722896576044922,-0.01346594072795859,-0.007823472557087775,0.0024669872534972713,-0.009604631214886963,-0.00776519073080308,0.02241458389003271,-0.02092636653565188,-0.0023563606241117007,-0.00815082126547733,0.031211400084774722,0.0060789408808192705,-0.010095705153913717,0.006508670776281051,-0.0010760898745336128,0.03323427433254603,0.0011528152951463906,0.02472314521591078,-0.017824569865740634,0.001976519516855747
-0.0022097090039561486,-0.006578405632194005,-0.002876453192921128,-0.009647048122779465,0.00765602343415322,0.012829427698754163,-0.014774501994750727,-0.024281531374778707,-0.0033374657094870294,-0.02260041300053828,0.007870787595945849,-0.02295570611542149,-0.016016235253017132,0.023582644451898675,0.02233931234604264,0.014683242710328639,-0.01721415983392433,0.01694698698211193,0.019626060183603564,0.014095712335607831
0.014075479298636378,-0.026665663574452526,0.3511362619092532,-0.005858763956260871,-0.1310616290977625,0.012495166357073043,-0.03186077183355054,0.03193892259258008,0.008768528387342982,-0.012953356986992208,0.3514572099343502,-0.0206074396160386,0.004059183812673135,0.02703833818402012,0.06429143224241705,-0.012290750949840742,-0.05464078079258507,0.08055688025321295,-0.006945800392066738,0.23603345771377263
0.4716277453553995,0.09155519942841005,-0.21667111500953745,-0.18192187527328343,-1.0660187760052435,0.1858616952645221,-0.6404135425016391,-0.9569922760976842,-0.002060665486348143,-0.5706363490475685,0.06040985730050347,0.0010483040431281225,-0.006333507425722708,0.7049188160084225,0.12236384469804076,0.7233574122774115,0.13567290857533437,1.4618947935274667,0.7063792142166527,-0.061803415451874885
0.018649766542380673,0.40247286892546585,-0.0025900886327105844,-0.010154985883166812,-0.18531636635334345,0.037161517668751656,-0.07217568076065291,0.0026663610787854997,0.014765846817290474,0.026185968871096053,-0.1110052848801779,0.002045537712102172,0.021493209977568036,0.30157449142314063,-0.4446102966467638,-0.0019457583757410105,0.46145994037489535,0.09306229794540526,-0.0033945992946898627,0.06995602807090393
-0.6749591901788172,1.706024836759398,-0.10794109410774753,0.7191531687979302,0.2744974190270551,0.30356954651287343,-0.03192814922140324,1.4588534675322542,0.9682059110540945,0.26954837381994473,-1.0661044884322406,-0.0015474888151963614,0.5435635584825437,1.1413853151194393,-1.8493938004301753,-0.2187534327261816,0.5751831967726786,-0.4484054493263357,0.26158263378509444,1.6878797537005041
-1.439542523064558,1.9177612462185736,0.3400893739884402,1.041451051714586,1.4436939942120914,0.5002730754019713,1.3623519673586397,1.5598426420486744,-0.021364917410596224,0.7920456886558513,-1.0211693297813476,0.014692101309435577,0.977081928622967,0.5241593628326312,-2.299879661453076,-0.7238436371412434,1.5919220287567917,-1.682675253783626,-0.16065136200237096,1.0642876699212724
0.01324879741561466,-0.021417866458272195,-0.0229496339175832,-0.016858051036670298,-0.04112298998422046,-0.015385062945504298,-0.021069562485651748,-0.025985790993389095,-0.002977911020925923,-0.01517318146251927,0.03335221656977321,-0.014102160449693094,-0.013294582542490354,0.010836930891693818,-0.001377149367035025,0.00641862129796913,-0.013536882010001033,0.03386780633881357,-0.011821333563229935,-0.024341542270900823
-0.08257284077172111,0.06553060962964245,0.26769475008938337,0.4678430890116753,0.22758120317619995,0.31344780821709894,-0.30954503767768177,0.020450871189576898,0.008029556254522516,0.1225818430830744,-0.05834380699575476,-0.00999208512120376,-0.009803258510538046,-0.18791397087205977,-0.2318276749047111,-0.0009667860355559929,0.09779416768522607,0.09912401819851285,0.009912071573178194,0.017408926057503903
-0.02028876987208585,-0.010669342955471844,0.027762891808826837,0.0043703141880721014,0.013186566771225226,0.019073616213624526,-0.4943398296824128,-0.015378026316645808,-0.008404104374738987,0.008487037614858165,0.04571504748680502,0.024173625768088784,-0.004319391600528606,-0.07633282984569754,0.027354451677716267,0.003595560651720649,0.008702391693534567,0.9221016938329911,-0.021866213630555076,-0.016885462406800722
0.029541417136595905,-0.012821840174748021,0.013152191409153259,-0.007167285592521756,0.9549304953101,0.023575081533200946,0.2282689789526004,0.6043293727781719,0.00015624276947360204,-0.013669225705271584,-0.5517793016345198,0.011090621897468669,0.008872592646039441,-0.023454119668241184,-0.20270373854678916,-0.02192304034470791,-0.011950938293865626,-0.4610734900163746,0.010495771106587124,0.4546832748523708
-1.315651472092067,1.040285533068355,0.04582407979363241,0.5259413674793563,0.6806841549123595,0.20382570103162223,0.553015516441871,0.3640331246943788,0.007342677968429344,1.232564989240304,-0.3259645723897346,-0.0185967071898112,0.3901920446927909,0.07375290215967951,-1.1950823400640254,-0.2711236166213091,1.2457914781600257,-0.9785495573413743,-0.44800082692213744,0.9926953748299955
0.02857042727547505,-0.044428501041476734,0.44110500011362264,-0.009513806567415038,-0.19461153751034882,0.014902004877385355,-0.053520817618532904,-0.03203980022946461,-0.018404898639761077,-0.027042254040554582,0.5548914975480674,-0.006301158987242091,-4.135578154655997e-05,0.03713991093844408,0.10515412135753584,0.012907268650101852,-0.034957754540751076,0.11481878113150538,-0.008823098754408683,-0.14452856323869512
0.02816409675702229,-0.038374870776808914,-0.04851109835338774,-0.011184932096733113,-0.04066433119194104,0.01755149587151166,-0.045279422948865285,-0.02360493385710238,-0.03447827424715755,0.02517179547054782,0.13497526818828384,0.13274127859276882,0.010919396418821323,0.036235835751598576,0.033739442701791265,0.0019807542311778225,-0.030129553970212962,0.018525852994532938,-0.029961257602345352,-0.05410340220574631
0.005208104583080636,-0.02496643445147194,0.033936738711945406,-0.013523272753279188,-0.007571412036491054,-0.00914583513835751,-0.0060387233954167,-0.02787271550302565,0.004435477428457345,0.0004755341533194306,0.0028309414224102474,-0.00027619299197785205,0.009228209795302894,-0.041421908978949304,0.38427597910230143,0.013375914881930129,0.007403682442793203,-0.00726492964863127,0.011373234653517143,0.014728619479261903
0.023421155434367215,-0.03000753250747911,-0.0064632690393941,-0.0009984449094644042,0.024958154429733623,-0.014427519221798473,-0.43759356917436965,0.014399421900107826,-0.01411653482757057,-0.017922399087387575,-0.027060415501624076,-0.016247601235820766,0.009419904447276424,-0.022685811982692615,0.016397649894307,-0.009416570110487675,-0.0451033138486511,0.868160663640756,-0.002135012181271468,-0.03573273290390275
-0.02385341040192937,0.004284307293017255,0.0141969167628995,-0.01289081458062022,0.03121577180591366,0.026458198387278253,-0.02280099362352812,-0.006052317512397685,-0.0034724884318517273,-0.0012253465172479628,0.02564690437424816,0.008770025144973041,2.7816269131382496e-05,-0.014788433842587342,0.02423691785934866,-0.010811259050875686,0.016872793837891167,0.017002292609077763,0.006111412529990595,0.007132429939652712
0.45982256184815085,-0.2880227810145042,-0.3627657696754325,-0.19569560271913947,-0.8393706530998907,-0.009451652986505486,-0.5812264815156692,-0.9837055426249053,-0.01864293198695673,-0.5673513466510803,0.07255617175565904,-0.00939640981793166,0.006947181831886124,0.49662047969499795,0.40087211506936626,0.6611111890607415,-0.2728363932946794,1.6047488340577913,0.6788712272105893,-0.12150360188046513
0.011103886645566625,0.010837470523782644,-0.018268266204401754,0.006330573878713496,-0.019682718637991842,-0.005778008231223559,-0.014363241093718336,0.015662971364883788,0.03246693683530308,-0.02265049062340286,0.014749302257034684,0.01140220878367049,0.00023630715200266116,0.04286288205902802,0.25799076435800145,0.022161576859433974,0.00210503719735447,0.028364224123916204,0.021476162110093868,-0.016680933918399705
0.12866193060817283,0.5909833771435631,-0.12162299801129742,0.3745560812359956,-0.4200566903033439,-0.0043184996916339,-0.2279404803666346,0.379120193890612,0.9488142912662599,-0.1658496917948476,-0.4103438518147698,0.00304131281113758,-0.0003786884761599286,0.8135002475485079,-0.9286419281577714,0.17483606917846486,-0.10591732760705992,0.40098041758980263,0.18663773235097667,0.15460145606580875
0.018073003283018516,-0.03513373264452601,0.005323524755440165,-0.03837516868387447,-0.0642619189610462,-0.0019356918834449212,-0.12745229215017512,0.018975286194056983,0.021880756954690696,-0.05039404733052198,0.05656975892323515,0.003450988562130273,-0.002434146954625854,0.023181146764791993,0.030300322096825566,0.0028214657649954494,-0.04780431436739971,0.2512736310266826,0.00901126748377702,-0.037390387269560156
-0.2363359279354905,0.17645500020842514,0.5344845050755413,0.09170010283868463,0.0692217662254786,0.9530267727260583,-0.9872671016846583,0.4041436630682378,0.006850800194685429,0.30322725400560374,0.050846238474922034,-0.012845467798071194,-0.024064841352625134,-0.5941287534894966,0.44242293228719637,0.009874560230525015,0.18856638006321735,0.6767101228970462,0.0801821905983959,0.15652722036943859
0.013369360315035666,0.41432724450070363,0.7986376471929029,0.006164937865810778,-0.4684513911744856,-0.0007887450717778402,-0.11640591496110828,0.0003636179959916972,-0.02329189117815467,-0.007360695873128657,0.678575027357341,-0.0058027801380645715,0.006826684690247297,0.42072355001879747,-0.40212454810625314,-0.02582407132101693,0.4527770795418903,0.20673828168938208,-0.005224084336988309,-0.05219561045016316
0.1811094223538624,0.008516810688752608,-0.6672846419278058,-0.03752236672248642,0.25214269485237667,0.0193252107924504,0.34164802533415367,0.0536222563126168,0.025142731231504498,0.04090779024931661,-1.1757846756706096,-5.143165321609081e-05,-0.006464933255679933,-0.12270419567977574,-0.04827791295133123,0.004182920666482213,0.0045127689874450505,-0.1418160471472139,0.774121134153262,0.13873236664764874
-0.0347546663538906,-0.026221480791011303,-0.1457537207293079,-0.025285527902305,0.04353303742912876,0.12464678404794831,-0.12648791399411613,0.01667947856470497,-0.07995801904832378,0.04267105576049044,0.9596540315912859,0.38579307393371615,0.01492146043004303,0.03217825224713937,0.0770705513862081,-0.02174079745287169,0.03944881882970325,0.05323241049479176,0.001307923998548892,-0.2898910070896409
0.10902724078406101,0.6115770866492958,-0.10060515073074512,0.2495936517499568,-0.45667619445192975,-0.012220649803749891,-0.22565021320143686,0.2371545918890708,0.6514599621856743,-0.11126991297118324,-0.28858886890165786,-0.016165251301641814,-0.016681719863782828,0.8004264396561044,-0.15812792459093145,0.13930779259420875,0.1766716107784426,0.36855396910299,0.1152603787826532,0.17463397695050645
0.01637023893535848,-0.015546004244773377,-0.010362175238600283,-0.00578369777751804,-0.00041339613435810267,-0.007381044342993327,-0.0060777668612796406,-0.004210188372493376,-0.007170549180314187,0.003733402491244277,-0.02798483266100593,0.02261230451974782,0.0018200576490290084,-0.012158593012750633,0.03628272689255001,0.017098488174957786,-0.03282154171834041,0.010199645001333003,0.002535643493553852,-0.05234529886722233
-0.02800459983381605,0.01866397936667466,0.00023761683504637705,0.015468004328830992,0.03409290729472173,0.009640898825024842,0.025122302742167858,0.2886451863999995,-0.005370815769616753,0.015142084072588324,0.009701814038973057,-0.007397446107663347,0.005327041505874028,-0.0053133042817104965,-0.02209146594202649,-0.024610302972586918,0.028100145391453116,-0.05138572547110348,0.0004985548037348166,0.02131062118679176
-0.13663397991991513,0.11068347815931547,0.34090064550253396,0.02432403516039715,0.32016125031279397,0.5814699015777413,-0.5691031633317021,0.4016974270190198,-0.0029322695633279177,0.17463791799374198,-0.11293893846103886,0.008464763804965568,0.003044815105110303,-0.3883385794540231,1.0084784861179086,-0.01259091711786905,0.13090071301235584,0.23521575412658224,0.04332393031006499,0.015561803390025233
0.6758938161021034,-0.35027764288699437,-0.4138169556190126,-0.2648525889368293,-1.2445792505438196,-0.004163885803708273,-0.5187404663818718,-1.3555739678201273,-0.03079469290627578,-0.8194086794656209,0.7894380756234278,0.02130552617690161,0.025143994248092643,0.7094646642767819,0.5810190205527112,0.9533518925861894,-0.39063969544481936,1.6573782894975613,0.9432461315937032,-0.4064052850105465
-0.001859884066707904,0.9943756075623359,-0.819610697031603,-0.011859617427940205,-0.18419923789088882,-0.0231956738162053,0.3161531424957364,-0.06117326338445481,-0.008523538594959832,0.0206950624747909,-1.4114683128444128,-0.005307394482246199,0.005194750332313038,0.7719581320135831,-1.2082884609371187,-0.03536820778612606,1.1234850447951723,0.06020657627056379,0.9384260901211515,0.536928289849037
-0.1388940218127887,0.12223447284919917,0.9937206150254456,0.09030314009851673,0.6022973936519086,0.6406110988169552,-0.5567865131326312,0.7477796913630909,0.017175301615442104,0.1955043989102188,0.21135352738399332,-0.006395057618187347,-0.0032609946082286243,-0.27313155086729596,0.10525284956666503,0.00017103566315996438,0.13000571586287404,0.1859090435513636,0.050849280869748575,-0.12745544100266548
0.4660028922195236,-0.2495110525250833,-0.3642072750743248,-0.1778740592153025,-0.8675334996963767,0.005901958982201732,-0.3745941420241972,-0.987595992045518,-0.011584498660238175,-0.5844809255160286,0.1840363399524929,0.09550373184671851,-0.01478320297262262,0.544131764489133,0.4062577350582696,0.6882759169061113,-0.27159157479261686,1.150207094870633,0.660561741219177,-0.14572519432868242
0.01708004558170267,-0.0016879789652060554,-0.031110188342061106,-0.010956353795440323,0.682863136815182,0.015287688774949341,-0.21449036163846272,1.3669297224416461,0.028516412341414422,0.015317396620332692,-0.39470078155676286,0.0014659620708194036,-0.0033186075469750394,0.023116313876235636,-0.1410105779961406,-0.021848310035892826,-0.0007659307769661795,0.38616981959123414,-0.0028179051992577213,-0.08241581822701996
0.08164367882700797,0.7634319627219365,-0.07107890422449635,0.16248249319946395,-0.4766133718536281,0.007595046452822282,-0.2184337385749202,0.4134657115635895,0.4194847833754378,-0.0534460894514623,-0.02669465238441639,-0.012288759053777286,0.00026351537198242986,0.8523266760844668,-0.5867426136339206,0.07741348829114997,-0.04588270716220119,0.3416581818267937,0.08000053817945989,0.12020244063297754
0.3704191053409611,-0.1452118892986248,-0.2844691256535984,-0.12803913393073424,-0.7010207259188365,0.0006851055435374426,-0.26975104505202874,-0.7311733192952568,0.0060134079179717925,-0.4353705969486451,0.04091868099977892,0.009606968708347634,-0.014992144153686202,0.4452439755548674,0.8256071877684645,0.5307955727420146,-0.2063728135623366,0.9111199373724596,0.514433285830633,-0.11128368403822383
-0.0009764348005890668,0.015756652511672548,-0.03826764189071765,0.011538951086826794,0.003134505631579057,-0.00947509993532284,0.01968242436977167,-0.03250346370924449,0.0072142912112095935,-0.02910496131235163,-0.011918781426474036,0.005514568552286676,-0.0028846811852968673,0.03632771797500864,-0.02411842040063526,0.0032903919542563286,0.0018832021522453418,0.003515534046323303,0.03819175118618575,0.01382074899950348
0.45589717072649044,-0.18129392812844586,0.03333462445179308,-0.19082126333223312,-1.1601360190959953,0.8844285709674476,-1.495140725026888,-1.0049828173009774,0.01825179427646843,-0.5607415499631045,0.18498197555112028,-0.024139108427575846,0.00755486980937695,0.23602414793065143,0.9486689670935123,0.9644495476743252,-0.18769932949238255,2.261416424829,1.039783747435264,0.2713017408724317
0.02529666579862619,0.013956722918329237,0.008878335411147945,-0.00019194637904367245,-0.46825086098575,0.0031371117487926127,0.04878024151636451,-0.3072844435232798,0.0209359063165482,-0.0035973114783843536,0.6008587618384972,0.0022074730645020822,-0.0033548213426180216,0.8036277350949093,0.1202240204223823,0.01717121140407583,-0.005215248274159292,0.774435681617061,0.0034623707396840148,-0.05924175873563474
0.14210017364498126,-0.0931670939658408,-0.10903872480110931,-0.08840135594614228,0.07084268290489072,-0.022974207224684122,0.02539342212208771,-0.09100762261525937,0.010603854623788043,-0.1869224395128397,0.4461106707184854,-0.01234055349602626,-0.007935378730902245,0.1784818599452208,0.26966816752615247,0.24611755665172466,-0.08979998261598966,0.18731760848607898,0.19295928404123822,-0.32221429465689555
-0.09743506886936648,0.08352469945775938,0.25246059869731735,0.07354143405224578,0.03840013385744954,0.44497078881925656,-0.5246817202232582,0.18885481250208655,0.007035488227325096,0.12074452393236514,-0.004896076671107828,-0.03504435018393268,0.009249970160045183,-0.24330692061935547,0.19235548834711838,0.013772217705600907,0.09795322203687269,0.30073461883861985,0.02996562357158525,0.0937622853842333
0.9304559292791789,-0.670330979942063,-0.07921888014570247,-0.38760060160319226,-0.1853085874011332,-0.018391801681140584,-0.031156901652757127,0.07257708601406619,-0.0040449598318212515,0.004283144579678945,0.11399309919931971,0.0035236071358351684,-0.014880058809163474,0.07071807522038193,0.953910596125521,-0.00688609336747139,-0.7661952768531176,0.10607108912906699,-0.008900096779193819,-0.7633432704658981
0.08038809038794102,0.3895273257746598,-0.08281376860126582,0.24373176551034456,-0.30738283331047844,-0.0030148158961194743,-0.17979568154206355,0.22688117067103175,0.6399493530160436,-0.11311344152500605,-0.27075512008323244,-0.02216707366456345,-0.0025372852464651137,0.5537093783044676,-0.6037637271573362,0.12445965115492896,-0.04403724995558901,0.3022986923820864,0.11686204535371791,0.11031189928398057
-0.07226251775752807,-0.09340783183347778,-0.3545415008606052,-0.04318762923248628,0.24338825574833126,0.21279107289426233,-0.15659120169328478,0.1375120448959743,-0.19723975690138967,0.12057168951167585,0.5983604301217517,0.9393325903854728,-0.007904964546639467,0.17932684943488195,0.09522700726596851,-0.03366960610881647,0.06100677092303512,-0.007683917650376373,-0.05223233554924263,-0.18780548430348407
-0.861766448404478,0.46500948721670904,0.18308263019463245,0.35798520667430817,1.5228348941050383,0.39306226547771383,0.3774083281206784,1.712601204078843,-0.015304405150288154,0.6098994566912335,-1.0569737907323826,0.0027285733218715344,0.778238835279188,-0.538117841382493,-0.6746888289872379,-0.5733320937324519,0.6626941961676261,-1.4773541154229697,-0.1231990478533472,0.5515148956976264
0.010660423765578589,-0.02521720993470778,0.018448699053971607,-0.023963488190518176,0.008700390822155558,-0.013378357738525767,0.0025306247967027554,0.012741583294506777,9.418341092722049e-05,-0.02301012458808522,-0.0022898188919979424,0.009264726680759705,-0.0060144159640074775,-0.01799429107493124,0.17916847319583643,0.01564619377974324,-0.029608802524143753,-0.0016643449607893742,-0.002865271689511102,-0.029140230115503585
0.3164683090984357,0.5095694742454373,-0.18202046960767174,0.3205222997611252,-0.3993579100098247,0.013698447744236234,-0.2529104461715577,0.49294503398947603,0.9957350690061564,-0.14210977907136213,-0.5403840272386242,0.014928261579464905,0.029114310544089163,0.7509083536207567,-0.8085355949958299,0.17451093770184203,-0.20550895261705465,0.3936811045617863,0.197692278177158,0.016978669225578225
0.008780120625157936,0.004303240055655112,-0.1382300013695606,0.008185523603648605,0.009419089099758849,-0.015242012596770809,0.04568576026670726,-0.05199153670672401,-0.006898478172812155,-0.0025303571618798797,-0.1702962280577905,0.016903195404570737,-0.03347337990450858,0.02789376999444273,-0.018037989011090293,0.009980477056728457,0.010287020760270535,0.0036390472733629727,0.15671995247342127,0.029230006864334426
0.12928138790237506,1.3589034777870028,-0.14067142447469855,0.35548505728436713,-0.8956205194105524,0.01871319600362259,-0.35740263626602214,0.26348385624227844,0.8769929303956926,-0.16484606666709625,-0.4340821440172304,0.019832788820781967,-0.00424966286825507,1.5053180468075011,-1.7766992368887733,0.18168437410375415,0.8578679384055781,0.6613059380249108,0.1814302922495835,1.320201024151774
0.00549463487153084,0.007931020088319462,-0.10694948774096004,-0.0034618964049198866,-0.02284249707499278,-0.01913848099470053,0.03357081414594654,-0.0226581177513825,-0.005114029052926064,-0.007926343174180069,-0.10517334493550104,0.00254542538288665,-0.0022684324131447414,0.04508718685038793,0.004799552323161934,0.006741905293698226,-0.0041290075567371465,0.02649197127907389,0.11844084129123031,0.032495356592086765
-0.01149743583535316,-0.017067375710827018,0.027152655254612974,0.031173427642538113,-0.24639478056611064,0.012859445630761085,-0.07085807850618626,0.10500900183736453,0.004633385544330211,0.0014454404253109558,0.9156211317393528,-0.008564178223981011,0.007723156004884916,0.38796915992032954,0.03724467643292888,0.013102084610098038,0.019078734087292507,0.14171783545700442,0.015236510759993613,-0.20221377518382305
0.20988711935374102,-0.14126067595118616,-0.128743997106337,-0.07860059815460928,-0.3792070434133225,-0.011464110772796542,0.31705803396581433,-0.44460396344855,-0.023506940043960187,-0.26352908208781906,0.027093301246369095,-0.021457593193692046,0.018471721525857243,0.1817282322611246,0.21604628250143026,0.30365537250318375,-0.14799869824167255,1.2854958444297182,0.31837197241704984,-0.05799195289291133
-0.01328288167574301,0.15292630528111864,-0.7376920960812002,0.01611026374556773,0.2079998286239021,0.006264509160487951,0.3585377321655207,-0.012525482702420543,-0.01088397498824506,-0.00897355438989486,-1.1849196967028426,0.01790117054634394,-0.007127492291473362,0.04947558952921744,-0.25177555136335555,-0.008603009500518743,0.16704561758529993,-0.0701290255810352,0.8891246847333282,0.30962871573082534
0.011933027095167916,-0.03386012431587351,-0.1209312169923019,0.9081234620231768,0.07299161216026152,0.22584316471738086,-0.19101426242403088,-0.4101027734226966,-0.08242866381892645,-0.1407409398195607,0.3255488884620941,0.536818165572578,0.09543306350688839,0.3975565141262512,-0.714358702181859,0.2367126584895666,0.07726533874928233,0.29452437153619165,0.3220490645840859,-0.1377265100225139
-0.0780508919305487,-0.05860286833880108,-0.33624622903499884,-0.044911801147492,-0.027521048733787926,0.21721921308859984,-0.2548028650066019,-0.04217446314241752,-0.1821213106823548,0.07289151029723559,0.7159160846054516,0.9168449250794845,0.008569015924287278,0.22938551511515023,0.14228618555893652,-0.020768096319547947,0.073830033321142,0.1734206580815694,0.008661663050207487,-0.1701632942444726
-0.39353892243637967,0.25553879931515505,-0.05717680357911914,0.1657435092445549,0.04826511954327565,0.01650674938630867,-0.27586397098318044,-0.0815348211395474,-0.0011845620621403119,0.5092984487408329,0.06911333663197147,0.019173093034655198,0.000187245629414556,0.026438107214159123,0.16164383036230312,0.0009748258089673136,0.27770460719254003,0.37936840456312465,-0.19821372165141746,0.30982913465942563
-0.09254247824458584,-0.05347573893229942,-0.3372753781600846,-0.041403192972899655,-0.06864874613413706,0.22922760223570618,-0.22604596238692715,-0.03410284886580637,-0.17942018478820443,0.0984212295243961,0.767754968863575,0.9834450145331007,-0.004281350347928793,0.23044000451734747,1.0603082958825794,-0.05308520517178898,0.059429317517260966,0.15196608016614382,0.00919332784936125,-0.17237091682427919
0.0063536152303555506,-0.03503224702570262,-0.017713362534733237,-0.010938675366815148,-0.0018008682662890587,-0.008171823309414617,0.007010567072986397,0.016112838485233188,0.02302767478817249,-0.010581949274844814,-0.03302133815164957,-0.020746222661072174,-0.0007138672391350876,0.026915184203047286,0.017490486918082915,0.0013366210180182896,0.018772708391068784,-0.01202205150329974,-0.02394893627593038,-0.0022622627599060254
0.033777211382390274,0.12159183853753064,-0.6221689711068825,0.02257418904465087,0.1620892137509206,-0.0075220758262539485,0.3129244687122452,-0.026319107015366296,0.020263935711875097,-0.01420768989319381,-1.0229217390391891,-0.02497067133924178,-0.03945877906209701,0.02734010981574734,-0.1906370858361403,-0.0026116920081135434,0.09558163796844515,-0.07930858760649,0.7918628873945787,0.22814222860470101
-0.011721089120258928,0.0321294392556553,-0.00799222079450104,0.0017141799089358232,0.5749710017583712,-0.00503187014840395,0.18014589287902705,0.361687647164758,-0.0009893669956975108,0.012725435937398373,0.6210957549740147,-0.003711883221440198,0.006837216860354482,0.01375714336679891,-0.16155796234380923,0.0057933422260996945,0.01772183839745749,-0.2824721852714091,0.008983702485575232,-0.359388805184325
0.06595156263152993,0.19069349610484013,-0.09453577765745724,0.15274937568301733,-0.17105900872097532,-0.005574982781819457,-0.08783631250786883,0.1068940973288643,0.3623494186493612,-0.06046169291489627,-0.18337774022840414,0.007594523655849324,-0.004175508652740488,0.3544888304611346,0.2898356149897056,0.0943125071772459,-0.06977846265679365,0.2120286480878253,0.08824236019097828,0.04464280573249255
0.03211382142518269,-0.004731788169259624,0.1837516565208061,-0.03171767585682463,-0.054775263142825416,0.003833415881055352,-0.09047767965294815,0.041928990479099246,0.004828932572929218,0.01535503655228465,0.15874892739078375,-0.007449355361988214,0.007235131270413971,-0.024185144522314475,0.05923319842115328,0.005563406115413382,-0.035377490051712784,0.13944477869564975,-0.00427565537472537,-0.05895564060385562
-0.00870427619196208,0.05268651794738488,-0.23266769287027345,-0.038031906048736436,0.046733937103042245,-0.01899903062068672,0.11279117565529176,-0.028665390660030016,-0.008746629029306691,0.003769618173487894,-0.2899500267962235,-0.0005746559406705643,0.004567614620901995,0.020462736034640147,0.24506961347376402,-0.0089002235064955,0.05703539131854855,-0.016935274236960687,0.21558139133558687,0.07985439309066496
-1.2323141321465667,0.7137969097485888,0.24374719546212534,0.5106424248643893,2.5731119570447407,0.4292714363000206,0.7030158850485413,1.8171869952025257,-0.012653084428277995,0.6585967981285513,-1.5739296804425078,0.02190509662924226,0.8421193213805789,-0.3948514307996804,-1.2609401689044124,-0.6221228858889394,0.9911210311073427,-2.112459872239208,-0.1430275217286795,0.9983567583034119
-0.044853642582071133,0.8475448184898035,-0.017663175961612806,0.04580142948870028,-0.41313239002625574,0.026421105785968648,-0.10920571147281456,-0.012579501015649069,0.031213270838079468,0.0121993322905375,0.4141843955734285,0.008744694287611076,0.02735768067428413,0.712945946018563,-0.19625891540497942,-0.020057110507042127,0.927910786271353,0.17557499197308576,0.015058918001951813,0.02931123319184299
-0.47145357000989196,0.289777745261572,0.3583870575425982,0.25218113069630155,-0.04668487414502214,-0.011989907644742566,-0.01875542969484781,-0.14531267723369862,-0.007173171686878497,0.5633496826043606,0.460319943350472,0.0012812061984906608,-0.022009997708826855,0.05891571955001451,-0.30526763828537706,0.00463786603143652,0.35013602214220463,-0.14681368407994347,-0.20900084293301305,0.26009731131702973
0.004023923926447849,-0.02740211405361726,-0.017885506876981885,0.005889958198023765,-0.016472595828660667,0.007060113814931332,-0.01300909329077488,-0.010451683778526248,0.011304438862983688,0.0021766905841682054,0.005039005959227542,0.0019879162986054617,-0.006321695766322788,0.01744833427375259,0.010499609129297437,-0.005755169503323197,-0.005845433930664109,0.00038791967434193345,0.02511920281728481,-0.00887787398230778
-0.07959280107800892,-0.0905300364835289,-0.35105015557479907,-0.04739260990121065,-0.06273015443849138,0.2177740186479874,-0.27119171580130774,-0.07558695611826474,-0.17415578059612846,0.10311007145510878,0.8067739486218963,0.9770057345838377,-0.005609912525703357,0.23626168547527654,0.15777897995402723,-0.04258757561116732,0.05704817446377404,0.15013437810807062,-0.045220925037767604,0.1898338012084334
-1.2995666257143,1.4181032352864194,0.26715154267323477,0.5447962877605039,1.3798279119643617,0.46115057026052697,0.36391229410234627,1.5881203042125276,0.018857777762084423,0.6921724487266516,-0.9390257538335236,-0.015974229222729446,0.8895417358944999,0.10877068498126254,-1.340104720659696,-0.6873076508202178,1.0284583173454682,-1.5609029436954767,-0.16315115856099668,0.9301481776162424
-0.032379299912575356,0.020016468995279882,-0.0640969523507387,0.0021452809971228737,0.047122359267824265,0.012519106553718923,0.04387399364967612,0.66871498069412,0.004636908883953007,-0.015502402930177928,-0.07631080280718727,-0.003769098963134037,0.030451855697980548,0.01928118419019667,-0.022302696950299804,-0.005324042383436388,0.01153133153739876,-0.02713382573267155,0.061673481570749956,0.44780683128332843
0.008664031516532828,0.5890698495996508,-0.05435119691217079,0.10286239907741997,-0.33915227503069284,-0.044718591880415326,-0.10730667263543107,0.2881295806608229,0.26280067813215346,-0.05491520367760459,0.02563693580692775,0.024087265688348278,-0.004465707815473613,0.5942762077445064,-0.4278195930005078,0.041546048510922834,-0.0045362724345518945,0.2061790591630284,0.04869211308073375,0.1087421472760928
0.0002371177686018508,0.011434763671226634,0.0024218848139005017,0.008747209752322183,-0.0002916090928198733,0.006513246569279686,0.18229746975491465,0.013776778157791592,0.0015221216000934233,-0.0037518709563572547,0.004253587031777062,0.008924002965534018,0.0008677463513568967,-0.015447540074175327,-0.012530330202343933,-0.0006393439442558459,0.018677547179414583,0.015177475829326402,0.0038122853928282342,-0.009004474209684598
-0.029355205305207473,0.012079333857798134,0.128775112468534,0.525780024581577,0.7140574968240622,0.009606351905186928,0.16982992453083867,0.19498124495422958,-0.01495587258037481,0.004918524550606557,-0.2692239442721751,0.00048541642997901313,0.016698487229674285,-0.02011353795815393,-0.5677955125666737,0.014581860810443338,0.008697811122311083,-0.3539923592856167,-0.026765715825717202,-0.12148343064323365
0.09870917907302323,0.41015987526761755,0.33258856066734366,0.2765669358680917,-0.48215984974105874,-0.003428477853739156,-0.2229750796317457,0.2327651456393743,0.6553771039476343,-0.10527261555606675,0.18590592542112916,-0.0032357373360817616,-0.003632566925864514,0.6628826407354028,-0.5966159535110149,0.1390869669609556,-0.05242785952512728,0.378054756786599,0.10277794008476442,0.02596586118590523
0.10619865901331361,-0.07835926278344768,-0.09693775717617134,-0.06426932470027157,-0.2286172751378583,0.010790371923020996,-0.13390701594870616,-0.26508817977095317,-0.012567057219345555,-0.17318719047380338,0.0613502985208523,0.018294777054699184,0.02287748035153099,0.13259204179047074,0.13920950929391668,0.1929660998150252,-0.07792703897683126,0.33666118913922727,0.18266620902988798,-0.02503103485065551
-0.26568230801441267,0.17596903393789498,0.23241816162840567,0.9486754218160418,0.6897385127082254,0.09182228813068256,0.19108441432755116,0.05037615456852619,0.02119282721765252,0.1335617219900092,-0.28193252223291865,-0.0031661236361478764,0.1895891206987995,-0.06845512640820957,-1.0559364981935582,-0.13679801885329884,0.20618437609117224,-0.5140786026502163,-0.021223111476094483,0.08487253218171517
-0.05346586286844119,0.03917443607993491,-0.012757540917360553,0.009900782679103451,0.02977946162613436,0.0002148389995937569,-0.022854588221296778,0.05674881005431915,0.0026612770156143467,0.02732578530744855,-0.001332416186135478,0.026150178414776556,0.014721202520695042,0.03091770039125525,-0.052540915372545814,-0.025328968793799422,0.03130933722217354,-0.02562443936875716,-0.023220354298407485,0.005214848983932013
0.8815273839288247,-0.23321069467962358,0.08969246701369392,0.5057337255121062,0.2987351624192354,-0.01213591993407329,0.08976151550648909,0.251537448980206,0.014101660119870647,-0.025210420489750574,-0.3759726136014262,0.010612919029407824,-0.016385191950159986,-0.19374551161022066,0.49297733611569056,0.015928803803571916,-0.7095803441039298,-0.13886943880911293,0.011753402691657934,-0.7298969216640925
0.0329760959410564,1.0282511641157053,-0.4308564129543006,-0.010547574276124159,0.12164009151346096,0.00990949065858794,0.2098668906789314,0.778936163837231,-0.01083594851673167,0.00780890980828635,-0.6669581594840973,0.00785128476058022,-0.004779960486545621,0.8558258050450939,-0.5883010833090127,0.004186650238624316,0.08656060171285192,-0.06929358218554843,0.48783271309747794,0.15555018174364
-1.3238753763384032,0.8669928215578334,0.24677563965245494,0.5270751704905292,2.4040417388343887,0.4480252396957403,0.6248294702780383,1.7741658283990616,-0.0003320518252615118,0.6950193430808324,-1.5292475587129895,0.010837648078754937,0.8932959924281978,-0.33902300591061046,-0.6715227797532736,-0.697098012638531,1.0418379741325188,-2.0763956987763064,-0.16193082993479735,0.7844893942204533
0.4709192077236349,-0.3008644484402016,0.27738945315629765,-0.1841433445183656,0.13756437174120953,0.5413792638474277,-0.6113768638277194,0.43901947263034546,-0.011508677775127018,0.14469108248404663,-0.2425705789947084,0.006785351916701651,0.00905280009757888,-0.6647581647063764,0.7890776054682818,0.016564122411397264,-0.3553212405450003,0.3501761521968504,0.06742874154148026,-0.35451275774916263
-0.016012335966264418,-0.0056257904757774976,-0.021849462729273572,0.015931161129570704,0.006239782929775386,-0.0006423503521388283,-0.015353679509954818,-0.033501727614804966,0.019559168437846892,0.006588232239553174,-0.021292987558144745,0.024589641857049625,0.012925906690676834,0.012426009858968424,0.3043158517307178,0.026767433132849298,-0.014108133458822912,0.0006727040783631559,0.02954053063093973,-0.014415114822037875
-0.02511034733989821,0.012200788710895237,0.16274547399064396,0.678389902493025,0.27569609204619855,-0.018716780937224665,0.08814466798105429,-0.19758879125355866,0.006821713579513188,-0.001436978200539472,-0.01524528681760529,-0.007692302977458335,0.004843845404863901,0.02144911680881392,-0.6276079712171757,-0.008824609026973886,-0.00827699447580311,-0.14189242124670104,-0.024992201786316358,0.8059481149613651
-0.022265651636510536,0.7954206597951387,-0.6797004519951163,0.00445155703401396,-0.15634246245496058,0.014023521409470083,0.20458074215345157,0.29523406855578777,-0.01603238354396225,0.006561754951655901,-0.8294179433575866,0.046933879748994364,-0.015017981840573924,0.6305322812162792,-0.49638347496291346,-0.017172598271869576,0.17920859171040077,0.10059931793403754,0.8343500291346397,0.32955242276747315
-0.018473197832962984,0.02363502049189838,-0.008328294793675566,0.029053240858724662,0.040095506895341804,-0.008164321699091589,0.027603545556038927,0.04688518608769543,0.0008650681719228441,-0.0025991691722542544,-0.04785936920732613,-0.005355288718658609,0.0106646600550476,-0.0016929250870511949,-0.0340212324349185,-0.026314694405399894,0.008889389978899247,-0.06725251189592055,-0.01744485378914646,0.015014357891599663
0.03832019329008291,0.006337455075681279,-0.02557502924882156,0.0013712019040777882,-0.03386013680079799,-0.016146919961057132,-0.015651850303914472,0.0026919047518861212,0.017102637758752468,-0.016134621283489012,0.34128904382292286,0.00297959626944552,-0.007377816993242145,0.005844139925928449,-0.02445334977599234,0.01528512605903427,-0.03332842588323801,0.03226789036053633,0.014127409635040116,-0.1390934737601769
-0.0773626616344258,0.2876357014421516,-0.16506155214320484,-0.016017933057232432,0.03337649851855185,0.12488045956942616,-0.10320988203175746,0.2430301555565043,-0.10141986270332866,0.055920331106803486,0.33842269359703925,0.45938707071021867,0.002228715299046918,0.35598581677806185,-0.10131503178954761,-0.031833204614574534,0.06798925626489452,0.0451036148071534,-0.009638549331293296,-0.039851331696156164
-0.10355791315234106,0.05218242128542809,0.1199396941493523,0.04085638321128183,0.07128794037652095,0.3113315793687911,-0.3209915196840541,0.12712241870361485,0.013047285155155698,0.12635593518470029,-0.06508534070062302,0.018199381491206056,0.0058814803287553265,-0.19779555070271002,0.11609747786956584,0.004848515571556525,0.08001704755595104,0.16262364397326834,0.037392632816032514,0.06280976536780027
-0.008811948719540436,0.30207670618270593,0.014875542710490644,0.025890237540212267,-0.15852738146517706,0.012333604330342094,0.6640049544728654,-0.028468233459500652,0.021622179492273345,0.005985242570197011,-0.03342575741183599,-0.0064317519838332955,0.008565143069955577,0.24776009139169064,-0.3173248272010365,-0.013117732101171758,0.33536131510538747,0.08978547893566775,-0.014164632106050021,0.07820018275333739
0.027278039754997103,0.0010721679428152852,0.0721750530709982,0.2893873389880183,0.07406007156295347,-0.01250280340982635,0.025172643887578686,-0.08952274641963841,0.008165630490696062,-0.035544303598568645,0.021348322797028533,0.016127616144475596,0.011250011784971975,0.02765290080059475,-0.2667585134504755,0.028772145010659524,-0.007542402111881046,-0.03833887941115715,-0.009736854847792282,-0.049755857730078776
-0.6280153853386355,0.375528995167662,0.11846359075709734,0.2521327131574898,0.8208598651220056,0.23014935366296682,0.24340758974358714,0.5867341000173445,-0.01827505077548764,0.3409518074059819,-0.5277840049185026,-0.012602519934796535,0.4306369641966033,-0.19952770436796113,-0.5312045191259425,-0.3317875263866789,0.5307483423702013,-0.8454856996281648,-0.06709307064997028,0.41500889921342043
-0.25432980841785474,0.9372677045299869,-0.02448713727801249,0.11692909473188345,-0.35678865040022323,-0.007470671434424157,-0.08504335874881325,-0.10861012670216098,0.000747705918744835,0.34327653938849007,-0.07899323941808896,0.011174508315076884,0.0009380763053058309,0.7036064028012062,-1.0598053642003011,-0.00833832278599824,1.0846966588188034,0.08066348957951833,-0.1307260752605225,0.3495210706508078
-0.5071531243410661,0.31461936896846204,-0.05547486106173614,0.22678473253119066,0.08270058871568511,0.009471245186521201,0.032553532752890905,-0.12190021134828158,-0.0074540255549745684,0.6417604010164256,0.1185052787744785,0.012089175850258536,-0.006901079274884966,0.02831927168857907,-0.30361241760586516,0.007659824433660969,0.3700737648052972,-0.2073726416659716,-0.26345041855164686,0.3425273763262598
0.039294674651896996,0.3275828266046869,-0.04608136164044792,-0.0050491227433218586,-0.2584482135667128,-0.01812764392172566,0.08061828987649824,-0.08615576623936057,-0.001608462092655926,-0.03007259182268673,-0.03281460176606083,-0.007745589941449532,-0.043375829526072496,0.34205918502331245,-0.37681397923960425,0.03310150364998904,0.3861988792261013,0.1768475920996741,0.026798518956847144,0.06351405258727585
0.27367087911097376,-0.19463968721241398,0.2185445700569662,0.2874929041545158,0.13824908520994414,0.021351139808332063,0.4594580917212123,0.024482103658585996,-0.00478313393514589,0.013625242433962407,0.04644500256356924,0.01367153047779122,0.002098164473582512,-0.15000079866254873,-0.05033657509503685,0.003958936422694119,-0.21442232699832486,-0.05652793687710229,-0.005385255997008792,-0.2588879909218627
-0.02129135868115532,0.022223917223663223,0.11949136203553573,0.5032386107054894,0.2058209484064324,0.015997628177562263,0.05289428435556115,-0.1202931884897981,0.012269451339978844,-0.014236869552406071,-0.023367701539745114,-0.004105130095016582,0.017179415629738747,0.01662139731389161,-0.46272642478767634,0.007830280377531721,0.015366130869851129,-0.10386512976032898,-0.010547525757658055,-0.042101786985161226
0.048848414843255784,0.2591924632656804,-0.22362614327790314,0.13740567225149092,-0.12437075943029409,-0.015714604853507237,-0.484639469723548,0.12236259939773206,0.3430685408454908,-0.05504192573909035,-0.3931320764058898,0.0025467054259241933,0.023861564635961507,0.32550432093507625,-0.39429532903050774,0.07476370022155994,0.00024096112573482667,1.0820819440875655,0.24207655016586896,0.13046104548032036
0.0014636788519237706,0.17004124631977716,-0.6846754318766979,0.023446599611211982,0.16678439164584286,-0.013537820216250392,-0.13419279318126154,0.00539422492532988,0.003315779968565037,-0.007943920903799893,-1.0415313135436626,-0.004199839656480336,-0.012602450277511138,0.06915114541370258,-0.23995240539439036,0.013588808511428387,0.15229275092142924,0.7906383078940503,0.8065065788961233,0.2984208909789913
-0.6367121725342186,0.6773588710338964,0.08115855048870939,0.46916002661351003,0.6547058453838013,0.2376525016027947,0.12482912135119045,0.8410654631891343,0.4622770490517178,0.2894302784573898,-0.7054509215652534,-0.00014927365528182197,0.4570713606434432,0.15958944877615214,-0.9807642946326164,-0.2454607991387927,0.4877973470103255,-0.6773756879729629,-0.004783828497022786,0.5247045979868519
-0.5583128390762807,0.24538738903994634,0.12163390457367955,0.23619214293403104,1.585972488304929,0.4068803528454482,0.42752165726190333,1.2584676239347503,0.021889330412679292,0.5626570797305167,-1.3105610657501738,-0.01286665439049752,0.8445893350169263,-0.6921878348061814,-0.4841332799601731,-0.5127224060619879,0.44706964413633116,-1.4869735699174211,-0.016452684514178386,0.3615707153533427
0.7019537182432,-0.5052497411820083,-0.06726265033051687,-0.2572199954525887,0.1702741365907999,-0.010225105918869916,0.01787903962976506,0.22946269371692682,0.008682929486127127,0.007964921267681106,-0.2879524913408504,-0.003482707648120227,0.009741565424328033,-0.4245488976958273,0.5943413226663534,0.02547539940878643,-0.5642712045304912,-0.06967897241525288,0.013285609537036353,-0.5737350771056511
-0.005985446672276554,-0.0019648601780900667,0.07078180169236283,-0.002050525582172351,0.03277671421411318,-0.020272027992603376,0.011048491183868872,0.05565271038776676,0.004518569670570732,0.016178837036104742,0.015143096849538393,-0.03529642610191461,0.027000788019129224,-0.013738344940012913,-0.003219006479198882,-0.025694207546944386,-0.016035654889597017,-0.025971065301128946,-0.03140516006580181,-0.010802164055428318
0.01951025175802541,-0.05119240249665492,-0.004686402010969924,-0.021630685601346445,-0.026551256695995472,-0.01593254670016791,-0.00016834269954126273,-0.05088430550879172,-0.02642952965620774,-0.021337635046314314,0.024449211098457695,-0.007419776366797524,-0.01624226824554533,-0.023521864610929366,0.04599695223267506,0.030191052949526315,-0.02580043475608214,0.026828256146471996,0.021612368806289542,-0.007168638708881217
0.9072673902722523,-0.6642703162610142,-0.07885041489318659,-0.3714449719840239,0.1969857311188495,0.0013849610973153531,0.051583532499641475,0.3471328913636573,0.004144778308941561,0.005941170564975029,-0.45186914260107286,0.014844606550987842,-0.006984969732840795,-0.6083459905097599,0.8258657094974966,-0.008540073908290334,-0.7113136158303199,-0.08389077720556067,0.020469194018396808,-0.6776267145487515
0.00897620270312531,0.6411850355312377,0.01580149778943921,0.016234204583580256,-0.32527924798681623,-0.032084149256042534,-0.058522425262637186,0.29704663223547106,-0.009105572369667922,-0.022349409727368794,0.21490288690872686,-0.001519048756889191,-0.002829019512412893,0.5726811076502741,-0.2556202945563351,-0.0030540411947973384,-0.0322507527323579,0.1479488996251957,-0.03554537278462869,0.04382720655119891
0.016382148417410973,-0.043537716081056554,0.20209480626535353,0.8719917461718388,0.3582788798602409,-0.0029981429409998107,0.08539837204891944,-0.2654996877995078,-0.019759416125072676,-0.027904311075077064,-0.06629675571560034,0.008128758051031974,-0.0009927718603063263,-0.003610074995154775,-0.23914977228044418,0.025645107830759774,-0.0319011459241537,-0.153796296523879,0.02960954540184256,-0.14507141655274464
0.02278276551762797,0.007456899862577537,0.0005247133947040954,0.027542959562218715,-0.034521661448123124,0.005295525982060099,-0.012395563439020566,-0.027044083719853774,0.005276482737459676,-0.020533323426009664,0.037836434249271085,-0.0023577631127182927,-0.010887372993975969,0.03294303155537915,0.00421871826070627,0.0035869316019928026,-0.02914912071336208,0.04857858137305972,0.014953834590864155,0.01390190511730351
0.19740291020882844,-0.27106913167102764,-0.3791481436353024,-0.190423068269938,-0.11866625374625145,0.2302491804646074,-0.2512489473924486,-0.008295202800341265,-0.21329515362396737,0.10409987242703313,0.8334060161808581,0.9835892146566821,0.013316483595540897,0.2932637093299003,0.4912752563809761,-0.04497370717015376,-0.1441600791994917,0.15899798160143364,-0.030084518801897955,-0.38608763849020633
0.1106205503605826,0.6374436779974849,-0.6745279958768493,0.3572609452356741,-0.22753079485246483,0.023675956507144512,0.06296723255797357,0.3442264108784803,0.829522027621021,-0.12483949289669471,-1.274275619626545,-0.005347061815377534,0.004199092589836083,0.7710504864399413,-0.5192761870789155,0.155981910513332,0.05332735821748826,0.27242538286610074,0.8129240544611643,0.3724312203848588
0.015008233252276265,0.002622108962878041,-0.03515221824781312,-0.030878893832097614,-0.03887900400515384,0.011553621616956014,-0.01717869803093227,0.02147083524873251,-0.004393526473216574,-0.0076381103598761255,0.022189655283919144,-0.0070062367045433584,0.011632901692256994,0.03296921562348991,0.03179143896070468,0.01766699409451691,-0.0208088275348245,0.006775175398598635,0.008455388422842304,-0.015968879080600917
0.9760966851447381,-0.6752506792151726,0.008178925422207618,-0.41183998373017555,0.20707129320076548,0.0003455055552831262,0.08965722892399142,0.4341103168098619,0.000859268185885222,0.014452184091985804,-0.2497739247053081,0.005364766208096183,0.009860271573959523,-0.6197110080516535,0.868944006969219,-0.004606405215729153,-0.7826368781744767,-0.1385925836305941,-0.021390539654528418,-0.8175257241456529
0.022442260689067718,-0.036818826107807213,-3.347817870246882e-05,-0.004314095716541263,0.005188183932003909,-0.011864075398316557,-0.07587717185452227,-0.008769534164721031,-0.004895366960152355,-0.01745823818688956,-0.0052642472807355855,-0.015573409500749574,0.019595055297717812,-0.005429107798870746,-0.014052267368596785,0.009049173488568775,-0.007615199890629363,0.19995917407112596,0.014072454751977702,-0.006748982290141516
-0.7109940035206076,0.7784766079083199,-0.19576310830720417,0.2517984943257226,0.7550701567813924,0.06579544388266235,0.1368080877818365,0.5328837066478593,-0.07034811586682121,0.8633844444192587,0.38407889152703417,0.3415815176902393,-0.007379409950313078,0.44269831285507877,-0.7180102227004247,-0.0165975508640414,0.5209944648751267,-0.5662532338121778,-0.3238292585305036,0.24019060870767314
0.026076944583866307,0.4256829758482753,-0.5641846735170303,-0.020178415645488817,-0.03421888173093214,-0.00030018595323194446,0.900792734686044,0.13475967911034953,-0.010351238107763673,-0.02820227126836413,-0.761143548292261,0.0068473137828432016,-0.012172695576115992,0.3602338225427395,-0.28433309568788323,0.028230763068269597,0.09800195315610376,0.03783407206531643,0.6888788449786087,0.2769321594905984
-1.4392044331350873,0.8158253123132545,0.29854255293524884,0.5733653820055599,1.8517649983739077,0.48145926291914287,0.4916146484854209,1.394355560990862,-0.0003686728453308509,0.7684964825597026,-1.161117755545093,0.0025317197221545185,0.9612157696195955,-0.4819028245013024,-0.7988682132462377,-0.7304676012782892,1.108514522688473,-1.8880139594024121,-0.19435951725052408,0.9402099908486927
-0.010241570502728762,0.20875937944415565,0.8808181075996766,0.014503041540431002,-0.42599108922223355,0.01724650079091331,0.731189875845452,0.06741910619761851,-6.103653195016143e-05,-0.009339751034907782,0.903644970385821,-0.013650233948240609,0.015235864335582713,0.2681772489161061,-0.006379467027304608,0.010762185586815265,0.021770028845158145,0.2173255390054121,-0.006762915506982583,0.5839286502005825
0.01912159741922504,0.004713541567883763,-0.022488407137087257,-0.0037259157806094284,0.03051716552895744,0.02301075324538432,-0.007760472051096753,0.4542368256041418,0.012636836517113496,0.021389607614698367,-0.06504067334969635,0.012686568793744548,-0.004776735435142419,-0.015642863283079664,-0.010547036695990632,-0.0038339689725239174,-0.010852687599190995,-0.009364586424194622,-0.0040224499606286365,0.005684988166055499
0.02055871301818652,-0.02079989591665006,-0.012434879142702712,-0.01769737026613984,-0.0005541739089093955,-0.01884968470068039,0.0051625888109479625,0.02795694833531183,-0.00010464964870934325,-0.016321592974615537,-0.028352114840362944,-0.021201326935790046,-0.0037267575760612567,-0.007101314618494196,0.011588228028584627,-0.0107478497224253,-0.013325097159364465,-0.011448121226325512,-0.015477650698986156,0.010735695263740677
-0.00536677901804161,0.0007020925276520137,0.3066216569164366,0.010230527525473598,-0.14864287909016408,-0.009153592062185571,-0.06228916021060654,-0.014867337238912256,0.013034356150250514,-0.009366033381583714,0.3113670430924652,-0.011004887429311681,-0.005144430372410511,0.07765963802863347,0.19742266821416987,0.015637492041351755,0.003398890979762908,0.09168446110965255,0.019963254804700695,-0.05385525583601656
0.007808153135496879,0.006012563649811142,-0.04930415116343457,0.009285376451025647,-0.029310712740908115,0.012005956638400848,0.005358331531726713,-0.03397899781327599,0.018900396937089323,-0.025768865924464417,-0.007905768159562666,0.004515386179960903,0.0060767467652655454,0.05027678359804242,0.011033670609316561,0.038706681113535826,0.0009303921475298134,0.0433552135195991,0.03784495708109802,-0.0045772320570601245
0.07618997591105992,-0.06635835830970706,-0.03430084376826675,-0.02916952505637571,-0.14133229346603846,-0.010172876373308597,-0.04871473793055847,-0.1525217877057708,0.00030335339318266104,-0.1117799367372633,-0.01694138654877269,0.005952106520728133,-0.004568554258897557,0.07448702380262258,0.08237446154947788,0.11855503808662175,-0.052327632424081616,0.19074990902363306,0.1001564334829877,-0.019320442879263093
0.0030626976977268013,0.015227317551003443,0.011590137887280996,-0.008699059689976772,-0.18994104987136964,0.0006780521130714236,-0.05092730675713118,-0.10754139212530471,0.009004469585512896,0.010972221211608237,0.19721285241859643,0.017428122868827656,0.0034093802771719035,0.30039910139740006,0.011332090068535734,0.0012048551969998955,0.018402629222197823,0.09992699710818909,0.0036759982248064753,-0.026595948272701106
0.0012835109307170727,0.006280084329572657,0.10260545166407552,0.479202157586621,0.1492581437292364,-0.022166230387504822,0.05485651306970929,-0.1578222788635733,0.009660368032934324,-0.009286742364580491,0.0015987363909297746,-0.014354457627375177,-0.03358908971518404,0.025438168992769974,-0.4117431057372972,0.0012444968905731095,-0.015302100451846004,-0.07213552303555994,-0.004385325535198751,-0.06481610663799235
-0.03637985607942078,0.034691314828414276,0.045182972294202414,0.023610863382575384,0.03754317124377255,0.01011788934825636,0.005333730675746391,0.0716004932282786,0.02170138800855168,0.01737920884318193,-0.01168277865165086,-0.015388624545602539,0.016790642063519805,0.0013439539976040586,-0.05782741288236345,-0.03181471360121084,0.040985220696301145,-0.057178116766638504,-0.0035731635884687866,0.01066302788204799
-0.0217259172430043,0.01715539340999891,0.02353388603741236,-0.009092826832023955,0.007036928352883333,0.0004449983617324138,0.021175806822832325,0.019174567658597826,-0.0007878962696401979,0.016434285245152416,-0.00029829255033446585,0.0027569973801484004,0.013319648217014108,-0.022800727472783708,-0.002163292065985539,-0.0115471705051674,0.010496440289215606,-0.01285678591214808,-0.0013052761097452036,0.02731484684592181
0.021280953666141335,0.4376676963575133,0.01725545701708272,0.0019909234722910894,-0.2262626127925243,0.005345447512431831,-0.1849775288957144,0.227441499450758,0.01320393650543661,0.004112696097292196,0.11431176320511854,-0.01185255033295142,0.015691080816420004,0.34110767301993045,-0.14980944687622283,-0.011229496109307981,-0.01917347813202965,0.6923624459740354,-0.022676519359680264,0.05201348074787231
0.2745046152556374,-0.13280621457384495,-0.16107720487008156,-0.1293910326571606,-0.4073800154484777,-0.005673308679452833,-0.15179964719258426,-0.4289565408218728,0.008080317163976593,-0.2613258001475927,0.07265094026419197,0.027827397182934546,-0.028357271242585202,0.22239393604474067,0.25220118642608574,0.30782474198850124,-0.1718988334869813,0.5212885347358962,0.28053829113061995,-0.13566257354862798
0.474700683901865,-0.23256925092024142,-0.40032942743615163,-0.17289389959828041,0.10112655100086072,0.038833311393962476,-0.13639097608580966,-0.4234008111859169,-0.006694234160737148,-0.6449069887039026,-0.31585683590795316,0.004126875815319083,0.09052770504823747,0.6091629673518131,0.1365692844137836,0.7737938486995699,-0.25829289492080165,0.7559240757688949,0.8286893270477361,-0.3344671855784807
-0.13981017306728372,0.07572374223697859,-0.059801749486990435,0.06359022000233186,-0.2612417128737649,0.08398583378963881,-0.08137519036663221,-0.12607685817109,-0.01709489583215357,0.08941541477791858,0.5103955469931013,0.12775118398605287,0.09166115809963803,0.6990257913842723,0.22723065278455784,-0.0741989665074704,0.10412232994331012,0.05962713707250223,-0.018306177372046078,0.04920867211633158
0.0985558636734643,-0.10646170139144821,0.004911980669855213,-0.0678006811578912,0.011882897663923015,-0.001707557918822862,0.01876310516636161,0.02487639599204898,-0.0056761372478800936,-0.002474521306919831,-0.07289844921844828,0.015209620190261501,-0.020294413658978914,-0.08863075072116976,0.11145686389018028,-0.016508347680958782,-0.09646390545859924,-0.01760415192775107,-0.016675095854989042,-0.10147130321313268
-0.07764827204184883,0.031021892905874093,0.12011525981035359,0.03424642280430641,0.016617673018805557,0.20329922286942484,-0.6061142409148125,0.09199607470664523,0.0013014099272927499,0.05195443754482175,0.010587956607391064,-0.005146175882684975,0.007171142940935868,-0.12672005644843234,0.06903673531681843,-0.0157570708577029,0.06402015819962913,0.8413041155726833,0.04000391732908647,0.05354031114678413
-1.3974585035745937,0.8385324680451012,0.30580905202117575,0.5709085168770558,1.7987897532454231,0.4973009372167073,0.43971296852626646,1.3766113665162973,0.012429104194197849,0.7328103595714952,-1.1510628923176525,-0.019580764065576184,0.9964125941987075,-0.40912305043310765,-1.1769668480399034,-0.6816391256669251,1.117277948777089,-1.783850267851618,-0.12783764140448647,0.9500687026772635
-0.05370538732157005,0.07464391771182909,1.0324901607102452,0.030533030591700545,-0.47488306605671127,0.6986241561554003,-1.2116440214170188,-0.07477993786890744,-0.010908008001287394,-0.06540194140561821,0.7473708845972004,-0.0026304500762535715,0.10228334803540405,-0.0280405559009071,0.47406473623345147,0.3026761946235666,0.10507267724241631,1.5723033661989114,0.42042883539963344,-0.03277775820049304
-0.028880553115077017,-0.043825329962994534,-0.13040124700038963,-0.016864594914118337,0.023525464847321837,0.05102929884687982,-0.0633958077747194,0.028882581360825447,-0.044844296156708346,0.052985781623242405,0.23983947609225936,0.3122381420437323,0.006735244812820978,0.045635060640389774,0.044629594254771005,-0.022355427469044644,0.04847899949965615,0.036876765056223254,0.0023715313923087337,-0.04519878122771831
-0.6905104292413541,0.3854672318779202,0.18680069987364045,0.2711543030370812,0.9073005586509693,0.220924450040873,0.6045433345080814,0.685938284356412,-0.001029496879192268,0.39421191755014895,-0.5351950146846174,0.01077619635001762,0.45968598653257925,-0.2515429487175967,-0.5954999111087316,-0.3637659119019834,0.5461422656535444,-0.9148281532319082,-0.09719325288123193,0.46433315539845216
0.06381256350620795,0.4755476960113575,-0.42725977168891105,0.26862418792838033,-0.547210247952869,0.00998479974530837,-0.10604539185562607,0.07070326004488693,0.6696712355200263,-0.0870178852268041,-0.31479944300519197,-0.020129675681987296,0.005408732661467885,1.186213405571799,-0.6797930427655807,0.12800810448917377,0.03794503303577635,0.3661811272643129,0.46603525450519817,0.23576940361985596
0.027127895739803967,-0.02367368831496541,0.013632736602295779,0.007494734098267203,-0.05500020061549598,0.0017404691361322076,0.8083210324097465,-0.022624658421089877,0.017286564397327626,-0.02240490160651323,1.0133088044850063,-0.020330351835021618,0.008117323625405359,0.03428302945275752,-0.011712373762180001,0.02684108275157369,0.007470441898592965,0.044221411289875404,0.035936210165426,0.3754067072123456
0.46567084962901445,-0.24594957384524568,0.23616392479593648,-0.17571168384481872,-1.0013025460183693,-0.014395143795351461,-0.39271544501617583,-0.9410599995933104,-0.006415007016553658,-0.5373736109447746,1.240112512984848,0.005735271406093678,0.0019591729454198417,0.5197247012622567,0.4408599644307408,0.6407185640681559,-0.2712792554362927,1.2045941339195505,0.6048075810392493,-0.43816554334404156
0.03506975721902808,0.006976192585518699,0.016688084903304277,-0.016564295893899076,-0.04306451833337322,-0.02069708102804097,-0.044363994237732816,-0.016310954887557322,0.012651271001508408,0.0001280244498660741,0.026754689537631493,-0.036568461050732894,-0.016286371044126155,0.03348484218929282,-0.014129745409211227,0.014600002273913278,-0.018967614842055985,0.05075582319915044,0.0003097461779334714,-0.04336851396037637
-0.02873512317373865,0.2596981247941863,-0.04996250832911725,0.1664365507492903,-0.031139435144558938,0.025133833735881118,-0.06662544615482081,0.18821695205424177,0.3068201631308178,0.027848992709636013,-0.20344567595296836,-0.020548722155735683,0.03510132473825803,0.2878406234118911,-0.410396135753016,0.03217162819368216,0.04955083119649493,0.05408952427026319,0.0391297282237715,0.10134360382375288
0.019777342840392273,0.0145322747415788,0.011963084828736797,0.010572678090879303,-0.0018816729843940914,0.013104721461123145,0.01735515519997288,-0.0207656467188577,-0.0068269397004634205,0.016188763131767224,0.0628248854348527,0.007465927089608166,-0.0002648815471728797,-0.014615713314485922,-0.0022986837656417012,-0.024192325955232193,-0.002882653584951885,-0.00643785039731289,-0.01985819407964085,-0.02767928464103989
-0.5568457067224748,0.333225273404706,-0.13700471482753646,0.25302052314462226,0.7755046580831664,0.17161073162630497,0.6082291139212973,0.5090836849196008,-0.0039220509219198355,0.3205872709017801,-0.802445896863327,-0.007925045936399313,0.37635359280546454,-0.15654182651393786,-0.5557926316554098,-0.2649316073128228,0.4898094993569103,-0.790365257899887,0.22675030348930175,0.47533727114718083
0.0017195938953357866,0.009782194249899939,0.02110157460925611,-0.01932134575883459,0.015364190320583396,0.013531589983893769,0.004334302874852841,-0.0017385202858983227,0.006744331231032556,-0.01767887993965142,-0.022463732339867037,-0.026251680337431523,0.00842511162971009,-0.007024897609838884,0.0012016100932482569,-0.0032208962580362235,0.004877378858725152,-0.04597762280877658,0.005156289366694126,0.050898988324508496
0.9305366452719834,0.16480120206428633,-0.3444855675482263,-0.3574696190433449,-0.15176531672904015,0.01842791992604508,0.0817915233059643,0.6363167853607649,0.00047940284973893793,-0.007150013045524782,-0.030824488697711382,0.002620639610688545,-0.007407573865750305,0.12955279669040357,1.113010700804186,0.008482873112567832,-0.6709455384551123,0.1039735107554182,0.33956262101659795,-0.7034924714486935
0.05549879584023175,0.42563372083332285,-0.06256102636951145,0.4219349286454476,-0.23508838018936165,0.008346401707870831,-0.16765423283034395,0.2289902294237327,0.6494740127837119,-0.10322796802264755,-0.27618732893184805,-0.009477628671087559,0.020167514307674033,0.5928572409313777,-0.765072618496056,0.13146098660002306,-0.06377474792495663,0.240425783129155,0.11528254381164338,0.09246646400387423
-0.20531089911431363,0.21471761105541812,-0.0017370737897898858,0.07131136828146763,0.7541761261599231,0.8400329536458747,-0.5768621842487613,0.678137805040761,0.0023975063269801016,0.24475031668639408,-1.005049325774835,0.00691582181719529,-0.0016761987284675088,-0.5034989720200612,0.12018319564470877,-0.001475317750244622,0.26824627323032363,0.24073856184727557,0.639810132248596,0.21777499343984874
-0.47864447554382555,0.3282679134609574,0.4319862095141035,0.18322561663531425,0.1482124418856984,0.7682206897488276,-0.8020785631277522,0.2932114612316505,-0.002830118977376596,0.5583017863057043,0.03998660533331359,0.005204838049475528,0.02683741400349319,-0.4719459824212559,0.1882164035054798,-0.017570614129398917,0.3469447855634978,0.3443212557514179,-0.06699403672315545,0.3032846744768302
0.08248170232831684,0.6259089168888357,-0.04624538488384649,0.1709685370439569,-0.4497849046661867,-0.01661588081174785,-0.18402740889374505,0.2727641683402371,0.3898278912443558,-0.0819096432207962,-0.018692443041917722,-0.017955352114805603,-0.03129163396964303,0.7352609037781416,-0.5291839250480334,0.10802250629349784,-0.05898431235690197,0.326568137038499,0.0783974166747299,0.09193439905051644
0.00876958898484095,0.0005554248416735751,0.003951240498774151,-0.005543824397927714,0.03269533019665293,0.014636958438256235,0.009912509579236686,0.014942854557774388,-0.026480564476090547,0.0023473488852664977,-0.009362863048382587,0.014565925093984177,0.025477276235183366,-0.021783179904165416,0.024252199430264645,-0.007845507350718019,0.02374221418053067,-0.021219613860006068,-0.010339081246440559,0.017364021511040162
-0.020446955527110497,0.06976322127949652,0.6794344767521476,0.01880318358665282,-0.24453047771258032,-0.006897061102210458,0.04021767566654767,0.803487440953639,0.0009128955755181578,0.005772387258787894,0.5481004759348851,0.012693637177193788,-0.010112657864995427,0.10231896722456003,-0.008006842221781562,-0.01580807386352378,0.0749652740748378,0.12809804279890782,0.2911750957273391,0.6283914562521575
-0.013047404345470567,0.533392845917642,0.7641240724992674,0.020804904838332732,-0.5396852904311153,0.11791749221638678,-0.6465905066837299,-0.005805082855362544,0.008769303887597875,0.021895598425152336,0.6413044913669111,-0.006294718762875681,0.005195982365172648,0.494130937866021,-0.49254007213918416,0.028459677049014837,0.6118352250969168,1.1342670906270902,0.03982757940409487,-0.010866332989903946
-0.006423800601032941,0.03788549278264929,0.016406602765722925,0.014729952780328794,-0.021356211683426822,0.014187226194561278,0.4180215395100016,0.019309358793045035,0.020355337289360724,0.003971121874123366,0.013903350652650918,-0.01194247193231104,-0.005697288015399482,0.017320790741853644,-0.023051894808401658,-0.0023727318597727624,0.0024100590433148196,0.026341342450820725,-0.020246096670507793,0.025950695870323077
0.05063498505725745,-0.01522091272861596,0.006174264107863227,-0.005706209624275034,-0.5289292165750312,-0.014135038370784059,-0.15687266959607635,-0.3369605615293964,0.009996693377972413,-0.03802681643743903,0.6312906853176524,-0.015364672037862173,-0.02484316338696587,0.7509620223704039,0.13710904426344162,0.0338428208777819,-0.026105628124203726,0.297841778713945,0.006545248252284737,-0.0033714585195298713
-0.30325684847741635,0.223604955527965,0.12202302512802267,0.09001719273278504,-0.030028840016428436,0.007036106740723516,0.17800801374251765,-0.039736626889408544,-0.02215652394645788,0.33298238783158685,0.012444230678636809,0.0016133994259410816,0.00010545869065902748,0.0668146791331963,-0.20703035360628952,-0.0008146349716135377,0.2767501325986797,-0.10388322038960884,0.28475466694356133,0.26188279157367983
-0.004325413638237805,0.7148945177327845,0.1957098984876388,0.8066188034530555,-0.07958178679230911,-0.034561460203037894,-0.016338910711251257,0.09860005722808667,0.003304789174885831,0.018316934694584102,0.19878903694530525,-0.03133042770745742,-0.016147573473447988,0.6369905200581952,-1.0061795041310746,-0.0017218233944038272,-0.013261954025110179,0.03535166819451358,-0.04052750357915577,-0.06879328148791788
-0.006041354205675597,0.03356078467578649,0.002401443314432923,0.00502923478455215,0.028951980242217373,0.025012755311375354,-0.00032677640442914727,-0.008240380741353939,0.00719821263661502,0.024259737676678918,-0.009175506230615438,0.008076397249432396,0.0042243950163942,-0.01466826537027917,-0.01578672757760207,0.005187820171069811,0.038173646702354,0.013658689135727783,-0.00912504586937807,0.02364541522415833
0.010394259288488819,-0.02146084759143131,0.0035307297537976183,-0.014094111593425294,0.02433864151741253,-0.009554253051267328,0.049454766463782905,0.011085716792135047,0.003121379268732523,-0.029761330697649566,0.009238038653675578,0.0016649386363483212,-0.005566359971968934,-0.005529718412619777,0.035614222850154705,-0.011363477310746321,-0.018824402753021413,-0.020652259162000756,0.002787999430174496,0.012657122756109758
-0.022640091288153526,0.00226463535936643,0.008904456716802275,0.019533255668545857,0.03577022876001096,0.027587723877004006,-0.029279479396170188,-0.0018573488490303842,0.005890989892796836,-0.0007810267167257289,0.012370302132581307,0.021411999578224598,0.01253042161294014,-0.0023569449986804263,-0.018294352322482808,0.005332993664278627,0.0018711146551522173,-0.008593826255584894,0.00930134717954283,0.0112271094948536
0.0042118197565231795,0.01399687483816993,-0.02088639241603734,-0.011986304465066345,0.812878687011918,-0.03729224491202834,0.22915933113515455,0.532279966814915,0.006449258762798642,-0.006277588212668089,-0.5053042942174891,-0.012940958233532411,-0.011457215358131555,0.010641637585587864,-0.23824413109068326,0.007231543497840447,-0.011830913129860628,-0.4285260561542449,-0.0189874263699012,-0.13730606694075864
-0.05476826272012309,0.047766960968321115,-0.0031514620033270976,0.0379299008769369,0.008865762906107143,0.008723313367803895,0.004812236884509689,-0.02046625474702299,0.002430653155755568,0.03619379886682957,0.01833352641053442,-0.0008292255757409456,0.0024131335027802398,0.01690571869523683,0.4238114020551832,-0.019191886659933387,0.03988924307842537,-0.0172346201117016,-0.02032571506455225,0.4119284909569414
-0.10443144961147939,0.07384701390893691,0.21700454755235143,0.16073460138308684,0.08102600523420402,0.3417463858149967,-0.3416128808106443,0.4147152429132879,0.014693984581251597,0.11429730760437998,0.032689681831575376,-0.016096173088336663,-0.016796439679942966,-0.16861398448575365,0.5650553751365357,-0.018566159009015457,0.08760346676755251,0.18764649953706833,0.03296404016352468,0.026653220239927878
0.1447814715875482,0.5895137453082829,-0.1757672395472251,0.383250621162653,-0.4246514850249841,0.0004239803164823499,-0.23469938258402243,0.47868105112575476,0.9444181523629461,-0.15230527990201603,-0.4046683676744115,0.00990525783737621,-0.005027505917151424,0.8599038824251684,-0.9219515380090714,0.19011091688316853,-0.08089155845779958,0.40670206391764746,0.191211065958245,0.17100871884137103
-0.014117739411518863,0.018444192421611143,0.007209947361764718,-0.0003046319215452677,0.011408629954050589,0.014824301356154375,-0.49472394680224363,0.014743326181985494,0.00724333941578359,0.004705084845233911,0.0897548067833833,0.010569804710855881,0.004857036988843006,0.0005172902818592956,-0.02822441056839742,0.0062447097336138895,0.029289995941028556,0.9276507469494594,0.026411877266227825,0.7882450945556992
0.6570531813649252,-0.3379398693720596,-0.4491275770526287,-0.2665558615250556,-1.2255628179037574,-0.00786764170187716,-0.4646213071769863,-1.3686518520204003,-0.014693642006362216,-0.8196691796900755,0.14240892994909857,-0.007412054318110413,-0.005785330310058272,0.7383963538685522,0.5719910821097365,0.9489119027959966,-0.3780631258620632,1.6270615407206641,0.9398783986102555,-0.20357809681546818
-0.0854524133983556,-0.08921595849467313,-0.3073707943677763,-0.0505083156303436,-0.04521215203197727,0.21574597129049009,-0.21790035772236946,-0.05217282134958502,-0.19339118879019526,0.10043931155206319,0.7711671383024237,0.8823769059946295,0.013426201843193392,0.21054516240403917,0.17759742757694827,-0.0347445544942114,0.07247268481362906,0.14633095064399268,-0.026985130524762497,0.35281169355700276
-0.0018548885729168787,-0.014166386708550974,-0.028518590194985198,-0.008793600925365044,-0.020841140507168773,-0.017186469853482992,-0.3221884056023077,-0.020734405264327453,-0.004965801826885033,0.012906024495749178,0.04437366844429683,0.03696454149430766,0.020615811939569982,0.004800392544462982,0.025982825779879218,0.003048465584883205,-0.003232682815139231,0.6150789816484836,-0.02643392958753965,0.2122115532316891
-0.23440188293667222,0.16748138920789737,0.6642139882494874,0.6459214124851171,0.2710746900198826,0.9344228531568078,-1.1799986852078685,0.21597226299500363,0.013916453291100053,0.28603798112162143,0.06639510392106619,0.0009301396363788738,0.00978386467954202,-0.5169043370789029,0.7522490909777636,0.014415664981258831,0.19107045883096826,0.8626774842066772,0.08826501127313753,0.10722888432912925
0.049279533623322144,-0.019981014433242583,-0.0004818541131863777,-0.01779071268802946,-0.004088579053948448,-0.01192746271103298,-0.13109130319455675,0.01839908980561123,0.01618591819294548,-0.017639638742574702,0.00022288776694018644,-0.0071813963008769115,-0.010931347800715105,-0.010723271384232035,0.02544659654317105,0.014672464614042027,-0.054495277573752755,0.2690712837658405,0.00741375704024524,-0.02389296019627096
0.019806855582343005,0.04666109426035068,0.0108584545666663,-0.011888120128494791,-0.04923818443032396,0.015151639227028488,-0.04234903185291957,0.023103657734018675,0.009946100536716428,-0.01993961129229032,0.014096546336082334,-0.018633191804817435,-0.006921696202650082,0.036068125233874,0.013512584901389457,0.028203893389601102,-0.03712232522047682,0.04998341256453223,0.006223395735958639,-0.013806090971426056
-0.596551994764922,0.5336410866547394,-0.8541450009218471,0.22004675238908766,0.3334742096341635,0.00487213942881997,0.449685910735817,-0.1141850759121303,-0.006357642533200611,0.7376618631745769,-1.1210319042574441,0.010399231086325771,0.0018859007462827,0.07740390370463193,-0.5828248756163482,-0.026401312309076413,0.6020534652594813,-0.4221035454990102,0.6383115864763241,0.7566173780601497
-0.3523332126222979,0.2103206526963488,-0.014157537499721713,0.11929568035110204,0.12313658568404527,0.024129892369916806,0.03886376172582055,0.8137908902645601,0.001977778877240103,0.39713162295609106,0.010503488597213548,-0.012166920826777058,0.03503667063000085,-0.0009221343507449173,-0.17862864142634233,-0.009244419317099791,0.23290595912478762,-0.2037751858484711,-0.16695708106678508,0.8385397358980521
-0.07850727264516341,-0.019250630473221654,-0.1791828336090953,-0.031206397016377417,0.03329810355897225,0.13584246407823386,-0.08757036829344449,0.026354895117590024,-0.10615695593400276,0.0951424610628632,0.32404757708177345,0.4725789459821161,0.0280085458487271,0.08280329409627585,0.056265062472244186,-0.04341762468589091,0.03977379596981337,0.018365354016600798,0.0013743612346764147,-0.04041326983302257
-0.04408761652871381,0.02997793163863357,0.009874895162989939,0.014491176712571718,-0.0003152648250449373,0.01715558098580899,0.008298090296583774,0.009010764050939793,-0.004673431190939546,0.03635410355504325,0.039743658335201014,-0.0076833348221862045,0.004118415040470339,0.01278569266368581,-0.0035720838959061064,-0.006505306464402349,0.03295080476493014,-0.04789079105740887,-0.018825412138298213,0.03216138556311252
-0.07797068979134175,-0.059596340993462026,-0.2192250937894156,-0.007972507109638038,-0.03695173898419836,0.13847381100690534,-0.14734312831756335,-0.0393951925723295,-0.13071367067889125,0.08487487424847792,0.5199897074362392,0.6274789329345501,-0.021310476859981362,0.10453099293189168,0.08912177379698932,-0.04534000276589194,0.043967904457008655,0.06954348726618606,-0.046923768802305324,-0.08417489318435276
0.04459690117562912,-0.02765395677474149,-0.003073679908284813,-0.018137409584021675,-0.04885940687119177,-0.01605330970468467,-0.019935453659349907,0.0014317339510602394,0.008507230115559861,-0.016618789990866464,0.043417492216446495,0.0025655894131793315,-0.003744503406078261,0.0037578777224814546,0.03056720815751088,0.01658609558596515,-0.051346946454683434,0.05363894105487012,0.010726482076200822,-0.03708040381652124
-0.13165877914315455,0.0902250067246412,0.04947265005879531,0.029426810280332817,-0.02023549749138091,-0.01113111133120635,-0.20723315886756927,-0.016424245063079258,0.011721781345672585,0.159152997584782,0.08558786798272802,-0.00164552575164636,-0.008425900380563118,0.012399237233234467,-0.07153857449893883,-0.009334755365873745,0.1044870154311404,0.40864569148264246,-0.052004290284540615,0.07657928527308133
-0.010671553726117255,0.012299599012975383,0.11236149724646247,0.6972533016013939,0.8136166535413298,0.012592838565356927,0.2136525419917771,0.13935647539909776,0.0037550169708368427,-0.019379909974048974,-0.3517610945957048,-0.0020312177232121253,0.03075480781907248,0.03397977885012088,-0.75010774022276,0.0035061072996574773,-0.004231828960693632,-0.420512007849122,-0.0006052148577562963,-0.14873885828316413
-0.032221876576265435,-0.0043861942782035075,0.035802194596941374,0.005912968455928272,-0.1746508955861881,0.005898734102625755,-0.059018808603063,-0.11989715273162986,0.00885342253758115,0.011865497427066789,0.25574083003657583,-0.013201238441751861,0.005605245980955775,0.24564721866284275,0.05578789372614802,-0.009432853204454965,0.016104833870692795,0.07558937488870572,-0.031392878171874965,0.025330698322980086
0.0907086735239092,0.40175667012919725,0.39326547278108204,0.23803322665172644,-0.5015893308161414,-0.005596440832870484,-0.24941728142299707,0.22356694392286566,0.6767323382911326,-0.10836508996311005,0.2332271041047644,-0.021091380445096466,-0.008958505314050229,0.6448215608730139,-0.5681091661395161,0.13141623168824842,-0.04608490803266594,0.4040396068584486,0.13996207939225389,0.03289410511410298
-0.024245741840686494,0.00014851717888634403,0.0036257616583301403,-0.014970717148927386,0.37627073000598354,0.0009008669762721744,0.11710965491922758,0.2340869214226005,-0.003948474291211679,0.019132674744924055,-0.17627091455868898,-0.019541307332501968,0.00642391591840805,0.026778545362666935,-0.08791889143081856,0.005314196640579738,0.009225523880657643,-0.19933912699493445,-0.013775032698382594,-0.05758184418010863
0.004269551366282074,-0.014984559647011154,0.007831557885090854,-0.007459364674013723,0.016568295820221325,0.015599418397065894,-0.002289389944759887,-0.008971046745946275,0.010921645785757762,0.001975536154097778,-0.003180124499859178,-0.0035031052045126,0.004857477684399391,-0.01551414181110779,0.007343999318488372,-0.00752661931481108,-0.022219483384436932,-0.030065606485463393,-0.012832366215538973,-0.028892543694865484
-0.3894510980002066,0.22268598851105906,0.07018603616422417,0.7193356137302395,0.33270728051858245,0.008919509762867536,0.09869181317482068,-0.21583756945004404,-0.01594627118835288,0.44120673217101236,-0.0028596034326783034,0.03359847746961149,0.04144110842414549,0.036378004738774075,-0.7695502926400638,0.021273342676242205,0.2692627267145346,-0.28795581567760964,-0.15672519206712146,0.2011692542279561
-0.00486621982990941,-0.014587609731345541,0.8428072989591154,0.01413777497087378,-0.28935329266478393,-0.00126037357114265,-0.04889674001223179,0.001307183173673526,0.014789826942065147,0.010967008887548702,0.851256615066447,0.011937399263419626,0.001440857733006342,0.08757013764907684,0.04368693770687766,-0.011983586995765096,-0.010085250354539738,0.13549369047154428,-0.004199895341903481,-0.1545281082316436
-0.6273657546913695,0.4307730812067752,-0.05450666880966863,0.29302358208776036,-0.529883043834871,-0.03319790458216709,-0.09886958564486185,-0.49948943710460614,0.05275553036781278,0.7655493012264148,0.8838449121277645,-0.011459642351282696,-0.003629351089535564,1.0776017668682973,-0.31414372820109215,0.002006035930130292,0.45012577955808863,0.01829109451852656,-0.29560153975351905,0.4404567775630096
0.11495204580792573,1.3002697625782849,-0.17242659979705893,0.37046640539378906,-0.8528163851205768,-0.0037532917808210256,-0.3332341840045911,0.6363195940193563,0.9140339061882418,-0.15875540132376456,0.4032442312516203,-0.0011645039611764803,0.007821317849509698,1.510632706398949,-0.5638496182750341,0.20064474404658814,-0.06137446097762978,0.6307474801583433,0.19185837332959663,0.06144900816514013
0.011006582047268822,0.7197835290207789,-0.00024376791329410678,0.04585023689770997,-0.816989781968119,-0.005045286495786302,-0.23929619448951645,0.6671032201688977,0.07425184165338553,-0.03147407786818275,0.6937717338699795,0.0018408322736214342,0.001318793615409315,1.3291325387257589,-0.23839101242279961,0.03177251780294715,0.007081600018221801,0.42013704042546934,0.05548507474373958,0.021658097279346554
-0.0009542275883747892,-0.022538681631709655,-0.014656154769230567,0.038927999637236685,-0.005040607291694968,0.020692198149978778,-0.09250608676884986,-0.022403458177871573,0.0048170517143203626,0.0066551650497807535,0.017195278677926574,-0.00023529434000426307,-0.007442077838751154,-0.014062435559156143,-0.004413197500928124,0.007133257106725363,-0.032817933794212495,0.19371891607932223,-0.003615693440484691,-0.0217583862030243
-0.016681490010367853,1.0546848303053658,-0.00642376664746307,-0.001207212236453681,-0.5550416821340685,-0.016571245670810652,-0.1611555657127052,0.2052652159323989,0.013954322095605445,0.01552982420881693,0.09463759518619282,0.006448657582753747,0.0032240916512586456,0.9274456376278905,-0.7773482957645755,0.015227903270291304,0.5766819036170655,0.24664523606944128,-0.024892806915543252,0.17269299443733793
-0.11454331262039971,0.06392472430849568,0.6143934658034472,0.027360925895066394,-0.0907879880533611,0.40912665998378556,-0.5263514257319335,0.16842793645743587,0.0037953474347551027,0.12193281377578731,0.38071249660873563,0.00846676451863396,0.001960313050830197,-0.20298225259089778,0.2253282743377384,0.00458496372877532,0.10515713190000682,0.37080455980430577,0.0389460545611962,0.011062707536718628
0.03814579014331768,0.03772422885473948,0.41372233768647704,-0.011574793243301065,-0.3973109352313205,0.9782609706472434,-1.3008951231167907,-0.09013897887210667,-0.004632574414698062,-0.03740888783815422,0.11954429440061173,0.010393204831763635,-0.02697380182731251,-0.2881979585727144,0.6661409013965054,0.374950009027175,0.03736561097618345,1.3295850534735818,0.45520274718160175,0.0610633893037851
0.019078274205679122,-0.034156824928056606,0.003415324139979723,-0.010528011562280155,-0.2266423367407377,0.0017275115791774826,-0.056808279066915594,-0.18177177930084765,-0.012669852328962011,-0.016771162047956673,0.30306171204091603,0.011407046208517367,-0.00754955003056311,0.3434431579600273,0.05904863358265555,0.014530590165714303,-0.008163264955927802,0.1083748383332106,0.00851656913852162,-0.01675290717835887
-0.01826063891015269,0.013180458598384428,0.030935007680077974,0.01937809514923242,0.04403483763658732,0.015916649665930704,-0.0024861490896119108,0.05879869905100311,-0.005287036981895359,-0.0017555826507811845,-0.02374940289382574,-0.00463802277309101,0.0003711546430037755,-0.017055114810330476,-0.05071272939325407,-0.018328872878005366,0.032893010520053605,-0.015202824052296001,-0.018508506702070805,-0.006262642093415602
-0.4756825753761551,0.1764450325475164,0.17276213054611927,0.21038917839056007,1.7760027287938454,0.45164557049007537,0.43594161777426355,1.4689143477749347,-0.012784016195589332,0.6730898001395926,-1.3870286505703586,0.00028107770830297467,0.8349067332802316,-0.9071190369898445,0.38966558061172196,-0.6167699462306387,0.37319400969550104,-1.696926477472231,-0.1486819637174647,0.24824059091633824
0.19308273148334346,-0.11794145985167626,-0.16284270630426204,-0.09455582455058992,-0.35911890803933005,0.004111844988751526,-0.13428433198844672,-0.4281049390839128,-0.017966586887326386,-0.23968927588811276,-0.004577316548373642,-0.0019084049444092156,0.005787491395702066,0.20638376507355258,0.4419562374574796,0.2847522663014772,-0.11635587810523741,0.45649233831430885,0.29821173665574036,-0.04895147274736568
0.0008676081641377439,-0.013255840211571555,0.009008139530464218,0.0013348620264365552,0.024144339605787563,-0.010485100413850638,0.049509455450371054,0.04608425533982052,0.008618586338132273,0.00926423675735668,-0.042148722671048404,-0.014480261052670548,0.007620263163749842,-0.014932762644776599,-0.017390031254891296,-0.00789087921578025,-0.025073940593107566,0.02394697870070695,-0.005145254825826211,0.6420740324981246
0.04243302644690886,0.5158166531922312,-0.10247558796376877,-0.022495613308371187,-0.28101160310708384,-0.016532139806284034,-0.014920928006125257,-0.005222042116979809,0.006766391845863745,-0.038322839431115495,-0.22603111735747147,-0.019092990996047412,-0.02386510989845043,0.4885580622740358,-0.5615038556695188,-0.0030375314323777027,0.5099881218277906,0.16729876624148884,0.1258400543191063,0.13605797237623105
-0.0041756626592262475,-0.0400086181260096,0.020129598368054287,0.01647438919739698,0.02237262146171815,0.0016011248891280323,-0.00887404803678451,-0.022780688153012107,0.0017380053593069097,0.020986477704302935,0.010177269128951408,0.01298882876098455,-0.004428623015524549,-0.03868497044597629,0.018805988157019525,-0.0010716914734893047,-0.04470769008035351,-0.01532968100435576,-0.02141748534755682,-0.04661202284726887
0.022176689755224698,0.48317526343154116,-0.024658680329528428,0.008713082071072412,-0.24004680532811798,-0.02237523618795144,-0.06849484545321088,-0.01157554818135291,-0.008721453994179219,-0.011777035039451746,-0.13806198499651937,-0.011486263220010435,0.005091682529063372,0.4411178567759495,-0.5753433695247778,-0.0034331898182159036,0.5302274783225159,0.12246332925618564,0.011670067724863219,0.1178786766729586
0.002233588418561687,0.01734796787957542,0.8732155881608806,-0.030026189187143004,-0.4101193802804888,-0.013536719620011182,-0.10147814708028516,-0.048911262143343855,0.026119659194977128,0.0037692471509783625,0.9762852007896559,-0.004126881775381109,-0.011464835434526746,0.2310195068825867,0.08383328422838418,-0.005251445435153282,0.007205810618798335,0.2109519552323017,0.0009092242015647841,0.7593651230602175
0.6329248432895609,-0.43597019069624343,-0.0505082261999152,-0.22193940912750904,0.18189786422651325,0.007985593255767106,0.06893304717278877,0.2898774760238804,0.005519446775515368,0.017991461823862673,-0.3430960409762292,0.03502704898809551,0.020250108610427225,-0.41443759053681095,0.5419189937619829,-0.011023910043742112,-0.49337280862444444,-0.10320096486111678,0.014369170878945188,-0.47695956550505025
-1.3095482579390514,0.7811844587838176,0.24792612268015982,0.5412933344317135,1.6475105877093787,0.4530876960460055,0.33490413992983353,1.2341806749498534,0.011468851429114564,0.7052964259517597,-1.0304762961039422,0.009346964916476928,0.8709750488593431,-0.39640887212333176,-1.0914425078962144,-0.6460455083492583,1.02770431256711,-1.475911210323766,-0.1639216746774917,0.8920657691112359
-0.008944803862321795,0.0232197288938886,0.12473648238867834,0.6794348180530909,0.25941792585742385,0.018352106660913664,0.798029895723406,-0.20072421959913464,-0.006469430320799463,0.03101995980159363,-0.0037893589156845174,0.02669595164802081,0.003056987397646346,0.021407236480920445,-0.6068452908124189,0.004891412250941786,0.0088849155053427,-0.13904563056907368,-0.014164943662048651,0.8862060568963082
-0.2319760906696749,0.16342438241990412,1.0327373777215092,0.08410887076072615,-0.3563426946680033,0.9266227090260823,-1.1302468358962356,0.5574645065078401,-0.021128892429931982,0.3046315560288073,0.9092028446697131,0.015625090098533623,-0.020112981000511503,-0.10032218159431122,1.2700002149334881,0.009581682136872676,0.19533637168478613,0.8352466110828076,0.05596379087077515,0.0310211841765257
0.0077092178373864275,0.0004888911487767264,-0.022046621449186656,0.0014259471892983083,0.6760635560749264,-0.032197631756051455,0.21849126613068412,0.40004721312331415,0.010050230918300812,-0.01709904009812766,-0.42695922039974615,-0.002572912212114942,-0.012181458616680324,0.011647321715869949,-0.1865500060942256,0.0107022895620742,0.02654831236522756,-0.34586247856018776,0.008218768704150883,-0.09564526743855117
-0.05267641147509077,0.05341529590433734,0.09855567366061461,-0.008711126866838413,0.04530749557572964,0.1347189661530402,-0.12029474564972076,0.08843037220722857,0.01679764489004977,0.030346661834213445,-0.040980914152896425,-0.010548697136688288,0.02235599613407374,-0.11412762632178025,0.04412119938306369,-0.0071453819785468504,0.046515570652925886,0.06247254709149773,0.02951233201728142,0.04972172794280777
0.26807307399367464,-0.13680066937235486,0.019100106632069465,0.7630448966551288,-0.1361694292426357,-0.006524609080357572,-0.121602908409746,-0.7738554410736567,-0.006642440098488993,-0.31239617577431544,0.07220472165492164,0.0072844728594440595,0.012533621122057602,0.3041428278859826,-0.5579679178507674,0.38166979364172515,-0.159282701632519,0.4830680915349634,0.32740578174644125,-0.20154426718928378
-0.020504586517896883,-0.014110718061456555,0.026336845778088265,-0.007143363363479472,0.023413191003929808,-0.007280445026933389,0.010476447574572494,-0.021969683344071126,-0.03432333036836671,0.02342005979976597,0.012459356596633487,0.01663304431522661,-0.013897484377218515,-0.015848372762262027,0.0005070120004772214,-0.0028675264059033687,0.02535955116922821,-0.02485181272967536,-0.024656322089666508,0.026057821195329508
0.45754100956531046,-0.27262429781124253,-0.17655837056971865,-0.2109895232473328,-0.44163501137667216,-0.04242258719708784,-0.13233361937217372,-0.4391741902757818,-0.013449776855415967,-0.3016647462980268,0.5969131719693718,0.010960325402747606,-0.019548353284667017,0.151316695133977,1.140578759135734,0.3452932334773865,-0.31280248256520427,0.5584743355901381,0.3087401582256548,-0.09961215124204945
-0.03589607657705326,0.033670974458088324,0.02761947437557126,0.016711185304774487,1.0010862298134973,0.014423531277708767,0.2479830194685681,0.6456880115711187,-0.009773300781705803,0.02117313486414578,-0.5637773494956599,-0.023898257068119884,0.020554899829592993,-0.0007057430848385424,-0.28654408282014193,-0.028662058606578063,0.030617263107552407,-0.5348995907659936,-0.008906088770217367,-0.15001409430941043
0.007497456577500619,-0.042153779907023244,-0.017436935310427424,-0.03147890372774564,0.010150510407807343,0.007841982371185038,-0.02000940291989775,0.0018021131844536621,-0.018382224426867957,-0.005320543924150472,0.004356423416376549,0.015399998440724667,-0.0075291213296040035,-0.025140659332790694,0.03971466787041761,-0.0018413138827772528,-0.002888482212022621,0.016302469264076195,-0.010781895739623192,-0.011578856749225725
0.0015900482586986295,0.004350400731033181,-0.009785133972920438,-0.015115717934584213,0.04810208912779314,0.014279628813630202,-0.0008002646732867807,0.02743014563288121,-0.026933305778963645,0.006569738816858171,0.011221550860793279,0.006209206799626921,0.010670724495220715,-0.047083076805449466,0.037668442538861924,-0.0014825648452658213,-0.010667659241596728,-0.03734551686068701,-0.01379288240355928,0.15721284192629453
-0.00959578483998414,0.12644581106554298,-0.6627863694522138,0.015591137277485536,0.1968253270267947,-0.0019509778204110325,0.6678713065592427,-0.014322841874450314,-0.007486239664325947,0.003291175481376765,-0.9778172024809832,0.01832636987627329,-0.0014096884955893296,0.020876915808889236,-0.19131235573655084,0.004974001836333471,0.1512101698460561,-0.10782211704493116,0.7656322388768966,0.8652229435496517
0.4010390522475355,-0.2306789149620122,-0.26092106834267065,-0.1531618258378236,-0.7359743831642345,0.005694529942041758,-0.30497959837852856,-0.36449259528106404,-0.020933700715779796,-0.47811385149070684,0.12386880822114595,0.014047008351429356,-0.007278771828496873,0.41999429930323107,0.3775280613999779,0.5753788855391397,-0.26864378937824107,0.9786571513082298,0.5361032030270475,-0.13912931780580978
0.7207147218813357,-0.17803830009431063,-0.13358828079488083,-0.05472757690396037,-0.08697738037733801,0.001458621428561018,-0.08235686632000887,0.40654010187852624,0.5117535340588516,-0.0919384770086204,-0.025167327856708922,-0.01562879089926253,-0.017247277129767237,0.007604646989893896,0.08437458086187219,0.10002481542563393,-0.5506353024568462,0.1686337183674131,0.08535978816900334,-0.5706331544179345
-0.002274635983717863,0.04401429554548249,-0.013672616223552056,0.0037138754181640973,-0.032612882538304994,0.010777873801798631,-0.03506933618328111,-0.01780234636740091,0.0022541847639179083,-0.010044299645710481,0.04659564618240469,0.02291554669773643,-0.008219670948860785,0.054445326545595314,0.0004488148264215159,0.010980628397089442,-0.011017193449681625,0.0350542822009855,0.0025453458844739455,-0.01533116172433444
0.013286957037806872,0.3650648537379005,-0.009174077752436607,0.008401180607270999,-0.15344725507025633,-0.008860930582400799,-0.011077398221237624,0.00805888139981643,0.01784095661431593,-0.00492545739614943,-0.10768574978455805,-0.005879656059633356,0.0075939302528315895,0.295707429341618,-0.41201305801891835,-0.02181981234644026,0.397961988994958,0.046655091078769355,-0.0050233618101325,0.07688912825189904
0.01834257466632639,0.9234742892542019,-0.2304954741792481,-0.011726268889824079,-0.4510918752927218,-0.012131538958638551,-0.016435209355046908,0.37835266428531567,9.539156511423471e-05,-0.0162315322389855,-0.10533017820843649,-0.0037394504401270113,0.0013318498214903683,0.8214695116182732,-0.3672584533791904,0.03843606428254878,-0.004927398965007476,0.25225852407029903,0.2714615657625981,0.1344596297897304
-0.2120908778992647,0.12643332472620397,-0.022384390724148308,0.08235752423874104,0.011511488276035493,-0.0031540640876894163,0.640151386782265,-0.0366858475452248,0.0014491600032915247,0.25245700437062124,0.02069120346800845,0.007784960252531848,-0.007268926861309191,0.01115422195807925,-0.12097599336226697,-0.0002827089114399474,0.16871123294968463,-0.08388657480216279,-0.09346880508439917,0.16021949845486821
-0.019521397878819804,0.011876249708375846,0.009542196858366733,0.0061350522368287105,0.01489266184809444,-0.0014405741312600567,-0.004406689313939134,0.054217954980751576,-0.0025174822882097526,0.01405484384451171,0.057865415695224395,0.007404067249048808,0.012620392467777856,-0.02007174918442375,-0.01645586949301744,-0.009835684830235326,-0.012007847472647335,-0.032051179729316676,-0.029346882014961,-0.021445841216726897
-0.2545969013797115,0.16609574784705952,-0.06112277476922398,0.1066708212218831,0.02398264485561756,-0.015921877171367792,0.045184178308820426,-0.10319443719374939,-0.02360143660755426,0.3244707265088531,0.012186877837580528,-0.019180406000684224,-0.03046722041322053,0.029398180495047884,-0.17366057110284142,0.01670336277196431,0.18950130718790742,-0.09449773625810438,-0.11909403834100087,0.19945060045146376
-0.0015600306748962088,0.06854455372667026,0.7865827314728359,-3.792450766297237e-05,-0.3176010523174994,0.009911900281201782,-0.12055266691075164,0.5223047330651454,0.07963210786564785,-0.012853752773763778,0.7648574766473425,0.000421555858530342,0.014533306784188044,0.13275985093218168,0.028265091026232286,-0.003320364733730479,-0.016052379070151557,0.18881329830793805,0.0030285080713910156,-0.12440355533098736
0.7218336977905899,0.20146028629581736,-0.5414162790664909,0.08639526727798388,-0.9186916714782726,-0.028504614177108947,-0.7497701492814445,-0.5170957581128529,0.7882614080490287,-0.8631209091811335,-0.5422823386429287,-0.008908487738929747,0.00038423605107798173,1.400934311137496,-0.43564740554789066,1.0126430493403655,-0.4080568240183096,2.042350350304677,0.9816723706510619,-0.11887459936505887
-0.08729876479850424,0.29633223218823607,0.2027660786644593,0.18974769678457493,-0.07089923653437154,0.4418678805164875,-0.6033159412707886,0.3629717893082293,0.34888954208995965,0.09091018079175368,-0.14601687964950003,0.007387398894228793,0.014955410610440065,0.014637727903372482,-0.11650335091245374,0.06837235591817595,0.057153255108002975,0.43563479833401164,0.1018863936938523,0.139204706186633
0.015567168076899425,0.827639919838321,0.020830228487743997,0.00598103678684322,-0.46274162135559843,0.006468569090547653,-0.10152687306298319,-0.0475373313458896,0.0050387617478541815,0.005001566679184331,-0.09802666801579243,-0.00360125319186939,-0.019299817871559287,0.7422690107772939,-0.9475742547109528,0.0023334073028034186,0.9168199616305865,0.19696796656861085,-0.03193065666186818,0.18589067145145052
0.053990684339746096,0.21947554861348298,-0.09111107448280562,0.1715636802361921,-0.17965047267717946,0.006623752023873398,-0.0929100795488743,0.17808925367052172,0.39501086857869333,-0.061678173919513385,-0.18968612378133906,0.011864059218690482,0.011154516613097,0.33349870424164024,-0.35095269378115995,0.06625354525036863,-0.07138912181275776,0.2012060663068213,0.08393845055111536,0.08479199839371901
-0.20513298167009963,0.2683773428019471,0.3987757319656398,0.05394792098915874,0.022338173628513276,0.6890507654459223,-0.7663763257596511,0.37768948843726724,-0.01843030102630804,0.24812378471026408,0.07974933595348849,0.03463041319354299,-0.0053968534417228806,-0.3166436316813919,0.238036351268968,-0.019021817496390557,0.18405355397430884,0.4763592179648191,0.03472971604877927,0.09443904848221005
-0.025224310582991835,0.030202514098728407,-0.00824682068209561,-0.01669288358541567,0.5140665352900765,0.0015297393704399773,0.14074342588671956,0.36494431454068404,-0.00228578915855388,0.02988097122965741,-0.27058641730080524,0.02000409868156331,0.006618121643368194,-0.031002656402463087,-0.09128808317547121,-0.025064601670116107,0.005711935995038485,-0.2668794118453905,-0.02733444977238277,-0.058002153382327414
0.006756558090658874,0.5195186263318933,-0.009041322647348669,-0.0159315647236889,-0.2538531145551002,-0.0020728616426776165,-0.04408165875138749,0.2982044919932673,0.010076536050605218,0.001730503932658867,0.10183612423691675,-0.02021089133380072,0.01120381427347803,0.4316492340297141,-0.20176186929859716,-0.022086971436018434,0.007246908772844769,0.08549707647304007,-0.01396862279245162,0.30845050387030537
-0.01254968242969364,0.842907070789178,0.03371420356089776,0.1609478385841705,-0.35437043039005645,-0.0033345921894591467,-0.0547905635735417,0.37031395793264826,0.015946077213416676,0.0014937599587855756,0.20719745861875424,0.0007808546751479975,0.02242386074649827,0.7309436773843845,-0.49503849188388677,-0.008461174953696565,0.002297971083371899,0.15285519927894228,-0.014520641453313627,0.06226733947616209
-0.013291967965464705,0.8277472341964088,-0.0026482461799118917,0.0010601249692812828,-0.473076139446917,-0.0027217214185435005,-0.09749719866312603,-0.09564773011983096,-0.006054550521697257,-0.00015849088560778834,-0.11149068385718663,0.01936780560361176,0.010541631173775276,0.7274118010269993,-0.8859566152576069,0.027456622716425114,0.9254841830549599,0.23712648288346214,0.019065741022780476,0.6248878505460738
-0.018150398672360384,0.13838991851733398,-0.7862497029217402,-0.011898250662681175,0.26071460810897834,0.00288049098123532,0.4177871927986755,0.016326056028803545,-0.014271491225563888,0.00499905779694007,-1.272089904160962,0.023986393245675423,0.004950994172790865,0.017758725685458224,-0.22238557886918267,-0.01880354955076424,0.17451506492502136,-0.11971388204912589,0.962351111628903,0.329970156159887
0.037361819421456575,0.09514399054133141,-0.029133063544185538,0.05783553837433498,-0.12128380385608103,-0.013034158265957031,-0.04211952038266141,0.02416911501871448,0.14623282621716274,-0.04658020041845462,0.6996061655176681,-0.009804912840253088,0.0007413692002304594,0.1450061024335534,-0.1286612549633136,0.04707006022706238,-0.012282977004868722,0.08977026386784069,0.011688100018920448,-0.21305199678044834
-0.8981485146682828,0.5511188475656769,0.39234377274542453,0.3229927403238213,0.2292806896314258,1.0817084584917405,-1.1732938972140714,0.28017808261523314,-0.07465460710217972,1.0984652058523539,0.39639272754678073,0.31997805260346807,0.017726523816210604,-0.4865603526920999,0.14421201387613275,-0.005251479013828445,0.7034529100094885,0.42857417817632065,-0.19978912907563176,1.389677115029448
-0.09464787834235525,0.4371406178671237,0.2853396639189902,0.2908693423819348,-0.13075437483199262,0.6846834461659724,-0.3504703406569591,0.4846197625862184,0.5200360460659739,0.11937389476481561,-0.21061898420710315,0.01797975785451672,-0.021115069807304605,0.04114588021728415,-0.21906696192468875,0.09443546454118582,0.09744355117998138,0.6617201460553508,0.1717891723561959,0.21025052775521347
-0.013624132988469507,0.01608715598092782,-0.0058234100861599015,0.13827207589094845,0.06091155888118456,-0.014527988338573258,0.023533201128485715,-0.0018946016406587649,0.004254087113274674,0.023669949500786977,-0.03459204440151264,0.004829780778337323,-0.009761418699177956,0.02857949451024901,-0.1724696992738364,-0.012106581332935115,0.044538572330152,-0.05532050144220989,0.01906426092171145,0.3234841622539471
-0.012378398663337377,-0.015030188275748778,-0.012439516461645072,-0.0061144453019376845,0.013350752625568993,-0.001030123362640729,0.005896934632923128,-0.007818042057197761,0.0009754975816133066,0.0022951065610265792,0.01187954167207653,0.006936712194485412,-0.011755312884286705,-0.03263666414407646,-0.013893125486355816,-0.017794974645289313,0.0056568315444002655,-0.024910402754988976,-0.0065884577200229005,0.5658351581112755
-0.03889810808746354,0.014365086312836839,-0.02757142319329555,-0.006699563311270704,-0.30416565836202475,0.17803086786575584,-0.2927366253064601,-0.15135002211160783,-0.029788579180521545,0.04998185355653776,0.5669363266105983,0.2123647784048321,0.012953681681624113,0.45149297112220976,0.7995215764757576,-0.0009698211722927562,0.04740327536460192,0.28658485853370874,-0.00984526035429103,0.9223657527308387
0.031243235229118434,-0.005368066647725002,0.002284050207292042,-0.006792302533367568,0.004335300419816831,-0.0307059606784419,0.012215184734473621,0.012012165365636708,-0.0013785657707913652,0.009280345111089362,-0.015737911470888055,-0.02109294724844955,-0.017404898638151485,-0.0007842665306875708,-0.02720320834195248,0.012539879773748486,-0.005134368554575583,-0.006579294763681898,-0.03178022859966481,-0.006915817585064615
-0.7187816151960152,0.3851247722449205,0.052383559675889826,0.2416153426605138,0.06240848144782657,0.7374876852257121,-0.7710316320151737,0.05984918388476196,-0.12808182469327672,0.9111361544193677,0.6277353822438054,0.5756855031167867,0.006755163075327442,-0.15127580799760693,0.021978007954792232,0.0077585941833170115,0.5238892096960824,0.2743256218710366,-0.20384569607883443,0.37348636879014707
-0.02043004546732475,0.0017259396535035144,0.015067145924045355,0.016349050117901692,0.039254603536374166,0.014811681554730012,0.025377018649941227,-0.020831175526282143,0.011482888510822355,0.015480131315612865,-0.0026095835376281195,-0.004912275346759069,0.014624742110018876,-0.029291277957636502,-0.005328362519786339,-0.02914375353092291,0.00888420300937855,-0.050534173788456274,0.01608307490224164,0.0256638423782923
0.012458226604155872,0.0065685957483283645,-0.05045755942966743,-0.04660941533691848,-0.22197198176275523,-0.025670324669011223,-0.03492222982849985,-0.17543847929636522,0.013193727224362694,-0.03884554834149316,0.298365653521179,0.03230793156382471,-0.003412737370345114,0.3687388426990824,0.7036094102951869,0.026249461721485977,0.016724660118969854,0.1227322796546918,-0.0018410727176895424,-0.012958092433292514
0.0265045019900325,-0.0408552139194417,-0.03546369079283043,-0.03201602070885945,0.0705059147971224,-0.01896831103089949,0.024990939119306544,0.030688358226344494,0.0068170250606656956,-0.0376055089277475,-0.06748926075973682,-0.018277596309637753,-0.022149753987103244,0.02561437570297618,-0.021423261297748943,0.017551552114297642,-0.020601996413967434,-0.03009128134508311,0.015063516077282794,-0.04437861924494675
0.008985631446215205,-0.02738803410143883,0.7630761911885945,-0.0565337363861211,-0.31479376760842415,-0.02330024707596832,-0.09006760862738772,-0.03773433081794096,-0.0058017888526486015,-0.009552854157330249,0.7448530551414198,-0.022203883763737282,-0.01053873891963546,0.06844837658334263,0.07997863293024043,0.0037321924395572956,0.015902599928767778,0.1805858969264913,0.015538461075589424,-0.16060226219534038
1.2015624571485939,-0.7024071630183484,-0.515790518505003,-0.4918142192652573,-1.075942514279709,0.007189649291798307,-0.4708458183357135,-1.148805646238238,0.00044687660713544925,-0.7836739107842137,-0.11729809945007715,-0.01658897170334178,0.009876853824961028,0.3927383485832688,1.027776299448575,0.9262341587503836,-0.7903383420766059,1.5508421406474764,0.9169714586394186,-0.5961881004185443
-0.049165753674888464,-0.06337213372026765,-0.2559753602540304,-0.04007197652695699,-0.4379856446120743,0.1708534895695793,-0.32492325615386036,-0.30387168492556366,-0.12752003743655488,0.0889672326904724,1.1125550498962553,0.7244153979004135,-0.02247819374844875,0.738644036990563,0.25179673840868316,-0.018417091093847014,0.03162795524864247,0.3307164217729777,-0.05349485835269555,-0.16177082073068266
-0.25518561868581047,1.4005650642684129,-0.00468708836165908,0.4010852915624067,-0.27742519098592916,0.11983884025126823,-0.14748113117447303,0.9361239285645393,0.5932556068075634,0.08044332585220382,-0.253198857359487,-0.003593064917248646,0.22269513462926974,1.1560382894415324,-1.1684240156101355,-0.053084658324281844,0.1958035547315165,0.027203476958487974,0.059124833090053404,0.39722497855790895
-0.0028507534243769703,0.04779390064475439,0.005929246478712147,0.6942409894129234,0.33412232131586517,0.0006695311270080622,0.14395169962087548,-0.19343862332252235,-0.01264742092495464,0.00039876062068030897,-0.2835554356145918,0.006945391160516539,0.01623772297929879,0.023776171192490266,-0.7094752443834557,0.00035324580579724346,0.040058216222664055,-0.16427434444322703,0.19597477253753862,0.0686297184796258
-0.04114035158883479,0.5335413403550643,-0.007356590679462725,0.005923532935994409,-0.2966034336894066,0.0013013908523711046,-0.09637044165621284,-0.05566258100762716,0.0033508854278689517,0.01695467554416434,-0.09301946822524704,-0.004483598221774381,0.003306169192611276,0.5002139432301683,-0.628091909153221,-0.0037303384789540775,0.6728491159936175,0.1560480348869086,0.020017866232186227,0.1512481532200402
0.008112069707373326,-0.006957082959958455,-0.03039109928824945,0.01154250182707237,0.03951866819752095,0.028038748761414937,0.023945899384212807,0.009081361003324226,0.020418446139734966,-0.001663044942599217,-0.043738652219202756,0.0272074406768529,-0.002193863589731667,-0.0007316693827960361,0.7495927255551533,0.00851087381006304,-0.016588593804826794,-0.018897832046420652,0.023860349904543564,0.5078875621140931
-1.1050473894910204,0.6722522459444804,0.428155502209527,0.4530614219801955,1.1305011975575991,0.794098011420961,-0.2544605100512049,0.9844962648637423,-0.0015831021982380677,0.8178201917433604,-0.5599543538336087,-0.01459543833162068,0.6050242153675217,-0.45041827419515584,-0.5479820296518543,-0.44165834208039734,0.8668548645615524,-0.8139967037072761,-0.14452565884619473,0.7464472378432443
-0.8356905177820249,0.44618405683011714,1.1130547915370161,0.32471193642764584,1.569293577499166,0.4826326366536859,0.42098696424619564,1.575814282106848,0.003703029933946739,0.7471226578480041,-0.5295732650230813,-0.015864507762389606,0.9354149122850081,-0.7137378898566799,-0.5858056516276153,-0.7136825239849448,0.6698447426451718,-1.7137231504908035,-0.18245990150228303,0.4023034746773131
-0.055040169809895866,0.023664951231251338,0.8603841259531283,0.02755956468459672,-0.295517594277992,0.08918554188804406,-0.18739378206888438,0.03442758909526005,0.021644992639866724,0.04535575491880004,0.8051263970735442,-0.005223731729970763,-0.006286329359201219,0.02394228369760664,0.13596758294992892,-0.01686824702921918,0.049118288237231106,0.1925757239197118,-0.030476465809900453,-0.09727083971505031
-0.14414702198996618,0.10051738207874902,0.3823366643184733,0.07421182119000391,0.07793526932307925,0.6364454509320379,-0.7094528894851782,0.26725685907597313,-0.021275938499758326,0.19814973234625136,0.05361002678312227,-0.036109684247218665,-0.022668503447485135,-0.40754450776942447,0.3061240598684886,-0.005582270547394905,0.13051743779932515,0.439814692661105,0.04133038377850023,0.11213107957399529
-0.03731324510023749,0.10578532054123009,-0.5582542245981946,-0.003159741978192231,0.1592613076563995,0.031371853223192823,0.26267035080436846,0.003842562823429249,-0.011469995468940022,0.03326578179414431,-0.7484346826781622,0.12945810853535944,0.0076876268886639145,0.04657121280308196,0.44500434555167767,-0.02214446409379791,0.1732121577881471,-0.07698373206722227,0.6095214294851177,0.24106139132256468
0.5007010689045004,-0.2358725101962115,-0.3219531742341276,-0.1923718386944566,-0.8936395075961497,0.008083590086550803,-0.7647943712895267,-0.9924691299368256,0.010032743243822306,-0.6000483960016547,0.8776361626543537,-0.012343982047762403,0.0006192859328608951,0.5322988423720215,0.7241073819092555,0.6995238144584147,-0.275837832685154,1.980726602153948,0.7049046992949759,-0.39597122622644304
0.5424610090730674,-0.2583290762135565,-0.4471935591805084,-0.2281976629787961,-1.0718934153888264,0.014301370679779843,-0.4296933216808944,-1.2036779628821739,-0.013838502028941182,-0.6765069306111346,0.14097795171327981,-0.0020059745335885767,0.00448113045397287,0.6735488059075005,0.47159911614939165,0.829488645171538,-0.30590884637483656,1.419358566031432,0.8228381793801266,-0.1212119885321208
0.404032784512132,-0.20594873942374262,-0.2578401184668163,-0.1530521879179375,-0.7367374356174934,0.005867201407193752,-0.3075377516463028,-0.7915112885194702,-0.0005643112122952548,-0.5020068195737253,0.13950872997772099,0.012971657641379745,0.008970124327543436,0.4662472130279839,0.359790192820196,0.5671219334953024,-0.24802130713397033,0.9814765355401249,0.5569959347037337,-0.13361643092083642
-0.019528515258217034,0.007622799292692648,0.06680135229717807,0.2573162757497988,0.13257553552458726,-0.005530980124796693,0.048899896163795156,0.025020141207218405,0.0075924924062379115,0.014847210681574997,-0.0434664733079802,-0.028961506471269924,0.0033954215215666146,-0.04836283014475903,-0.2265495519424474,-0.01401724695518223,0.00991766020936446,-0.10190189168683633,-0.04523310671089135,0.0006494100201670235
-0.010728683780787207,-0.011622722979923355,0.03973751897386164,0.0029711692362560838,0.7532217866412614,0.0039274612866621005,0.190854559310343,0.5194662189814951,0.01281747244735614,0.0006847503528226522,-0.3930414533680539,0.01848526795947095,0.01848124800602159,-0.021824995911377997,0.44136813355754306,-0.01123388290912986,-0.020848592216192997,-0.38289762399939525,-0.022876155096466,-0.09888314783989222
0.14465572868528878,0.3533908302778061,-0.14216783842269018,0.2691798944985076,-0.3273778845242778,0.009258172604279549,-0.18755047622253523,0.22233776472175615,0.6499913178447629,-0.13785654062657107,-0.2830159623916154,-0.015363145252313047,-0.026955545578099496,0.5567472606962479,-0.5826144027956477,0.13098584827910795,-0.10104218084008304,0.35069045833623896,0.15579616413543348,0.11360786238730554
-0.060758373031544105,0.05100244305556496,0.04534699717272536,0.02175404670231204,-0.4428419124184237,-0.010723977921531702,-0.13468883229271292,-0.26799062497470744,0.0030826516783352045,0.08136792649787838,0.5957143188150198,-0.014882757828540793,-0.007526057024375237,0.7304947263893081,0.06527204125639524,0.02749966184411891,0.04294344295300895,0.18426479802010684,-0.043851761598465336,0.029326509208301068
-0.006130081671519782,-0.013186993495261172,0.0014748521166602045,0.03168353067863523,0.018918204132937808,0.009119140255945062,-0.002848453076523339,0.028556369184993543,0.00011177785241760847,0.018563894106133978,0.4140862618792768,0.01875124981878628,0.009151052476724923,-0.036346002466762374,0.002079157190039614,-0.007094660020596038,-0.0076415242707443595,-0.016063323617160005,0.0027102053363493375,-0.1819034651522522
0.0020826674808594294,0.010596888413117563,-0.00097191841447829,0.019957804636233718,0.022926117494200416,0.0024443051673219097,-0.005793973176655061,-0.007315446263737459,0.013540486627470935,-0.0041240529880325495,-0.006542148691130823,-0.013083238270209761,-0.013402946844535068,-0.019842906595681227,-0.016546734842967807,0.030996401043862375,-0.01595366349300729,-0.003177498571108499,0.005244105207312949,-0.007987744980168772
-0.2853263487829125,0.16090628719044234,-0.012593877896397217,0.10403026502002244,0.08214659666984328,-0.02316341229031281,0.06546688525440238,-0.003145065569487405,-0.021205458823750085,0.3195562233908067,-4.885719520348773e-05,0.000511667515727135,0.02588017861820207,-0.010281021519050382,-0.14770766309898792,-0.020165888369338893,0.16820783661489852,-0.1716278938740439,-0.11830808534547287,0.18180923825856488
0.00455323797742874,0.6860358542260866,0.00015941209729371502,0.019262180697404634,-0.3727119019149467,-0.007704815480751363,-0.09655363999807484,-0.044582518017737896,0.003333402633610429,-0.012382700477274225,-0.06753535527161625,-0.019962759975527197,0.007501113690044952,0.64613430017012,-0.7493453626616178,0.006289565892378376,0.7520102648208313,0.20226162025610744,-0.017553049216105895,0.15766023782139077
0.0039369415540414145,0.0033358200368306494,-0.021696063827168564,-0.02941315874415665,-0.04788446210704468,-0.022978773375536665,0.007104436908865453,-0.07528836806122821,-0.01815165683023241,-0.013821890341160447,0.03174690730713235,-0.002450631252847158,-0.025574850271654875,0.014560435198673198,0.046276175489493164,0.03995692445260387,-0.011885955482988313,0.025354387615007367,0.0025679502334701593,0.015951613230642737
0.030813976217977317,-0.010482677972849668,-0.007990355550234151,-0.0084133744991725,0.6579449309216533,-0.012389443459368248,0.1913542699653657,0.40352328811909705,-0.010613549512809146,-0.020029295566587398,0.26460019742355956,0.004337764256453311,-0.012036375161516,0.02706688394840827,-0.16736329214802242,0.012720492564361733,-0.0014109190302323237,-0.3210898018473341,-0.00041286859873722456,-0.3184030675199447
-0.010539801343768501,-0.038168232525479434,0.051997219609550185,0.004445082477991509,0.025581882308839336,-0.012473395697054475,-0.4091299322412821,0.043314186112215124,-0.012072186083100771,-0.0037700515673397723,0.9522143267555239,-0.029413828260364726,0.027027463059642716,-0.02699052611660898,0.030218646545202572,-0.010744801266836218,-0.033914416783176936,0.815782821740672,-0.014638865346191514,-0.31242143255311466
-0.0008662794264230368,0.008352646296498208,-0.017129243317727312,-0.006662575052424197,-0.006229944847241747,0.02365637509344118,-0.026137007370573704,0.008995615585586742,-0.001621014969528902,0.03614371229765112,-0.005756276827088949,0.013267645363182316,-0.011434843122895087,-0.014495847640227733,0.012262851205163565,-0.022639194193464263,0.0011639110495066688,0.012276649183975865,-0.02174702659777287,0.17745662543789897
-1.09135548624637,0.6381250995213178,0.2434525119651903,0.44954877823410544,0.8752435535216744,0.39006551905302667,0.230923508766774,0.7113350273589312,0.018049369877265114,0.6148993370816375,-0.16894669538369936,-0.029284948570941535,0.7345120221938729,0.5071038105466525,-0.8129410556153436,-0.558204492984999,0.8741051269141927,-1.1603273246696955,-0.13829043538530522,0.7089275510905857
-0.6715064730549657,0.4262866195134726,0.04927539637087219,0.25860017980014416,0.10094044058455776,0.2168369718472899,-0.22715467277053092,0.3792889961168936,-0.016877751239916514,0.8047226709542664,0.11046935833220921,-0.0053718781561252656,-0.004228677795399662,-0.07534440378370705,-0.2539804373687563,0.012747580134884213,0.4883330908044839,-0.10732207642516739,-0.23540735447209643,0.8504577337148868
0.04203086280571675,-0.0406393085547587,-0.02918949502318922,-0.01331512125364698,-0.02096758039641842,0.025468445358732925,-0.014766422039907533,-0.017816915487690446,0.000958048003345981,-0.0199741111800937,0.009586989990611763,0.006237862937124354,-0.004711270804847982,-0.01909946539786859,0.31406753144304267,-0.0037612192650095314,-0.013044288032047437,0.014509983840069947,0.011214235409163335,-0.018741482511070218
0.13617932680384728,-0.12960109400999112,0.43831905511398517,-0.06659734203635134,-0.006431331828698677,0.021749453300744567,-0.009786742732648845,0.10863172367199965,0.0022480739018152516,0.5068775744339012,0.311903058722303,-0.00455185355332988,0.02838700964005014,-0.2599594384060386,0.3015256406871474,0.013308152807900282,-0.15696721910854386,-0.10938831705251502,-0.18637031819788216,-0.2185085192765192
0.014961893664044127,-0.040643383479579236,0.005181750256199418,0.018994983866943767,0.03467139818335864,0.009399202449982253,-0.0046815765512442115,0.003230342579101041,-0.015284065716802697,-0.011080130517263557,0.008221169487650436,0.0009894574878683265,-0.005626829911723608,-0.0577616446067751,0.7973883135716435,0.00019960649938423466,-0.03849548017428945,-0.012990261659507814,0.0114624369786964,-0.02378988992129242
-0.9526328273936686,0.5634076757269656,0.19274535261853884,0.4081695440315685,1.1519564414721672,0.32233586299918976,0.29722742220390036,0.8880996694505878,-0.005500898983315898,0.4945883643740613,-0.707321474003229,-0.005971179820458888,0.6192121167006259,-0.2577187121834468,-0.811682118536298,-0.47154715691031795,0.7572775764903387,-1.1985704000367752,-0.130263510558255,0.6410171426634407
-0.3711267482776346,0.2204387024823818,0.2190931709337137,0.8346739524286075,0.7954464277177197,0.1386876323231291,0.2088060323387769,0.22076972394624347,0.019838446213320607,0.20880514545846027,-0.39352175893228225,0.00023158495101111226,0.2600076539762595,-0.14245065524235556,-0.9426757683748126,-0.2201459246152263,0.28880922952236915,-0.6907405777612625,-0.03442312538791193,0.18509253451963215
-0.028412310835753376,-0.013809061265279816,-0.004998249629539117,0.00694073546159317,0.0233700855616074,0.03677170805661973,0.0023030546219998086,-0.006445595907977201,0.010243324889764725,0.04798503412586551,0.019297434958043595,-0.0010468745696729466,0.014272190852460575,0.0036677885873447544,0.023023388829263643,-0.0005328131873137323,0.011582179159115663,0.025920874942964793,0.020664191004732775,0.013127182585496548
-0.023955390796456123,0.05901375127615204,0.2049095022159743,-0.006168896125503023,-0.09499710725977357,-0.008747274970225366,0.07168096798690282,0.005069994598477767,0.012671284279748691,0.00386277932171368,0.10933049885712476,-0.016255431612037723,-0.0064218480662436035,0.04583311216412586,-0.05297821936388498,-0.009480569846449889,0.03080889277331348,0.058846112719847805,0.16930484364637594,-0.012568399468238262
-0.14335081383709522,0.20138973945196761,-0.5388082082510675,0.057215787578564804,0.1750067151830046,0.0032038262434782704,0.7736301887926983,-0.03433954080455063,-0.012733242614430294,0.18144264546863817,-0.7857638762204405,-0.021355542095546902,-0.005476078535106629,0.003676392017882033,-0.23053055978899215,0.0031508069360102623,0.20999925866491975,-0.11856840518055965,0.5524625950399413,0.32205410677701607
-0.9687394298141287,0.5926852155236034,0.20329540964014578,0.380390000036421,1.1792972017802104,0.33198475006290684,0.37512002370593944,0.8963276415696081,-0.004179035688567546,0.5232625575793387,-0.6971305715049643,0.011463234636050486,0.6229999347601509,-0.2938960810878753,-0.7882743194420264,-0.4696300743228997,0.7730447593825529,-1.2037630686220513,-0.15377980928543925,0.6265854596906201
0.8696084535944643,-0.5937134286445308,-0.07643348591502519,-0.3811089971529279,0.2297907548691994,0.006893454191243074,0.08133475379519117,0.3706362838185303,-0.003187173844240225,-0.004518993463742912,-0.4732216720730915,0.018034717047712888,-0.016110758636480833,-0.5484298365523292,0.7752820820185825,0.007720968529633575,-0.7197229566064264,-0.15049381235391468,0.005180717363551463,-0.6505002903903692
-0.13038848921707408,0.11477934347574764,0.2799287186861721,0.021753588621828687,0.07057017165842634,0.5143926599412155,-0.5611115236057231,0.2641214398133786,0.004781261541763927,0.1503658752559044,-0.012827319129403863,0.02506705930059256,-0.0048561500343412,-0.2882471057454224,0.240359116481237,0.005620663359611021,0.13059944918698907,0.3565966150660082,0.03361276638745005,0.4420009449902754
0.03457441311900447,-0.04551195906540276,-0.07057275033592608,-0.024514745540935683,-0.11348311925789285,0.005642960886197883,0.29185884953436547,-0.17366121275241672,-0.019693453260917843,-0.10397040380487736,0.0002592996349745631,0.012621317699428748,0.03135402358805647,0.07392428090920279,0.06408360404701245,0.11423642323888532,-0.029032716809023452,0.19940802424853474,0.12215921848607045,-0.03922187679526932
-0.009402087098387024,0.02571367494615514,-0.03528006547751182,0.022151471985536852,0.01515658897460242,-0.015186476416299714,0.7836467883556067,0.019781951628172537,0.0020044215818662897,0.03401354689956627,-0.0188344159946491,-0.009019802394424516,-0.02319648202362249,0.025588179548408224,-0.05579115279639365,-0.013200818768153804,0.00741793929607962,-0.017721322876889777,0.007235548182812162,-0.005156366660376098
0.018253043476731543,0.02942489647312427,-0.03528880002282842,0.023205037324310784,-0.05414478996031402,-0.015190431569685702,0.01880043116894552,-0.03381407205669791,0.018881998153837988,-0.031510947816361684,-0.012384799238579087,0.015137916893305882,-0.03142431566689591,0.07750464832397515,-0.012679494826586802,0.03781605280395267,-0.001603955183517673,0.032275473621851604,0.04108935442724497,-0.006616840823845196
0.028602884655265438,-0.024301074434057733,-0.023007544279090825,-0.02669216506279863,-0.036059966556631795,0.009516732509961967,-0.027675622580155296,-0.008923244088691612,0.014648754525935205,-0.010720993253411594,0.0023501878623445934,0.0001834636876299001,-0.022480559585072057,-0.005685850360778636,0.01404195634694371,0.022141250990526575,-0.03560929563213409,0.025786375037332825,0.0017371779688525445,-0.008129226608957086
-1.213883200027429,0.745924921293718,0.2699209198457196,0.46491693585623406,1.527291014638433,0.42969004847326303,1.3322702489896308,1.3575838010365362,0.004039812755400797,0.6707863500741482,-0.9540804220453152,0.013789677615211784,0.8134702987279597,-0.37519262527664166,-1.0153356032760548,-0.6078973098958169,0.9846033288006699,-1.538303568024242,-0.19202165674868535,0.7911209758304961
0.03425661679906968,-0.026334226971696843,-0.015087061758487424,0.003866680086432428,0.47129428081575164,-0.01789649882343408,0.17042103232725697,0.2816620827383771,0.005561161762608346,-0.032376216149794225,0.22174031490251864,-0.009325816274324978,-0.015963681533687567,0.018848312195596052,-0.11596577901766396,0.02502900575887739,-0.0036825063638408605,-0.22605371873397623,-0.008508261292966598,-0.25090988551280563
0.018534683509966843,0.47836339083050194,0.021856428940013516,-0.015298518164548502,-0.31799885560195684,0.00714418396646856,-0.1022355438256495,0.18500342821984983,-0.0031833560859597255,-0.002184965061764498,0.48444474728850506,-0.0006272917930157198,-0.0036919926620183887,0.5274384656010611,-0.14831348175173448,0.012014104375899348,-0.01152582197073104,0.17819679899463892,-0.007777507207627049,-0.05246001889069139
-0.02118094734306644,0.003949602094331095,0.002926920217141636,0.031163485717412898,0.03220404465253055,0.015638144293171587,0.012148601542603119,-0.015494109043052935,0.01618513452820689,0.021345014037771434,0.00609283259234358,0.02765660695224261,0.014541295441613193,-0.00849219491090289,-0.030595749974854716,-0.007492406678176628,0.024281361903357033,-0.022038123175469326,-0.012791567172484069,0.02148255697593943
-0.0012314923039445456,0.33152932988297246,0.03461490706630524,0.017161045274376494,-0.17981723797406618,-0.014019449625661456,-0.37542412113370116,0.1260603373879929,-0.015166239202350527,0.0236867919164305,0.09937834502713302,-0.02255938615010162,-0.0028812970959701456,0.2732396434910606,-0.12182052580082907,0.0036229119297531706,-0.02289322439763305,0.7457989115273881,0.0027850288279408215,0.027140233528193378
0.2015322098922763,-0.17199626660145229,-0.03946559375732951,-0.06644595332653128,0.07814577142589539,0.004886943296894762,0.0006935354377935194,0.06322773312411542,-0.006756153912988191,0.032721982296578654,-0.1177504994296168,0.016771687916782133,0.0026421617193703186,-0.18459744689096272,0.20050049546817172,0.006707924448197509,-0.17618135370953167,-0.048923358740094514,-0.0027526333083441696,-0.15789612792110644
0.38886129431913946,-0.20902458062351806,-0.29511825913319,-0.17803828861804682,-0.7893456972363653,-0.011657311920094456,-0.299203316955233,-0.8617923016758269,0.006049973944749369,-0.5153061191698753,0.16820450872409864,-0.007802224400518179,0.00875852533562038,0.46183282265047887,0.7861420118552996,0.6159559335711903,-0.22930934773497424,1.0482331428913558,0.596759136073786,-0.15282319374273456
0.4370451873016136,-0.25880981070610576,-0.2950761413861689,-0.18989067079686356,0.16010764996853744,-0.01698151415105472,0.15351291956585128,0.17566632834036697,-0.018140600801071723,-0.006543339329566723,-0.6163189151813494,0.007827335554701649,-0.01313039529842052,-0.24634373570462637,0.291522748576311,-0.009701330103750067,-0.30333188722025617,-0.08937119983056639,0.3164708115713162,-0.22919000071035206
0.0046244483989579584,-0.010889355044897815,-0.012592646234846665,0.012118728830884589,0.004480361089541503,-0.03182339790313954,0.013872426215869245,0.003664739755529493,0.007576164066622306,-0.01309911203287258,0.8076294435977664,-0.016501086546049877,0.0056285316370518965,0.015385896162549213,-0.02003259702120185,0.01877705049949368,-0.03183106981797389,-0.003995244004616103,0.010462817586589885,-0.255821330432338
0.012601571095242157,0.0540554673232547,-0.30011698509696616,-0.0012418026141077898,0.09280604737190076,-0.01534434899851721,0.16763063492627414,0.6257764837405118,-0.007818279788757205,-0.011322915609937602,-0.42691181048702154,0.00951264146895638,-0.0032111975900110043,0.00878703968760652,-0.11419920570645989,0.0008094113461640938,0.05935355304966934,-0.031771820443837945,0.3413451335832088,0.10927101628839415
0.008621682960004724,0.019763669548285245,-0.009533386234421948,0.0017129593468220336,-0.009471266731259654,0.020197093533941543,-0.003719702391336718,0.020352385643988613,0.004933837436097134,0.0006853155370807613,-0.04547254432421979,0.004349079348577326,-0.004341930701308278,0.012126695206255958,0.010358525171144497,0.007898820069863748,-0.012218919794125456,0.04024847198106396,0.011721466299889072,0.0035448921338125314
0.2358493189511833,0.2584591393354893,0.0565272147982082,-0.09106618179112103,0.6858674527093064,0.2015588554617725,0.14864044814898533,0.8729761557338714,0.0205468652611811,0.3206670632832307,-0.9787346300978818,-0.0015661279348943803,0.41009344297476963,-0.26407298849738225,-0.32968718313272144,-0.2992226258456028,0.38718471154894696,-0.7367624315626685,-0.10908191052769133,-0.14404867700200655
0.527050660373753,-0.28180810532664957,-0.40455426943847783,-0.22726172140628553,-0.6949895683596842,0.014153738427439867,-0.33054149389880466,-0.9447460338757505,0.006069085813202734,-0.6760295549751373,-0.025640831572413016,0.012893616936024354,0.011401411084829251,0.6504997180870323,0.4095700676325687,0.8104082120247962,-0.29803006088945294,1.178172915351121,0.7933345468368406,-0.17628633110331574
-0.18395195769597697,0.1382862883234699,0.3600471951678913,0.05429119546809613,0.09486278191653871,0.5838198840315252,-0.6156735154293631,0.2758971491314547,-0.001791901256342744,0.19762544730768303,0.05792139020344549,-0.00863861380861559,0.023054362829680403,-0.33223303167023405,0.23396734887243686,-0.01455124542525556,0.14317289793624943,0.34642731194358023,0.023682918087597028,0.5031484492136891
-0.14787337635697193,0.7134959724638763,0.03801972230484864,0.05943092370965858,-0.14048467802747777,0.03987932228599381,-0.0375462928493575,0.41403560892572877,-0.01343128877260247,0.08231245146879011,0.060951497746354694,-0.005928941731493155,0.09311525186201634,0.5316226026547448,-0.3741535658022821,-0.07871243339338986,0.11069690487566824,-0.0163022889529075,-0.0037777784672046928,0.14168418699912805
0.28001703634989966,-0.19742458717558095,-0.032288932014971565,-0.12641067092005315,0.0731885243384212,-0.008788209963553001,0.019663875404738972,0.13170456920837803,-0.016919105788080493,-0.011763490750874987,-0.1607559276309001,-0.013366408311047063,3.754233149769019e-05,-0.21936363930538816,0.2861427609560658,-0.00503174902355902,-0.2549134071250839,-0.030697011672674905,-0.0024108175514950727,-0.21453169341683975
0.0035364553104002827,-0.011681115523076177,0.6736162367925677,0.5526749601274831,-0.07139568933930024,0.03363480326659546,-0.06393168685190234,-0.1884753644391504,-0.05671754509845581,0.010298208706300833,0.7658758362747932,0.18038028586241214,-0.010600266949834907,0.11875058270987629,-0.4109675780661797,-0.008387162105826643,0.012396654804048895,0.07104209172322914,-0.01592608412667388,0.1757179386087023
-0.011173641724160268,-0.0070060910913883525,0.018001523396309563,0.01633180745519129,-0.018570051440600005,-0.0139054311501778,-0.35229319550362626,-0.05782860667448439,0.0039592360683650026,-0.007400368417850111,0.014977567184921284,-0.03116370557181808,-0.03101506003268112,0.011131136270250839,0.001106767404651805,0.017130532333775032,-0.004870800663467794,0.6917874263894263,-0.019509642668137813,0.5833508476290264
0.016716391682094392,0.01223152353176362,-0.03629436127350502,0.011451010146225137,-0.08085785461851973,-0.0031734146962745856,-0.1124179481026599,-0.03233458985880174,0.01237010395213959,-0.025897032330765575,-0.0136692816980319,0.018716329346488533,-0.011641333054062033,0.05990166597167092,-0.044235718090404184,0.019896653005228044,0.0019099498785162192,0.2368351980209272,0.014433065942667894,0.009553708888468713
0.7876926012252323,-0.617011004961252,-0.05998425794811549,-0.30633938732384147,0.45076033920064473,0.019354937515794507,0.09927061132326624,0.48137603089013714,0.009920255816751926,0.014779582421627876,-0.5011286496630022,0.03080107433135281,-0.019000503762521822,-0.5379829082619285,0.6594436826513862,0.011328278428066737,-0.6490211403133092,-0.23617591355469894,-0.0025976722791430096,-0.6290606756589432
0.016699911664999872,0.09875391190430086,-0.021839680121491418,0.00034021651707813883,-0.039277860325849207,-0.0043479032673047644,-0.00302014179785012,0.06047597397110209,0.021847379224844664,-0.014663388287699725,-0.06740716790711393,0.005785649157577228,0.00965513159081952,0.14203340846768436,-0.10329052813653161,0.007207334386135929,0.03290393515810455,0.03974015985612977,0.056478529541114694,0.024593244388077702
0.06203868771471974,0.07747490866722608,-0.1804335379209274,-0.008800781040532883,-0.048704564631229276,-0.02801520437934306,0.2941403008237773,-0.043222576930375955,0.012157817283379212,-0.03877421553008781,-0.602219089377357,-0.021306572678227192,-0.023017129465324727,0.09894498024887563,-0.03630535151618737,0.03784053632123823,0.10413109871118637,0.05972016010899447,0.875910573561865,0.16839711784212924
0.010954441324189032,-0.041275410345592005,-0.007379654730164097,0.003822606110650233,0.7719771417607741,-0.01450585770048784,0.0332387529882121,0.43418627880342836,-0.013214343072697208,-0.005182234257881499,-0.4040572848153745,-0.012559796230604114,0.008883379820045584,-0.015868271492977787,-0.17375139309636856,0.009158974302327545,-0.01679109739323013,-0.015573746181082305,-0.0047065454254575055,-0.1157681139288254
-0.10844254612080831,0.07599168191537507,0.1558189426640366,0.7834400350812597,1.234899788461277,0.024474648593149972,0.3130378379086472,0.4045180129528779,-0.013408108703755967,0.1288728685466491,-0.5927655215542648,0.015973223426830163,0.01164109121878654,0.005462075583867631,-0.980518626491363,0.0006191231923785481,0.07957312991575805,-0.648016500157483,-0.038837041034413364,-0.13794017394285152
0.010207689539361624,0.004118091543831897,0.11885127771687146,0.5050874120406367,0.18130825511230528,-0.008533558355326439,0.11326420045901092,-0.1545590285292644,0.0025255575348915723,-0.007132493604424053,0.004021894004252707,0.004257332858107817,-0.007120972304669621,0.031256666030346686,-0.4678213323195849,0.0024350023033655964,-0.005351227346241673,-0.07870263950885986,0.0016666230661315177,-0.041010503182482866
-0.030030365010076263,0.0038720954381665047,-0.01885944598814003,0.014502643398927626,-0.004869176528848897,-0.007513685508914459,-0.04367770057551351,-0.028310168022922272,-0.029155733871171326,0.006832617716515544,0.03411286690387647,0.015339578072473593,-0.003438719150390705,0.014403432679200637,-0.005765433179625246,0.008978119884257278,0.01744484477062731,0.017919680798000177,-0.01580896012952277,-0.01806180699123472
0.021606031454050465,0.004755535229116295,-0.010703628142596235,0.002754777538311307,-0.010135915820443951,-0.018696294233028262,-0.035472171936670245,-0.017034526931228203,0.03331639941662656,-0.027324712214790107,-0.025377522492850812,-0.02198856554221486,-0.005420789535347727,0.026956454159156346,-0.03151454774494016,-0.003606154799598405,-0.00820424458543998,0.031250245505626405,0.036088245166173136,-0.004571905936807114
-0.04139487092543688,-0.021420729647825733,0.7904996592933515,0.026429879780885054,-0.2421808189210973,0.03922081139216051,-0.07213357505374955,0.0077985738340278984,-0.027440841162466492,0.028757751975384008,0.7184967577886399,0.005872017045767758,0.002062163430812076,0.034317933721403814,0.06924275916171703,-0.01796460650317175,0.020049686068697465,0.13237104964348048,-0.0018983510659582176,-0.12583740344399255
0.014322917934708588,0.013207039289030735,-0.2083784763704393,-0.01158751409079901,0.03982588576686286,0.000920127372904601,0.07382154950775778,-0.03346963357174925,0.0020717124612462546,-0.018488766796726706,-0.28184319414616504,0.011808261884837572,0.014087740753365347,0.0057316197394007735,0.0014782878727935779,0.019353684492239218,0.03168706130807836,-0.005721546236716829,0.21472682314564873,0.09132708075071862
-0.040064199119853316,0.0267752347771332,0.007064773753833972,0.012823133978875476,0.02511154987887885,-0.01318445025583236,0.02615764341830043,0.014071094359276832,-0.0048405156929691205,0.040894837980675725,0.011020600780820528,-0.006670488862302501,0.0190921964149672,-0.003964441611315391,-0.024039292245282597,-0.019098596687015322,0.009901695258417734,-0.047706286000101246,-0.023504375528032046,0.028373108193830352
-0.005689990622552073,0.3959847153213104,0.008169659697283758,-0.015806201150246946,-0.22612894071926498,0.003094528922716226,-0.07752154446999697,0.25446612432751,-0.011175990956408716,0.015188979428641673,-0.05035237628435595,-0.00867082138580871,0.004849783016820775,0.34694085377826545,-0.4169390148899793,-0.009871127357408402,0.4459735511672976,0.10631178466247163,-0.02128708388077839,0.06171543195943102
0.029585175391995754,-0.00342618119155611,0.7984926121797936,0.016195536005001822,-0.31991751820691994,-0.0031038612833123903,0.12803729448655451,0.013718493824063807,0.021561044615795666,-0.028342802440192858,0.836830966764708,0.02938848444921347,-0.010920815774000725,0.11389412260187864,0.6118584105893987,0.0113022317251966,-0.016203362280928016,0.18492571292625581,-0.006719958571640402,-0.16708781281764706
0.054475274501270335,-0.02466849831675697,-0.012854146926127508,-0.025344324396366864,-0.07194855082541705,-0.03573159021390711,0.00808853179081182,-0.029986977348252376,0.0073287196294093745,-0.04204598638569336,0.031400603416275215,-0.008099957414670676,-0.031135579857840708,0.008400843977002267,0.009965000418662882,0.023610237311576836,-0.026744400578850774,0.04987990940789622,-0.010824218025684326,-0.016039668082216088
0.0033494903265725217,0.1462200970919303,-0.013280639926644798,-0.030723315182355115,-0.06480824490074354,0.0238166005901387,-0.043008164553305486,0.011180896275606228,-0.012364881132293936,-0.025549662933965368,-0.09120416096079534,-0.02261569051934844,0.022598633311778336,0.120789188256421,-0.18851922055841444,-0.02011366909926361,0.2108842083489442,0.010832506743499525,0.029322222577745798,0.041808100434334874
-0.21081129903306065,0.3774435874273535,-0.051111277097274,0.08944772107462176,-0.10420256088208442,-0.016177345519091064,-0.008451924780908776,0.1612726612014531,0.009098079318181258,0.2634350553545904,0.086715243668681,0.017742196318817335,-0.011319210224609674,0.24242797213184253,-0.24022801910493544,-0.0010990639776106768,0.13656766934851022,-0.041557854471310274,-0.08680267324296936,0.17292713361894937
-0.010436224398187945,-0.013186634444407305,-0.0003689982020304329,0.01438586725043407,0.039149222876613606,-0.01280043599036095,-0.0030237268813146853,0.016442047517340783,-0.014518219797515256,0.006675353450752218,-0.030353580735281667,-0.01855457549765604,0.011786992958037982,-0.015292670531498527,-0.017585674542291388,-0.009040263660624421,0.007303241346261232,-0.014472211975792034,0.029858508572880433,0.024380159044698323
0.09012750950689562,0.25924796977235776,-0.09460619854869654,0.2120635120098949,-0.22849755877752462,0.012810977201442812,-0.15752140508090653,0.19900827573101443,0.5118097718793854,-0.07501418808816109,-0.2217629863044985,0.02862030365946619,-0.012156488745217344,0.3891139772143433,-0.4401789644616552,0.08616064883117784,-0.08417458343302457,0.23070983646481308,0.08398361815220015,0.08445719304616078
-0.036328542437201405,-0.03782747249530717,-0.05269469714473472,-0.013156266786113292,0.007891284675177659,0.04246100839971729,-0.028038802456818144,-0.021859013743024642,-0.052173652552195304,-0.0012720769515597898,0.13193625271260764,0.1682391799182006,0.05002132946918346,0.04215763694266979,0.030282683417867703,-0.013437562731507388,0.02691646184980858,0.014729790991003562,-0.015781518224606106,0.003766541936217182
-1.2280992804556192,1.5642597498146233,0.2664560086270581,0.4921112984125523,1.0933157667441147,0.44927528467691225,0.2605294623406288,1.5306345548169413,0.0012463312995120539,0.6740278499799619,-0.6729019337070836,0.019072724507076543,0.8236834855530405,0.3467930850027725,-1.331744933831469,-0.6079504353273205,0.966190536380641,-1.3288180368520126,-0.15293885582557015,0.9079936936504734
0.8290597751460773,-0.5917252170201419,-0.08424799223897947,-0.354616727081904,1.0377403102244889,0.041480254212458545,0.23583177072482478,1.382510815369974,-0.020394999188783375,-0.012063580961082652,-0.8586703110970508,0.10050290717978001,0.005919372348423136,-0.5195331352815513,0.57954252879266,0.010580475907216351,-0.679202688106847,-0.47503441919046907,0.0032602723357640934,-0.7933010245986996
0.05116831102635972,0.3940502102055929,-0.10888967405628583,0.23817186004077706,-0.27717173144178764,-0.005444840087758165,-0.18029666253242382,0.22765225372918013,0.635168858919227,-0.08937765200727679,-0.27141599005637873,-0.005767269715056996,-0.0009932075493660035,0.5444506812664119,-0.5996524743213179,0.14647431771335803,-0.03759793720030625,0.2790831203455642,0.12071245590535294,1.0575613251010727
0.3570297140622219,-0.32968062890919536,-0.6038200705210169,-0.22130823555924914,-0.8255684019362597,0.21114060006528626,-0.5528584723635447,-0.9443828097798764,-0.19402912641426318,-0.44624045365949894,1.3329060008580547,0.8708548206017356,0.025122577115887237,0.6718428143521777,0.5502088281975698,0.6011802021091579,-0.1869872433873157,1.180893997841359,0.5917575861611254,-0.4473604841872482
0.017668655927624562,0.0004644512809576593,-0.0038101686133500184,-0.012830089507808198,0.5420731802778981,-0.031911021153436296,0.1272861353581641,0.3173785852597452,0.016115881951666886,-0.02740623120231819,-0.3570244852441915,-0.016639965558114735,-0.02339599710686916,-0.013453091817518404,-0.16222637752681604,0.032809468431153434,-0.007565910066922455,-0.2596789354947671,0.004872422494285388,-0.08774224448886633
-0.01286618270175317,-0.005257001784132798,0.012623692229717211,0.0031349627693037577,-0.023538952225901487,0.031234367815677656,0.24757499706080746,-0.01911954970342024,-0.033800868873356815,0.006602237672886583,0.06512281775359428,-0.013443785592519405,0.012625915408610432,0.0006026602266037094,0.051914301992952355,0.0027661892959036094,-0.00789587562712243,0.03141372470324526,-0.015523251856092352,-0.029715628850419954
-0.004124058402273503,0.012225829696935132,0.02870657631764286,-0.013217426114174874,-0.11568615169903483,0.0027119721635707242,0.36926979885371114,-0.047727375532771885,-0.007943752752279017,0.025887169501488737,0.2213723317778465,-0.015678986566878807,0.005023897105634261,0.29498280314437947,0.01425042441070854,-0.037316659373992304,0.01080212318113571,0.014059871480526707,-0.005987143606987969,0.8641207018267523
-0.14952455692604613,0.07207940723356944,0.012660746105407223,0.0316914188657013,0.18694777545338684,0.0551008023196877,0.28973974414012615,0.13871495357942526,0.012524770029012063,0.06088494747909047,-0.10960191761622962,0.02170801426193046,0.0989679035883068,-0.059380024454418305,-0.131518776963042,-0.05282021566593915,0.12345991597578683,0.11976258028057132,0.0025271553635259976,0.09018378027017192
-0.024248657534956752,-0.0139343688518535,0.007321193836507155,0.016265186012207125,-0.008867872450865753,0.002190832291500003,-0.015033343733722188,-0.02373131602961496,0.017401316483386352,-0.011338337213970703,0.024277217157625576,-0.004002964156206565,0.004061890976390651,-0.007155801320802737,0.015219133274528522,-0.013769744764340331,-0.020640838092449248,-0.02822659411314976,-0.01821083354952889,0.01435273252585724
0.009343424449550178,-0.011883398994906239,-0.04299816286995602,-0.00590378458692234,0.009857357913107663,0.0057486121251065754,-0.015543614560179877,0.0168315212459801,-0.006006411424797833,0.008403905045833701,0.1275273171694351,-0.0017388001859252773,-0.013815961823003549,0.003959658776244002,0.0384405053768862,-0.011603779168834285,0.009504459917782862,0.05690748921952224,-0.0024922370022525103,-0.040171749662031395
-0.009581555447734626,-0.011722616295726086,0.04825025159524427,0.31306895022011455,1.0399062733871094,-0.0020825590096743727,0.2837652275419263,0.4950246025126112,0.010714079597014139,0.021866769512124774,-0.5568780390306434,-0.007771382938483659,-0.004032527508799422,-0.004897307845550624,-0.5051958377774358,-0.018055065730241644,-0.009075368988971435,-0.5165891414515711,0.0023542633301504258,-0.18574763311192044
-0.8721122495199067,0.46713832462449667,0.2009964290968379,0.36956358572768266,1.1144424546018072,0.3041041175918409,0.28593025024515145,0.8116663779549087,-0.02538768127981133,0.4591559801805387,-0.6644444720911598,-0.007115301155997104,0.5807600936032505,-0.3028928457331417,-0.7184851802039791,-0.44026032388262093,0.6713821529658428,-1.128104982340744,-0.11989666644235576,0.5878304521634911
-1.4540980612980983,0.8320046842740635,0.27063845528004,0.5802011982793489,1.7356436280631988,0.4864699652844484,0.4721091621106324,1.2779961752837665,0.007763573018059089,0.78748251510993,-1.0252743510851385,-0.0013751346309875756,0.9876404731552252,-0.263925995974165,-1.191138593844338,-0.736337239397107,1.1353590484298888,-1.8314554964396361,-0.17547383556265178,0.9766271628137877
-1.1967729918993173,0.6819303495595151,0.2576870481169874,0.4707613125370951,1.526536481134097,0.41097964458921143,0.41125824388826493,1.1533601266145994,-0.020457972923735263,0.6443315730945347,-0.9158108556820679,-0.0048130933206025,0.7716412196604431,-0.3880217176502707,-0.9716455177426091,-0.6066798155871751,0.9379981433382297,-1.5531571042808767,-0.17780218007127657,0.7791814363965609
0.014392148423086327,-0.0015618948499824866,0.001321858155581935,0.01657086400152585,0.012399689028613487,-0.0065439113911394,-0.26566919395539956,0.04273634805508245,-0.002092948008660186,0.016351303343761524,0.7826021351494222,0.006179217927980577,-0.010491381654635248,-0.020806664993759494,0.03223290620516386,-0.002564185161873383,-0.008833736595890531,0.5024842365246392,-0.011621345206492132,-0.2631744554654209
0.026485015947660007,0.282552632529877,-0.04659154479267087,0.16502628375143757,-0.7810111066350623,-0.003272551594998405,-0.46878773834169646,-0.19991204618805236,0.42506115553029933,-0.05378495220495984,0.640531018451615,0.008180727155873629,0.004917273130254249,1.323462783171087,-0.24815848910874888,0.08325783910212156,-0.02984529401826202,0.8495783169400302,0.046034728776320116,0.05362602506509579
-0.08561169185193507,0.04112129459879937,-0.2840125878920509,-0.05761106014495642,-0.06582604459455897,0.19508404760213835,-0.22189371978213226,0.021975768383593424,-0.18653860850728662,0.09439841458728415,0.6392704147084258,0.7657122532311045,0.003398806170059769,0.19304655019573383,0.35275515625062476,-0.06393091745309049,0.059088729551372544,0.08922483223057981,-0.036905939043156054,-0.11720745212340453
-1.618596463389058,0.9873074916300273,1.7729464980604517,0.6387604475858918,1.5143590870497887,1.4236881100375456,-0.663814131492101,1.7403497249479398,0.008741885804762779,0.9979954885441034,-0.1308656102602073,-0.02065579374120781,0.9400810611016622,-0.8943242089854551,-0.6407150600869842,-0.6913147455314105,1.3054552171578309,-0.9761730416191966,-0.07859887977014517,0.904515203711689
-0.144999009946863,0.18646548285747436,-0.5298351388100139,0.03604163069470178,-1.0036733655806214,0.014524036952749682,-0.39036145077089107,-1.4176499504590128,-0.017923026606215857,0.1906683624810437,0.24530188251174276,-0.01259682017900133,0.0014935451721716743,0.760799482975194,0.031132361952448798,0.8970562196462987,0.23229582962953294,1.1570230859100528,0.5110680402743386,0.6946466607743451
-0.7526987350570643,0.44232564345298103,0.14422348240909158,0.31079937534548513,0.945032679193772,0.24670737608038132,0.2633931183709441,1.1708837763403945,-0.002006851536917126,0.39570573806917053,-0.6083926878963016,-0.018511955600227427,0.503719134433826,-0.25113285941900876,-0.6163538669421755,-0.395875251890918,0.5830464642757804,-0.9868493829332593,-0.10606096214043674,0.46686994601476856
-0.0738358659865424,0.06085813857131336,0.16594839220086965,0.0013126612153852696,-0.013924016382989308,0.289526746672673,-0.36680386652694347,0.12286876017680357,-0.03394761386762049,0.0879861663778452,0.08220579499047735,0.015783672687565045,-0.009866939747342006,-0.1507430267970229,0.16816739263074246,0.00036383511595218597,0.06457048637320902,0.2467019859320614,0.01394985222668702,0.051837963065150545
-0.6062742820467663,0.8991631835825222,-0.05372247028554369,0.25909656838569867,-0.23847438854663405,0.03330289888419096,-0.061682209106172954,0.03503088224381419,-0.011205176660575942,0.7463775255051776,0.7436139464838719,-0.0073760746792652454,-0.005964567025656644,1.3827411355343127,-0.5598658742555956,-0.012132785008351693,0.4617944746168387,-0.06598482391973988,-0.2885627864940884,0.3947226225081107
0.028878328846328787,0.21468596449732005,-0.03331412175564803,0.1466220984685058,-0.5138957052472495,0.006985051083601445,-0.164783467761391,-0.0869213956116118,0.3370458409095603,-0.043562704658370144,0.35434939063627074,0.0025304044275696862,0.006509599890908829,0.9033227454908749,-0.24570134077939623,0.059531984250814435,-0.008538534337897669,0.34494681742954775,0.060932514283617255,0.008599251319871028
-0.0033828320255508944,0.008947504914959119,0.2077234960093574,0.7686713008353075,0.2979738153636572,0.010543906319321806,0.05700813310448961,-0.18284930385745898,-0.006585290536162846,0.02805900183505724,-0.015326052615107437,-0.0039056343171434836,0.019923644847821272,0.03483489050035933,-0.665943212239318,0.011610187145795543,0.012892593067627902,-0.13412250277051724,0.005938650757926996,-0.08924737637900745
0.001925204591445442,-0.03329398245888883,-0.01449459577915915,-0.04183014332610189,0.23416341934629883,-0.006795434102806359,0.052218537430969214,0.11659798315296252,-0.034187588945103924,-0.0010128433152703986,-0.12802068760837712,0.0017882662292257562,-0.021339122114286513,-0.035075415819631806,0.006014313356247351,0.008212737724250067,-0.014637188651779669,-0.1170724486445517,0.006223102675517844,-0.03733471492659282
0.002525528193361711,0.10248009322981164,-0.44782274938829864,0.025695168749652712,0.12093292314208696,-0.01484672376576936,0.20003931466489916,-0.013750666249538142,-0.009299610583369994,0.015594524123876498,-0.6946461229854528,0.0010425861714773769,-0.005914038404434982,0.05306610921072057,-0.16150388890481135,-0.0033391408683988827,0.09805300620573777,-0.05915333901828746,0.5206179698284567,0.20340061921957195
0.0030210164979158015,-0.007912411805680263,0.004170043835614539,0.00396061170470614,-0.635617238061259,-0.02054154790481688,-0.16780414067003346,-0.40446979291776336,0.014329138463134243,0.00441756148470128,0.8023581466373885,-0.017268570916950252,-0.026763372106955414,1.01240351425198,0.11919479106768717,0.011668392416546946,0.00878840534677396,0.3153992748538123,-0.018337952351973195,-0.03723115672062007
-0.0018667873780510366,0.017455290269199376,-0.0019476862046536323,0.0055055880136746695,-0.020410967322038058,-0.021940388549289626,0.032155803524955645,-0.04711470797643585,0.001727855008673387,0.0010914711044334646,0.0074191482830484705,-0.029044358589256632,0.0074786399656363405,0.018090634566614493,0.8373120724558379,0.00768886919541572,-0.0027089319187642742,0.012694861270749768,0.016662309154539756,0.010047578616260676
-0.3416115574348332,0.7400793527508444,0.07824510518263945,0.14375912033109645,0.16292060219074048,0.12166571259227368,0.004458010987681791,0.32255676425234076,-0.008508552056505822,0.17978236422626967,-0.36788715662167926,-0.0016399126505968334,0.24203952411034513,0.34622544261506755,-0.8697171665547644,-0.17112297688663694,0.8860610019625289,-0.32036369953126403,-0.0642765007934915,0.36097335792397317
-0.043019313134283026,-0.096165169093128,0.6215711426638376,-0.07291604261432959,-0.26866105594439754,0.14788364242718074,-0.6612917820384813,-0.017681467994070305,-0.11054851247128904,0.07549371742469976,1.2072279785059867,0.5187789763601572,0.021315767272320953,0.12062922163838977,0.2056705085158397,-0.04354413332270257,0.02702543899187214,1.04985150171905,0.01615195859077633,0.3954354432476251
-0.035932731743248306,0.0067321744919531645,-0.009017479743100625,0.0015117886824284948,0.010355740697550514,-0.0027669984684188693,-0.022864717405624655,-0.020122374371268584,0.007893551679129415,0.03343318545733921,-0.037426427736418584,-0.018740127160117814,-0.0075090456805489945,-0.022589986947973595,-0.0319696989980675,-0.01182790981845966,0.014468866993277239,0.09553219414404918,-0.005572866483981554,0.017814253256103335
0.008075990623655344,0.3458725460955,-0.016261350884442985,0.017111183804986364,-0.4140112749228704,0.008779095427816852,-0.1140967446848191,-0.1500548524142858,0.0066488164643503465,0.012862419073077658,0.2880082369408586,0.013923262314071986,0.008459930304830852,0.7000460018161447,-0.34685021242151387,0.002690089645527277,0.38541355839966585,0.21944997808078795,-0.0007190812749820406,0.03713383328484837
0.0006116020289151109,0.16774428112119819,0.18716136534682537,0.7923461477238528,0.19212191180745838,0.08202304726429513,-0.0846222509053217,-0.036350963318665795,0.19687766424438186,0.018196315673417753,-0.12901590114065864,0.014948676815885867,-0.008544817734238324,0.13422651835487745,-0.8053598527166036,0.012761296041644346,0.021489116026684196,-0.00018501708871398233,0.02497242629430234,-0.03198451883429128
-0.20222137637049126,0.15768217202028104,0.4695456063334686,0.07776038582771173,0.4379224252089593,0.8424551975591605,-0.806485848638129,0.5952677503978795,-0.02294206483450007,0.2581748282069922,-0.1454830979474964,0.01350374876198094,-0.006823685482197424,-0.4782784442844375,0.2595476866411618,0.020440972407275243,0.153711706605894,0.3575593837989267,0.0699507692612024,0.09483413699141319
0.003063582397462057,-0.04647131521323472,-0.052995080417818106,-0.024648164783580673,-0.5084196456129516,0.03228801557356581,-0.1357162488784002,-0.340064706505084,-0.05409557863580397,0.016435225709819083,0.8183164617815734,0.11560446084580861,-0.011936411258304932,0.88701561228264,0.1886333032623552,-0.018678950866150464,0.0009003342535104097,0.21701877969354,-0.030231107995996626,-0.08717328019378982
0.010955688963180735,0.024742284140655747,-0.021034658035973965,-0.0056661644977518515,0.2294276170371788,-0.012901639457141352,0.0404215495971612,0.15870962595811777,-0.01473000641268954,0.002820288434425191,-0.1098608354884081,0.01597150579847136,-0.005847960565529715,0.007041022694243662,-0.07782553454547027,-0.014310788283239045,0.010045087840958129,-0.1125819899012515,0.022187182602309105,0.8369859974816637
0.4640067569386044,-0.11166993801885165,-0.04403274363356369,-0.18748939776768914,-1.419497552915153,-0.012170014374109302,-0.5063872970520044,-1.3798959283554113,0.001430879563601082,-0.5414061008625932,0.6920637134519524,-0.0017075806227193147,-0.010233810206174624,0.8917878774157247,0.44858537822285904,0.9498991103671846,-0.24270310463477635,1.637840138583634,0.7942162182478368,0.6308381003283813
0.9348011260428808,-0.6799967864270464,-0.04395655790502424,-0.37560793816196564,0.24596785216553288,-0.009319607854792689,-0.0175777408895848,0.37439446975240753,-0.03669896943351918,0.021110004058404786,-0.4577239594791411,-0.014584683495606102,0.0020211275194836863,-0.6460657213704905,0.8918355521602241,-0.009483511412996791,-0.739930492648185,0.01650790590935627,-0.033313831735971335,-0.7153648367781821
-0.5018173394842407,0.6012605702658446,0.12421254276851088,1.1153280457619084,0.3212323626685519,-0.0002602811684380025,0.08299271808692782,-0.21114698619148745,-0.012717817734964724,0.6380838736838009,0.1349096136563921,0.012554330348382513,-0.009696364826259294,0.31163125875236014,-1.2579605535752987,0.01128923466969651,0.35984376747875835,-0.3762078616042957,-0.24744271793856384,1.071519671339432
-0.022487123166037015,0.010666572462859989,0.01658014933825216,0.0007991822817228445,-0.2849081501770483,0.004712557482186979,-0.0639051299404541,0.2093285427671669,-0.009140314762775222,0.026780107744473737,0.4381079897932953,0.007720371977629837,-0.0052318838680808916,0.4716202810800227,0.07237750505952929,-0.028941007592609105,0.009148094704002853,0.0923246001640468,-0.046780568372319684,0.0034583558653693454
0.0035126657031235315,0.0999765897614055,-0.5916704152091877,-0.02712625247046612,0.1592089179747398,0.03297112411155341,0.22171081802053288,-0.01063476840649798,0.007201357118749871,-0.008853745925793258,-0.8902721948726744,0.020678868400303817,-0.02637987882928805,0.01162147460298003,-0.12781869953884417,0.0023149336060263037,0.11456205457551676,-0.023788424446085293,0.7215877730267944,0.29556974390359864
-0.11675247119713902,0.11757087666987415,0.2629275783874721,0.0363691335274884,0.05777054431305066,0.46985605757284826,-0.4935452638183963,0.23538883139618946,-0.010531001940214928,0.1483059704098312,0.00776376030792899,0.00012810776874539994,0.025018880835774172,-0.28296092848646975,0.18235345365559494,-0.005062138923889329,0.10579303517475903,0.2603014077134569,0.0422875318090587,0.07959021171117266
0.06582455284943631,0.739146469142381,-0.015636894892231468,0.15933086220883552,-0.4519102053869372,0.01868742707950868,-0.20384606015800633,0.3626217141536511,0.3702246167355403,-0.07192341258788898,0.0074397745495758585,-0.01017418246733759,0.006266151347649108,0.758554884980868,-0.23381236812735348,0.07781220701612392,-0.036849921678090376,0.3290265646506396,0.061374596435138346,0.09475797853817325
-1.2733978337016911,0.7475599023593157,0.2637422714949547,0.5244464067440822,2.2657846574250398,0.4584998248129068,0.5882163893590084,1.6317746190910078,0.042614440501714305,0.6826107195724295,-1.3766395766388606,-0.011879020404262341,0.8566421251288546,-0.3998013999066473,-1.1875055476773473,-0.6325455458283714,0.9909475576090716,-1.951017354597694,-0.15530583635111944,0.7518855227906783
-0.08793491529226866,-0.05802456677954603,-0.24301733551178814,-0.024856306309906928,-0.013479741104143177,0.16899435778622576,-0.17208799793034607,-0.043336528528668636,-0.1619940057534261,0.08069811491991878,0.6388775526916944,0.7507414187265253,-0.022668688361989923,0.141351919028818,0.15540036556245998,-0.04842168867088051,0.06045476904427179,0.11247159903862494,-0.01731039504237708,-0.1432856816518096
-1.2741152625548806,0.939979329730967,0.48655324573668507,1.479855490920287,1.8847471468267807,0.44399240935349643,0.4986998139383096,0.9310913884019059,-0.010036509341549768,0.6708968061167062,-1.1193499069958153,0.001862912979116822,0.8647854619664413,-0.2218954988143496,-1.9347781988583463,-0.6528847299295057,1.260366061178299,-1.7698118887141991,-0.15985235118713287,0.8159171559366204
0.045271809250742964,0.267438680155679,-0.059589051040669735,0.4720051032961876,-0.09290042476871371,0.06679064778609287,-0.13696322131364497,0.09879287454656648,0.4609470347584088,-0.056935048219985615,-0.10927184182462374,0.1649502673816575,0.029190104100610396,0.4367437279760286,-0.7072798205694119,0.09515656086961306,-0.03191465636105887,0.1591671530214026,0.10683551073758792,0.026450614089128372
0.032874678199871055,-0.007134855041827713,-0.0389685695789219,-0.004054739556896208,-0.04724933386423337,-0.012958596202872645,-0.21312213126187599,-0.03901420923862231,0.01399691944790624,-0.04554030557085904,0.26621083444774735,-0.0012639703666890668,-0.004594121645398764,0.028854478183992307,0.5716414294731115,0.028686802417709746,-0.022259928289600307,0.39959990675897694,0.03636665748149934,-0.11806059035452249
0.026601762025715445,-0.036608009929951,0.026558498195602354,-0.001502225603234513,0.14393761745918515,0.0640943100379577,0.6140580761014257,0.09327071076477256,-0.002161444434682235,0.006901829959561581,-0.0891297285554992,0.017914520573844683,0.011072998264488338,-0.0709193838064894,0.04817351414953627,0.023830486796500745,-0.030785985035905374,0.0034976058217480854,0.003988147574483229,-0.06928295664479023
-0.4137996665873148,0.27522929140940566,-0.08193057332723493,0.14763515489907586,-0.06871619591207545,0.035933401182739265,-0.03187711232478087,-0.11900993229175098,-0.013760832955359811,0.4942318919534987,0.2556049297935751,0.09120001822428793,0.012761275724968612,0.24219615169348355,-0.19758900045867422,-0.006897098198839308,0.2870635825932543,-0.12687179289665765,-0.18002945944840085,0.2901510555978921
0.013467796881426354,0.7367269019837223,0.01133095240437549,-0.006319307436300655,-0.4073817806307743,-0.002851258687661497,-0.09984905144744402,-0.03804040320862092,0.01999679027405274,-0.014435594009692802,-0.11722504248601184,-0.00975638057964413,0.014477730313214036,0.6682387887174333,-0.8363273155856944,0.027736709135541705,0.8343418024511281,0.19569843485506902,0.010262206115376335,0.15237521432089218
0.016096899948040953,-0.003036700237503743,-0.03814999816836125,0.0022379498893009054,0.00799447652471475,-0.0010662998016979074,0.030266961914228376,-0.010092522449164941,0.01934705713308654,-0.025379839801296884,-0.04225376999331043,-0.007309970128840899,0.015465609097592406,0.024459584027889468,-0.011683333561412058,0.0097190756231521,-0.01675655341471456,0.018102822212169016,0.028975331430751726,0.008898289999444422
-0.9204849521580405,0.5329139636986532,0.18904595953993084,0.38886912036772253,1.2256440966099673,0.33303762222052846,0.320779717737459,0.9314579591415811,0.0059003523980897254,0.48131604622723234,-0.7644542116535037,-0.006991485551778551,0.6423710910419944,-0.3078121058511874,-0.7783025318468683,-0.4854830566580041,0.731229412929251,-1.2090237572686011,-0.09501065605294275,0.6226432974648577
0.004313378991254873,0.04338874580606106,-0.15713940794510198,0.007500091827038894,-0.02938377265435935,0.011160424926569656,0.3746804810935362,-0.04753130580982981,0.00015916986892384674,-0.008644057606087593,-0.22872920324243545,-0.002180829488143538,-0.018036583918557086,0.060801899216419236,-0.03105002253535287,0.04031943322994632,0.05977383955459458,0.052767804823078863,0.24473805738206714,0.08429454045605059
-0.01518453147957214,0.013622523226685434,0.013844473268655575,-0.009104786520709342,0.05136200905193224,0.01587947598713922,-0.00872786137881644,0.015028962164655015,-0.0037280026443384465,0.0064683737250816435,0.009579800898909691,-0.0034591173205676907,0.022444419180653513,-0.0023627594102280545,-0.012768466803629445,-0.011685012276443729,0.00541318222793228,-0.0400907480852991,0.004476488438087605,-0.04536172529056131
0.06567231537033563,0.43407682405372355,-0.055654566590425954,0.15117295680735046,-0.3034723672274796,0.00018090309676171631,0.6482320102862636,0.9087510659863233,0.3927672713091275,-0.06172442374614249,-0.0814301223283278,0.007314163222317855,0.013575800834463152,0.5420671462389538,-0.42286615190975724,0.09505279940952757,-0.04341438591365975,0.23871789757992293,0.03923737199796308,0.06484058942691233
-0.7624860869100015,1.1478243803674637,-0.46878886849541906,0.4781945612557304,0.5273939786793272,0.4261301975416769,-0.2709279295247468,0.4886147382207584,0.3416258459342164,0.13731529644734985,-1.5652172750813091,0.038895870499307886,0.798643831263222,0.7226045185092901,-1.4975311934753308,0.031188842106823145,1.0921000257338918,0.4528188318650571,0.8805213033292696,0.970322143600939
0.32572854992991834,-0.1724456354153,-0.049721801400811824,-0.06403874836029258,-0.003525657092869113,0.0030002889698804453,-0.014450005808922216,0.15522352730329178,0.10955621191236446,-0.02370334107411515,-0.18031387638362353,0.018452471682295263,-0.010344773952326995,-0.10599604308959436,0.1684569233173231,0.022332426400039084,-0.2560415914268341,0.0024161546413303224,0.004743718631585814,-0.23559335927643948
0.0043556966072568135,0.02396530384631759,0.009366636696719787,0.0030899479163997478,-0.0546504956189469,-0.014543146028216318,-0.025751606265364085,-0.02057500762558658,0.022828643590754,-0.0175061800797406,0.05175368439078218,-0.008214713903423028,-0.011614879957516474,0.061028730002885424,-0.037818649141692466,0.03491002561188896,0.0014073623355599328,0.03582749731133648,0.031120458246766132,-0.015973989258897325
0.027000207656293858,-0.017833627413763035,-0.0032261886443689346,-0.02957414058710827,0.06099529568234763,-0.01849396086477285,0.008719502023665417,0.03787381526893619,0.008703696685634081,-0.017286030688105664,0.34773824047999574,-0.022187860895494266,-0.023004777002739167,0.8562544936886769,-0.010386382263890156,0.002909475749895308,-0.03710087996043279,-0.014722880854235421,0.005889473462148172,-0.182564135601234
-0.02432528963322049,0.021685685825574265,-0.0006896303453250313,0.01715557147627392,0.023443044655523725,0.024427765201313147,-0.04257719662989803,0.046731781080109815,0.01291064018902562,0.029498883969668693,0.4044264283883877,-0.008723090697007229,0.012289028552580092,-0.030828043755175328,0.0015452033644884457,-0.017896115628054723,0.013316235237591217,0.003184267425136925,-0.006092979371502017,-0.12517376242900805
-0.06666228611849143,0.5504064829024315,0.2927735724506143,0.3357024574586176,-0.24342396254534052,0.7145209764247623,-0.9154357259801817,0.5268914838208734,0.6306696668067103,0.09724497565984407,-0.25131337986317104,0.00991510840415674,-0.0030388672718716365,0.181210876135903,-0.314494964806734,0.13669615832355664,0.1014285370500499,0.786795498619014,0.19308732740577322,0.22504488341413392
-0.11335230820977925,0.097521421219564,0.23077168781385413,0.03935454491034118,0.0647561777799208,0.4057673735269396,-0.4826816592215146,0.7940979489377984,0.01923993550816003,0.14373953456755115,-0.015118604757522743,-0.0017366173822003909,0.011565613297281615,-0.24257966497647854,0.1852795500584269,0.0019977152238804165,0.08618431761174002,0.2681849464587031,0.02172116085077097,0.0752038053658896
-0.05244993314978236,0.8713938721509511,-0.1480517766021292,-0.008722301420271826,-1.0013342496993756,0.11921656464986985,-0.35767721680290043,0.07185306572160649,-0.07231522762641243,0.04295244839547725,1.2719599745543806,0.4389854755036916,-0.020180502289116956,1.6712510984238789,-0.13123850799307346,-0.026800170590821456,0.02602714671730031,0.5653350537704066,-0.022592617978408634,-0.014692586129442742
0.041270830850703606,0.6650592554701186,-0.012376019996946621,0.00406946704744347,-0.9587671485639727,-0.0007781639399386136,-0.23266951481999842,-0.44423575388020015,0.01682952810923703,-0.04279988673732304,0.6311218967682095,0.01608767974991453,0.003284075501303836,1.5069837782438935,-0.6169323796135336,0.014732785883309004,0.7330243539754799,0.5140072429220982,0.038079999547317056,0.10879938745999324
-1.2891902102664616,0.7944997660703523,0.24811616294271716,0.5231706009367489,1.6122172479494434,0.437611442079697,0.4206995854562487,1.2715587639204107,0.018528992419469016,0.68938874469854,-1.0245373797375514,0.011376712405227573,0.8542112431948323,-0.3780009365566707,-1.0761890003989278,-0.6534075665654063,1.024017580142017,-1.6492477561209213,-0.1820825313849073,0.8563980151070858
0.04351036514678514,-0.014118343728673764,-0.030624866341198428,-0.013352930488515175,-0.04857772867486346,-0.013556027955902803,-0.04598737197639312,-0.03864227162194335,0.009503892264863431,-0.014995999449211931,0.02021838048058277,-0.020447193617325415,-0.03890452660542096,0.037010169617398565,0.004959949718800406,0.02434502852041058,-0.03897493674103108,0.04871503395636406,0.038876458594848395,-0.035447233554785955
-0.0027868675454195482,0.02551672231670409,0.00781129632182635,-0.005226678372914051,-0.028608389807435308,0.006947598617683343,-0.01755776466171529,-0.010285467661945468,-0.0014559430589992399,0.012632578128692562,0.04072714291791649,-0.005915610884213825,-0.01666318442426875,0.07126262691263957,0.004065188937087321,0.014946530594563898,0.023110808790765165,0.023811153933509195,-0.01155452355845709,0.9680485980691018
-0.4272293709394571,0.2744703050167234,0.29922533813194496,0.15755702115851072,-0.040432597666556644,0.01822081687460207,-0.005886007043386744,-0.08887216018952196,-0.007983859127555164,0.556753374284832,0.378332309771998,-0.016884580942362212,0.016587269087527442,0.07256355066858192,-0.2284393999086447,0.013417925460870294,0.3165822511529955,-0.11360869469800375,-0.22644285198815514,0.26116633397038674
-0.0234594538581093,-0.027430864586169668,-0.018457909417059794,0.010663526796774436,0.0020625785614861733,0.0052054408638450705,-0.03727150601174234,-0.021644523790010393,-0.012908813737249506,0.009314650143649805,0.02209621778198676,0.0034085352326794407,-0.0008289082385922373,0.002774566664912246,-0.030696804365484276,0.011096124331742504,-0.022732062824457933,0.0012773297204169984,0.01244340113696421,0.011959210580790192
-0.03450835565946531,0.7003375518593504,0.1085301365366814,0.9011672603285569,-0.011217453569982803,0.07394262511609019,-0.07912914686229086,0.10649137166956373,-0.04660776761869813,0.039679713259738326,-0.030766702518186962,0.23243808910662006,0.02996786742414275,0.6448532544778282,-1.5983993257526357,-0.020250650732612365,0.8249745377257679,0.048051110582050756,-0.021383456513905524,0.03566736866438369
-0.017502787951828695,-0.01707563613106198,0.011917531574148736,0.008013679289889622,0.03990247846392314,0.0046000794986251065,0.04383446556292268,-0.0056800848222843744,-0.045865964679014895,0.01887695473021011,0.030580520686423758,-0.003822488130021682,0.0016037393621426517,-0.026840224872140633,-7.311434745603876e-05,-0.02981336265798863,-0.006910121315338948,-0.04747778218763732,-0.013469374487082904,0.017374073872069958
0.040692545892556914,0.31561942150272415,-0.08676270099020938,-0.026363285758511566,0.45273568881408327,0.3093072467534593,0.032753363926956866,0.6138893860322079,0.0004832133983051954,0.09968665472640836,-0.7616525089072393,0.030345364842340093,0.6008080428555698,0.04446820963512368,-0.0635767852218185,-0.009961615964313495,0.019276324908901455,-0.31610380087843654,0.33680801100977803,0.7913217243319196
0.012792723414549519,-0.03189914159215358,0.011354285140250959,-0.023506715895174744,-0.5564120418440934,-0.010419964377637782,-0.13952320900418447,-0.3331744906771069,-0.02694748143542747,0.017020349090653662,0.7526609305647052,-0.01245000186915802,-0.016725652020537576,0.8756948066985839,0.19149070961284573,-0.02836721384704302,-0.02353205827540586,0.2643819990163004,-0.030220982637928325,-0.05571427110327533
-0.0005619711448295091,-0.005510619769619798,-0.010012394759262137,0.043393022000878634,0.018447275099522,0.0018861387347385607,-0.2522144305892428,-0.007988522569793967,0.00424126453913172,0.012179660138123287,-0.022932541731370906,0.014128121367041052,0.01511956007368433,0.0029594412785507664,-0.023347675983853042,-0.00010108776845958213,0.004988839141103221,0.4798877185968659,-0.010847022055972124,0.00015693293346570863
0.053490565674261775,0.008717039531049308,-0.009345025653658502,-0.029729144988010773,-0.04906232153879202,-0.0098052471448268,-0.020772374538626553,0.03693753712846523,0.014636210948590037,-0.0303841531408658,0.008744741931210512,0.014317376687931996,-0.009793587081081492,0.03714860202753527,0.012718601665787973,-0.006916292182048639,-0.04768232435721413,0.06210745268577757,-0.002884771219657429,0.9082435925414456
-0.007524999160339867,0.03893973432302354,0.12596491106443772,0.730349040124285,0.31149378252559057,-0.0085920875843294,0.08050111524506012,-0.13919840091511604,0.004782889472493482,0.006633529419600277,-0.07744352382039738,0.005535038546431097,0.011672497128575286,0.018155223488959364,-0.6661274335594493,-0.036776009975939175,0.012166507514992158,-0.18884758768296633,-0.032320014272127245,-0.05992789485778399
0.2877616450906838,-0.20416672610845985,-0.04051701685145245,-0.09383388119463214,0.211264120526669,0.010036705107363916,0.7681972273812309,0.23895803944848137,-0.007919407211933531,-0.003185619683216059,-0.27408828934053997,0.006870590714064066,-0.004980797309689268,-0.15659180432089928,0.19859879029372668,0.014289003154997327,-0.21476778785952924,-0.1610949693194345,0.021309843563270217,-0.22869449747208248
-0.03825465358374209,0.04321587449122478,0.0032133766294199957,0.010788600305903055,0.0006264471274860066,-0.005669375946221374,0.7940507198552504,0.0017328882152261359,-0.0023370990908940944,0.011060395811193743,-0.0048004241008098025,-0.016516041339523623,0.018129289139799158,0.022359322473669,-0.04856939449272326,-0.00014592893348455357,0.04613548686448381,-0.03483422393190333,-0.009222639818741751,0.03495824965621164
0.0030272627777342535,-0.020870435376482543,-0.00964814540390502,-0.004310493922966311,0.041948253413510564,0.007693833856844726,-0.1665061787409985,0.018992390620224463,0.023485906342487893,0.004134509495795944,-0.008267525880860247,-0.023419628985392037,0.013614695996064624,-0.028960609603660245,-0.005289858698864835,-0.00041690048539272015,-0.021028429563167975,0.28906618624799,-0.026274430251426957,-0.006958354990823571
0.015132781763508728,-0.038220866805691395,-0.00978180137497768,0.006993567473443662,-0.01419332154726088,-0.009400835097949917,0.004358704389234712,0.0009695071345211643,0.0022398128561407667,-0.004652747830011898,0.9859645891892361,0.03228109451740048,-0.006596924789367069,-0.032648106321916316,0.061393116782646,0.0005753126253514757,-0.027969311257891212,0.023970927973628202,-0.015024393057302216,-0.31567048683369164
-0.018157022991301487,-0.026618359681268577,-0.07608511099217335,-0.01421429804003441,0.01902745459052744,0.05592197315568107,-0.040737325480594735,-0.017101868236487256,-0.02458660247360315,0.03159618019726953,0.10947893967180919,0.17624482590115673,0.008166492298435035,-0.0032356535149040172,0.052445026962996716,-0.017396723917090223,0.01310133292744343,0.04682999847517777,0.008136465391109928,-0.010546827219873281
0.05439050780885831,0.003239896057652452,-0.05334668221744656,-0.03340146016304003,-0.13240260039522112,-0.0015550384461959187,-0.07342737931909814,-0.11027719033180018,0.005248035234472939,-0.06618436687956776,0.050769188072174905,0.008409424667117735,-0.006267350172347234,0.09115417444041943,0.036050852551606394,0.08849172117139441,-0.0021092318558910833,0.18895372073837413,0.06873515904599753,-0.029750973055196125
-0.5243324101234023,0.1868663113452418,-0.3741195226893952,0.1057887995551457,0.007404096377194415,0.23893765003942738,-0.2232672547369718,-0.16934000036946506,-0.21741155216744257,0.6356032214411973,1.7779090283979655,0.9355052923370561,-0.003638881952203269,0.24505118795186553,-0.04671861826084559,-0.035942216001167,0.370688701298667,-0.022949882510410777,-0.23160675331233305,-0.11968659461067314
-0.10906360753735177,-0.10563008886620151,-0.3404235354925323,-0.046668551149518185,0.33212267512525884,0.24155356276906906,-0.11968883065298203,0.18061453372712014,-0.20262007679629881,0.10792956639240035,0.5331886901362703,0.9368353151605651,0.004775061997521357,0.2113539524849159,0.07277382380132828,-0.054350925290189735,0.07306825227359737,-0.06345385073286189,-0.022833976916171762,-0.19602722673089415
0.012605882989919465,-0.013666915406272807,-0.0006780218906299856,-0.021307462862926035,-0.022095959464447867,-0.010714529766322277,0.005121915022653795,-0.040096286531491165,-0.011659734650409224,-0.013004363722216198,0.010856010853978526,-0.008096519821289706,0.00041202084748493393,-0.015242356876604708,0.041606802224836335,0.01425091587392811,-0.021730069020885895,0.03322145230616896,0.01289931483365952,-0.03848400172794133
0.004240267300919124,0.030081812679049386,-0.39064635494219174,-0.031033572105688086,0.648802818600625,-0.0388388349990225,0.27280190413643773,0.3339989501616974,0.012300726816029903,-0.018670451100802364,-0.9346115069291897,0.012286953213989028,-0.0011057205940898356,0.05057842391807395,-0.23840374983912446,0.004790770024460559,0.0574015078427613,-0.15948560446494095,0.43510476721250146,0.07898656131033016
0.3978133186125566,-0.18519905410033616,-0.2933839346860371,-0.13177556848770852,-0.2362129235865917,0.009293711348521765,-0.20299950256997862,-0.5042891252786605,0.013459704458534871,-0.4767326448617353,-0.23405476497561684,0.015573532494681599,0.002745009164306528,0.46403504756900554,0.18553916051905056,0.5826275185824749,-0.19797486595014613,0.7855407600296045,0.5734958056116253,-0.21163210284060466
0.017285501611770646,-0.01202550565886426,-0.013463550617236409,0.018785955428398962,0.6856789821965766,0.007963508179932448,0.16279310618439874,0.4559202482890826,0.010130376495468142,-0.027089763685808947,-0.4202619573292143,-0.019895148808638356,0.013759013129777634,-0.02751785847238984,-0.1506857825182643,0.0026110097911256815,0.012968833426836664,-0.3201250883809432,0.010730298513093088,0.1984766483161413
0.18969739899524585,-0.14650207382981748,0.023947985831310057,0.06213718872875978,0.07550977661153556,0.003845844301911346,0.04255682847742864,0.0014921373676062043,0.003744222257588723,-0.013756496208126285,-0.0638722232531831,0.0027021247486280586,-0.016861951508856297,-0.09133459395091947,0.033939955229084176,0.020512298426625997,-0.1253668904999838,-0.040723790573805534,0.016080832252199497,0.4018328699793716
0.017015134223251117,-0.017109192356116576,0.0057498938295064556,0.001701422057876789,-0.01134139780309045,0.002897697072020162,-0.01549761471194402,-0.045984594152791304,0.006949593726697728,0.0035658158876814023,0.04193791981146769,-0.010985909998409413,-0.012466069387297347,-0.010722847408425402,0.005401242580713702,0.004806081749959667,-0.029294388348736454,0.00563678495067383,-0.02156528474091769,-0.014541952312886911
-0.006699424195057354,0.9612069149962965,0.03142091802957117,-9.567521831229352e-05,-0.5290436944339023,0.034651220504825886,-0.16169121483699372,0.42992716078046156,-0.0014422357357558408,0.014163748792439205,0.2852109042652514,-0.0061735246125799205,0.008267677377404276,0.8291921721949033,-0.3740246819352016,-0.005717643822899045,0.020750229718588253,0.25316188064659906,0.0020160828018964527,0.08502172300467936
0.034134721181876077,-0.029760606039412604,-0.04766943313602799,-0.019746962089014677,0.001148933183123266,-0.007616123978396795,0.02873727228078298,-0.024062053323244795,-0.006396433531230387,-0.032593007003347926,-0.0537583710317681,-0.012314543347743364,0.0005677431051230616,-0.006257957326881171,0.028572117586626665,0.005064058072241961,-0.030281517581883736,0.006585179866019762,0.042072377364545964,0.0008997784165810825
0.08631842853035587,0.43465458835712867,-0.1265027688790995,0.26740210544424775,-0.3294352245108456,-0.010699061226469695,-0.2015565040293144,0.2935850069415421,0.7147395103293137,-0.13061535094830826,-0.2862484159220348,0.00839631569317794,0.009782604268379118,0.6377759019880073,-0.6424141308225605,0.12599773121999214,-0.06968942348476596,0.3063981661506779,0.12138298811963781,0.6232015433853468
-0.08782355563610633,-0.07044490406073747,0.49984637621628863,-0.025384787745145323,-0.31320965260008593,0.24640582299814284,-0.2804513654321663,0.07691294324144414,-0.21005059521594563,0.12432565048210922,1.5162561246074184,0.896192767212426,-0.011106971258667005,0.24820100891382163,0.22635888505546875,-0.033794790580659026,0.0697040993596439,0.26145529823622027,-0.0318181837147482,-0.307169834569196
0.08783286642486723,-0.07504664219141466,-0.027703805965848476,-0.0361980195452736,0.0031153111995963125,0.005261579224261539,0.601146078026337,0.027140687211511395,-0.008629292119081679,-0.000506072389072668,-0.002087970535828175,-0.015360077862213536,-0.029884571256210916,-0.04379155768225772,0.07165686036521031,0.007964234295577384,-0.06714792048324335,-0.010168974344056763,0.00490687967928848,-0.05889382850957174
0.6071864754071824,-0.2965999501682566,-0.4220176673681734,-0.22281688403920663,-1.1584696320826497,0.003206782536811889,-0.47249137323198287,-1.2816260342199703,0.03112084261563543,-0.7472365715414427,0.15205839627604956,-0.00018606750402829896,0.008220298699952446,0.7294480053631568,0.49589393669014686,0.9228523454138519,-0.33421710182722253,1.5533790395033482,0.888329000213847,-0.1382656753824185
0.5735312057420248,-0.29017340635769245,0.406318288404567,-0.22754337297998137,-1.2500591607035345,-0.005397953374747296,-0.823203464212466,-0.7737041369911603,0.007643442937891159,-0.6835368658214371,0.8927901689423954,-0.004080724437562463,-0.004060948641440095,0.7416652676856461,0.5286994124891659,0.8014801523421565,-0.3271233164237497,2.183584635283145,0.8015639767633297,-0.3541796126603784
-1.38463316736095,0.8198735005832078,0.26525365718805377,0.5313643801364022,1.7385703007410946,0.47881218169289225,0.4652088030383302,1.357964553263907,0.003970430693266201,0.736623773343234,-0.25924988014699935,0.014597946402874606,0.930074549900044,-0.4371288108575465,-1.158076777870196,-0.7102140447400083,1.1175281708487546,-1.7764451591326846,-0.17482567742970373,1.26732627939107
0.006765653372443649,0.011871475535963027,-0.00187065824197883,0.011047557919325835,0.015683057596188835,-0.005945424956381916,-0.014316831376101442,0.019344892275279774,0.011894442211497429,0.002908151225710526,-0.03107489255932401,0.008110236574889136,0.015192997496109523,-0.01569668270885775,0.7067655490072503,0.008184723608880184,-0.019252919082325834,-0.018579083044530473,0.005214932093318619,-0.02908741327332156
0.5610123758152045,-0.31732090597407686,-0.40355505625102234,-0.265878643386006,-1.1292999344035806,0.2283369402580813,-0.7530119283027386,-1.2278334110152005,-0.07521972314893442,-0.6856416274727222,0.3499597065574087,0.2494924204099264,0.0012403760789012747,0.6171278023944579,0.6527285972570384,0.8989195684636623,-0.30133016644417165,1.682866961807568,0.8901034322950154,-0.18092079946479206
0.08558163036307015,0.4925244154433247,0.09983194760059558,0.32088855397787713,-0.4733225682231641,-0.004070809861448124,-0.2669256894017678,0.30737976913705456,0.7889199725023504,-0.12908862649551228,0.3011967043889731,0.008724837166517263,-0.010635592615840598,0.7326560512318666,-0.7513023376977891,0.16211473174132762,-0.07344586620936192,0.42877700870171404,0.15767294521653372,-0.03042378931745047
0.002593069453580622,0.029119029960411248,0.0030275477692324566,-0.010252464940013903,-0.01977186173703845,0.020041853097771487,0.006030302966704069,0.44486651189679643,0.001655669402163393,-0.018434800904676547,-0.006420911078795953,-0.00727133759341555,-0.024855029051351767,0.01682321880989123,-0.017076951841617755,-0.0027147942237157564,-0.01257127106527358,0.024761934420285292,0.015268242983244569,0.02107739282354996
0.029036563028821585,-0.017369633991269735,-0.009441842281850705,-0.02597091380211001,-0.007479881990849334,-0.00988307832864765,3.3396794454781194e-05,0.00897581776558851,0.01529006493401625,-0.008500368054614179,0.014423700893724755,0.01623139068017613,0.00015076528736859742,-0.0062126340369129274,0.7633647961485188,-0.008205207937652413,-0.011820584761816562,-0.015387406623436564,-0.01674284628673212,-0.026046874689369653
-0.19633085509223502,0.0741510479463693,0.3279944645242704,0.1741456707843938,0.10869458972528395,0.7302230832656729,-0.8104593477090432,0.21547194852579027,-0.0526272283244638,0.23362137380732811,0.19217267722016168,0.22035911433893532,-0.0005164234091682308,-0.37256684681925206,0.26547122912705945,0.006832409652022879,0.15368238199809744,0.47277355818559524,0.05781161139767499,0.06853853759700057
0.013174774195718773,-0.003935358627925354,-0.03929625868821664,-0.02480995010082082,-0.014738933493368533,-0.002085976161320696,0.044056342914104665,-0.01341277848941893,-0.018784928782253827,0.0006011699982582507,0.01652942603050084,-0.006490560176550823,-0.025021201024220677,0.018907646178959153,0.01976597185926079,0.03041986783309026,-0.023920230407599927,0.008203156789778707,0.004872769728241145,-0.003812538423334075
0.05429717760769481,0.3754997337513342,0.011549532286708816,-0.03348245952478173,-0.24023046495805045,-0.0016872565525183295,-0.08231245768139145,0.009329196435595495,0.0077947715875657155,-0.00866270793233274,-0.08267613640769576,-0.0037476551363261473,-0.010302994455136282,0.34461380601308167,-0.44748106827904743,0.015721095543783675,0.4374286201344676,0.14231392461205386,0.028935549048030727,0.23610997689632338
-0.24412451117721629,0.6357520305991052,0.5908462989922326,0.09244198453546512,-0.12691010009229275,0.9779094377536071,-1.15407181672526,0.38769804167573807,0.021534310134879813,0.31022220766258257,0.01617382224587113,9.858624380866196e-06,-0.009825195474383559,-0.1896956109437852,0.7698491837406805,-0.006543735800982102,0.7090605433986945,0.7810022975532543,0.06113437259206181,0.24626744106246734
-0.012603832578866435,-0.0071963720603991435,0.002509796614127915,0.0065001436433508725,0.046644815383303145,0.00021708112365958696,0.007379471430209061,0.027212354494697548,0.013691601832170743,-0.001197474544215281,-0.046790939596362394,-0.014340503046273052,0.01753696185418647,-0.03125384803883233,-0.03366086632428965,-0.029960365889055776,0.013986540934123465,-0.046049646637786,0.018120642210786544,0.019084394935396157
0.01979915513333559,0.0922533294107118,-0.01998888261293671,-0.014871568796505655,-0.4970162296644645,0.004887351230336188,-0.12227477237026065,-0.25256780841530524,-0.0013916652418810259,-0.023490224358653833,0.6048291373382014,0.014139288113520127,-0.005478929224263988,0.7871432387162294,0.056428467153283285,0.019308508578677924,0.015798574532169308,0.25447514329186055,0.02762598782196113,-0.03073954624087059
-1.2622960279323285,0.8176811546536759,0.5833364347438051,0.46972200883553616,0.9102454743505668,1.0062016626357533,0.30401926049870637,1.8259357393258024,-0.011559018293323429,0.7654322188987925,-0.12207768523564369,0.006203779368358394,0.7398755367616202,0.20822984907280298,-0.5884311712142858,-0.5553216903159626,1.063710856036585,-0.7492248580149309,-0.10718515557525483,0.8057708035702478
-0.04082894573090906,0.0071312168226395556,-0.0007689212629253331,0.014148235617242525,0.0012648053892854484,-0.030744045608172683,0.0033873937698426313,-0.008219926482024046,0.0010137596031654338,0.005108985879782278,0.0019085070018800884,-0.013275673936818031,0.011200591847492902,-0.00553424767874226,-0.03761678767693479,-0.007308181116273715,0.0037609244728199404,-0.02528247141906547,-0.005037291558855599,0.013949690358300064
0.0680159132968172,-0.03275097835966824,-0.027233956527211507,-0.02832479172084923,0.012970985139549071,-0.02104311909265144,0.032776590832467915,0.016556509504014348,-0.0011634676064819233,-0.0561408021884878,-0.07805810120897819,-0.004606291817987892,-0.019292966273148072,-0.013170098789307253,0.1234227118066156,-0.01677157777725769,-0.05553289406254931,0.007020244731221151,0.015924787490182293,-0.03110701797738649
-0.025280532894914182,0.047923225398394075,0.02468101355163389,0.018768255843869368,-0.005777985942545569,0.012411628275324747,-0.013063164102537866,-0.02718219543411207,-0.012038284939824059,0.005339399810531314,0.011398629055446485,0.01398436335942923,0.0027827205545476754,0.016634557870597116,-0.03440986799357192,0.01003528262997186,0.03744384324674212,0.0023264956447552367,-0.0044497811072066575,0.045911231792691375
-0.6320486558009624,0.3932987254665376,-0.12195626549908886,0.23383846531945385,0.07373652543864917,0.02050484591984841,-0.03442320660088322,-0.11757385371910474,-0.05958613752563948,0.7287621609261414,0.35920152688277496,0.22839511451244288,-0.005582884403673576,0.10338755336020061,-0.3594940364253235,-0.01674900793555929,0.4511397006509229,-0.25944628660056923,-0.32898996512921497,0.3677246581563682
-0.15041247563773644,0.14234600160868147,0.3293967493591616,0.05331012172910576,0.01232222814861516,0.6122601872285427,-0.6543482489083536,0.229963573522833,0.006604959016379641,0.17935700376158062,0.039392791641732844,0.014213990647106056,-0.0072751975048551505,-0.3411372165224333,0.27177548334130464,0.005946092816192105,0.10919246838425399,0.4477034772988175,0.07467441291421731,0.08508369664718851
-0.008254622252929238,-0.015006151461190338,-0.008562207143365674,-0.01078897939385717,-0.028200341904844686,0.001479223602400286,-0.012035340064199726,-0.031463161766550465,0.0011199477542544137,-0.004304021504435017,0.03947618848971319,0.025711498498562555,0.007751900332101538,0.008423920239848033,0.003815610578638117,0.02115278111869128,0.0104916245916818,0.0033770015817009835,0.012976685444902686,0.5254654032052561
0.03201350972713936,0.8252944455773447,-0.0051562060008543895,-0.00960711764881989,-0.4358381010328287,0.0056875958306426486,-0.10365726622488504,-0.0317549240625046,-0.006660083743789643,-0.019730164380671232,-0.15607389712015116,-0.0036763243097444253,-0.012725699008639173,0.7515177391971042,-0.9333808863508143,-0.012048870223166312,0.9477088571824465,0.2112722929575406,0.02854615079145794,0.17421458622672348
-0.014147017573383592,0.01159405059775632,0.01232900759986224,0.005115058046291675,-0.1663589003938668,0.010383365923089735,-0.07099329840510435,-0.10041163062488155,0.032356864305231964,-0.01887312822785218,0.1901916912723673,-0.005664059384858677,-0.00633771166477945,0.2500976310324722,0.006041845636886204,-0.0014297210444440378,0.021498214942139035,0.08430915626352856,0.027485443733569356,0.008154321236787599
0.004680704678590059,-0.0034162554199379572,-0.0059366577551507,-0.007707701730411997,-0.5344427579149599,0.011079228421674848,-0.14904452574213126,-0.34948121344835287,9.920917313289458e-05,-0.006969417308579711,0.7299539111428837,-0.004595390952808185,-0.01254699280933166,0.8992906212039188,0.12973805612155667,0.01659766677670248,0.021296530217757428,0.2858629903138194,-0.015475988680288249,0.5186773468458696
-0.012954769087022859,-0.07121259023032742,0.23888323875978876,0.9717844661464174,0.9595858434092759,0.0031775032566597836,0.7865682446714328,0.08136941472374258,-0.012173564044077994,0.005765398293437854,-0.33973249512764353,0.00992795582495382,-0.022221716829347534,-0.03701324546916455,-0.9377535322462272,0.004048449372328584,-0.027058567043451914,-0.47183970508514345,-0.006903838182030541,-0.22797517710467025
0.03230212996230073,-0.005673309255228052,0.020202335903615046,0.005531225811218478,-0.053924407757827766,-0.00546535742625262,0.0003915629832593817,-0.05470478449597562,0.00117987855619512,0.016953382072427338,0.07026648188327049,0.00909368812420742,-0.005338489376654404,0.027739268581896143,-0.010641450976983474,-0.006832575311608085,0.027592879264214092,0.03220165973812375,-0.02082909870098897,-0.011794239396385835
-0.02906904420690575,0.01796066008370577,0.0038074040846534448,0.009136310439557252,0.016860323260080627,0.013869377728572718,-0.013219132015648496,0.037607921677338514,0.0014427330941384955,0.006585467703893351,-0.034541809751010684,-0.0026086614067865714,-0.0032722420069623906,-0.0038685799508307714,0.30666945773787513,-0.01564697564362433,0.004657955139177716,-0.020614285915030114,0.012292865152621449,0.047993725908523716
0.3744845635319131,-0.31914850782042514,-0.2202513074330639,-0.1882349504078952,0.4877484896558057,0.12009702043284375,0.046245375537729394,0.42052835144134026,-0.07940030003627067,0.04546381250515985,-0.1538621029824516,0.4165715786417403,0.04167057417603326,-0.20984271522081782,0.3669387402782742,-0.038032217962063596,-0.2986907640481983,-0.2550016086308649,0.016932028099358096,-0.4383868659592895
0.038741346140902785,0.8185459326052721,-0.01509823731527643,0.008028597012768509,-0.45970521081002075,-0.03395784808477404,0.5592233958024311,-0.10383644906683798,0.00892758038774918,-0.018801557561232266,-0.14987482052355428,-0.013959251367760286,-0.005812702705220151,0.7604632617406308,-0.9598143950864544,0.010286137337744626,0.9509507671492129,0.27018582969477095,0.04137352160742276,1.0960907449540551
-0.00930600686584918,0.01690335932687229,0.008357091484612026,0.004774940320726344,0.05532641429711749,-0.0007038010042245274,-0.003937089186922996,0.023285371024330453,0.01768607113655663,0.006310643120102388,-0.04691305058694323,-0.0007090801713568695,0.0052663202537919784,-0.019775750899767484,-0.026715484412813576,0.005813470121523819,0.015004961992042543,-0.03167466541346118,0.010855714832063768,0.00771153133635185
-0.45835517075488286,0.24185379858396158,-0.0072443335545133904,0.17587330858911618,0.5131587814572784,0.19661252655913747,0.06426036198992516,0.38525082894730567,-0.05669566696653806,0.2533426900445053,-0.13795205457613194,0.26035202991958944,0.27167880221565377,-0.0538934154610496,-0.3102453193216772,-0.2225506896493071,0.37330458573233577,-0.5273333355250805,-0.09222397157864423,0.4906622651977841
0.31268027812183175,-0.12443921773562348,-0.1722691968328064,-0.1115936060523973,-0.6203336263613911,0.006162007379391503,-0.2591089907233607,-0.661710260124142,0.028696604010586026,-0.38054656048239727,0.11308734173107801,-0.01968150251947924,-0.01277015468630616,0.3872098730896684,0.23888463519329078,0.4417376940126131,-0.15692721060793033,0.7845351138255101,0.41887714401709997,-0.10146243273403385
-0.0018330974890791094,0.025488326089201284,0.009345782094282386,-0.00011062095960821805,0.011094537369752848,0.02123918623943502,0.018558280214596684,0.027024683876825287,-0.00816335225024424,0.017678541079218492,0.007525651748933328,-0.014570429420892641,0.004334567425385617,-0.005280574782230494,0.3130438196946444,0.0076810350425043465,0.022935741381417636,0.005557642338691108,-0.02639972386412022,-0.010226431236772538
0.035494009929036736,0.4068869573691778,-0.03665908077785928,0.00997269764335912,-0.2526423214402725,0.014271319618460242,-0.064150618213045,-0.0684929386547281,-0.0035721687867522594,-0.04646865788209476,0.7546396673738919,0.0009762637445348342,0.014730676899859884,0.5283672671302995,-0.46294890174857767,0.08983934065828182,0.4909836343017961,0.1832568396508647,0.07835894412566928,-0.20561215482340078
0.07270131117646725,0.37423380625842423,-0.07958544952906207,0.2561528520409042,-0.26722735269397885,0.006877913991264787,-0.04229874041152036,0.20789178175652293,0.5848194186078082,-0.08991958507136935,-0.24536201004377317,0.009512203114447625,0.01131169241479529,0.517471194732753,-0.596079712644735,0.13940638627457289,-0.04423909823026417,0.4022947712566906,0.1017031026687647,0.09701821793614475
0.055163991474090124,-0.05023328439696921,-0.001963915851765449,-0.04532794725445645,-0.06194499353152281,-0.00025614856739526216,-0.02827203511614667,-0.0349757356886084,-0.0020155358749827075,-0.03648060897339741,0.2899689697229364,-0.011903077991848568,-0.031136580206698936,0.0021858743645698257,0.20057798279997519,0.024216369152294675,-0.06051615106273516,0.06450063803407433,0.006476675768427435,-0.11534357492098955
-0.04176359901865233,0.057679734338613,0.9110285469027378,0.03177980815814582,-0.30887158541770987,0.008980627141848217,-0.08686183047406186,0.06626228616760796,0.06406186062990028,0.04106321027895764,0.8756041079287051,-0.020148014950478542,0.014509942614004703,0.1418445185680617,0.00025585950912258273,-0.017439976844751928,0.041621625793767984,0.10615453608561877,-0.0338196353033262,-0.1483639019620993
0.020239303941708434,-0.026270843441004957,-0.037445496542056485,0.016409363208867864,-0.01743471295088007,-0.005417438405500832,0.024341460032228944,-0.06085625841749141,-0.01195736148056805,-0.027065601767567754,0.9466811253215752,0.02609012386808656,0.004513379843361696,0.010636854019161158,0.032360467357785964,0.022476250182662586,-0.036375985196812136,0.05737651260647754,0.013504329958444259,-0.3191745197507852
0.26159521466556146,-0.16030959091072064,-0.2855818964178854,-0.14004669374888662,-0.5615096883442199,0.07819519519666517,-0.29416972280551434,-0.6315872598455039,-0.05342287759696639,-0.31585445695611797,0.27430197172526166,0.2618612760384035,-0.019185504033430813,0.3814575281193827,0.3207862220225344,0.42411774666857593,-0.1522183790245064,0.7931909443767935,0.42837758079163313,-0.11172925485249649
0.05919234413827377,-0.0282247167786634,-0.00977933181839597,-0.00291126015206112,-0.12929919050826788,-0.01673907259524145,-0.02568518736040243,-0.14755975192410628,-0.020770697776678424,-0.07487159028147856,0.06164067577615933,0.0013120118712120258,0.004644679092905731,0.06606940038887973,0.025310577332059332,0.09420464010630082,-0.03292180653100479,0.16820079169314764,0.07859817453610614,-0.035228526945496996
-0.0005974158440662262,0.012110310121856708,0.7482200744673142,0.004052721067900531,-0.13363353128316227,0.003132809181867801,0.3305807621939466,0.1362858652949717,-0.013565701395898305,0.01954767575063373,0.9129165776568477,0.017428580154330423,0.019409490575219596,0.6435956118280632,0.018747368158319663,0.0014518984828461585,0.001723239233126091,0.0538718917487846,0.02273970275259634,-0.2655638494049645
0.41657372166014517,-0.21896809996644792,-0.2599140080728828,-0.21407776594969366,-0.7714503288033251,0.015057627701136538,-0.3679357272019553,-0.8672331030632016,-0.021347924772461245,-0.4993982447567941,0.1818713078690251,0.027319696203142514,0.004085767165721843,0.4429119888538176,0.4105368931495621,0.5974804387027067,-0.2230235138592189,1.033564741817813,0.5660246643189737,-0.1418608222869933
-0.23974803370830663,0.4456307115500967,-0.1408641202872573,0.2629789151265509,0.008716862813083478,0.22472094484809194,-0.13565766182981712,0.09217085576920171,0.3474529834612458,-0.1475638517127108,-0.5851275383830087,-0.009291261100642817,0.4350148046002499,0.49438694739706973,-0.31827235195156284,0.23969107947684978,0.27569945077022817,0.17665666625838902,0.45713116520791824,0.4003593199375785
0.003104343843667294,-0.024766191376273748,0.005452111051628153,0.015364247738569025,0.020191541877227583,-0.0014567934330208332,0.02517173608461153,-0.01643234264886361,0.0014972218233266056,-0.012752022666341203,0.0031959328120310785,0.021167379387282807,-0.00789037855193853,0.015061580378350774,-0.023528497473460756,0.010453910979561403,-0.007487088964021674,-0.015113970350796237,0.018501180769761955,3.313196288051712e-05
-7.872513061491469e-05,0.008076092507123829,-0.10024629469150675,-0.0005903662266146851,0.014442415936894257,-0.009570925815916195,0.015148746004470044,-0.014632345597111107,-0.015539204334147572,-0.007831875607790308,0.7172768537338107,-0.017862739060413507,-0.0051219930670449035,-0.001116596877536203,-0.01046223772124775,0.01400330898791434,0.021217758192159732,0.009609863171611317,0.10120423004109624,-0.24118511745963953
0.0291026370821462,-0.014198745177926537,0.0068662617999582605,-0.017723875068013498,-0.058978208673064116,-0.008974537094633823,0.5973338046517505,-0.02962573697457056,0.0052935282714570145,-0.02916947855950204,0.05381446651539805,-0.0038521293710427023,-0.004300377298854323,0.021111468140911506,0.0454970099927356,0.02128489066742832,-0.040505829239928,0.03831267912618562,-0.016023129242246692,-0.05213795047099962
-0.03861736528920582,0.10531433609705308,-0.45762160923200085,0.039678034272657106,0.16273280109007734,0.03553179118709696,0.24306871251271134,0.03994266502838038,-0.0065417672999666335,0.022728020671141245,-0.7566804973993057,-0.020663468863842134,0.0009511123563246959,-0.000796614924650758,-0.19922584295963075,-0.025457745413966563,0.13112058198835774,-0.13153284063783657,0.5363943681468448,0.23349983101187874
-0.17689758274020573,0.12200427545921613,-0.030096177419352742,0.09080216100645026,0.058488014894328484,0.005261098916678315,0.006920923322108554,-0.02863883235919604,-0.00998280291980847,0.20725018409584303,0.011684852177488287,-0.00604337398861507,-0.02061632125529864,0.023837094157783095,-0.14107411642155748,0.007306245807053217,0.14467583821463265,-0.06828419212744838,-0.07950962434696725,0.14811836950922208
-0.08455334667373599,-0.057543800227301,-0.14374877368712893,0.7837076267344832,0.3043056656484321,0.23092392343489634,-0.14670457948087698,-0.23814198871760692,-0.198570514803021,0.09623843531716983,0.601623157547068,0.8429894015316503,0.019148848151692665,0.20770639803093446,-0.5960356809627957,-0.04042848821938017,0.057368053161321805,-0.04419327614166778,-0.023758808308990305,-0.21484020384995145
-0.0055728966490827024,-0.010705710439884365,0.012501494658450164,-0.04118024327866619,-0.017341339727991827,0.005178387731847324,-0.012000647341712668,-0.026854035311791844,-0.016360609232695156,-0.004902436855760322,0.16202811060798145,0.018286884765202134,-0.009703360249605154,-0.018967330412637394,0.04620593453553773,-0.023777282701339098,0.0002353686737920184,-0.0031218843190032705,-0.012244854148035781,0.7206425933276099
-0.010499814085267595,0.19521832292622376,-0.004464872157429615,-0.010065539796467373,-0.12010520844056732,0.013761446768855396,-0.03453372544476106,0.10167918939087052,-0.025842887366625482,0.021368687227992948,0.09740185012915992,0.022139598837058065,-0.002621036390519138,0.18069392459112424,-0.06082561869151525,-0.012378213971784884,0.013962213384995141,0.036580763430031686,0.0014413102599226731,-0.008198505937106124
-0.00648114213078894,0.0023642019751808066,0.004457790336726831,0.02708022248235,0.015366679015701979,-0.002488173457547334,0.010600946775465532,-0.002398404476841108,-0.012873517588819453,0.01962201498623358,-0.027431199122534288,-0.012268124269038037,0.00687458663660007,-0.015552357604782609,0.0032717129036982286,-0.009892013647682309,-0.0032183943415720335,-0.017173257139811847,-0.011516031610193938,0.34111923837239577
-0.642238215372535,0.9051513556790266,-0.0791482182988425,0.2664933556754882,0.1354074239295549,-0.020030316275583042,0.02989171577158866,0.24425161540679208,-0.02338875148908998,0.8105474038791001,0.09385903231271644,0.0019091204800495902,-0.013777176576322133,0.47135411129755816,-0.6410789915343971,-0.003272250283473858,0.48983243527109693,-0.3316252219584891,-0.3188771931941224,1.120883771260463
-0.8223923784498735,0.48062832234405123,0.2724612261539502,0.8391997196821315,1.6167692893877563,0.28779452201374706,0.44843639715565026,0.8878819594282956,0.002869919342633734,0.44847627899324016,-0.9038396621979661,0.0004640505714926897,0.5461097804319808,-0.243279703887269,-1.2277024325720574,-0.4306476127099861,0.6456568171961452,-1.3332319258145495,-0.13044909874799815,0.43432248856865685
-0.7387630027580625,0.4644822833549977,-0.03449763137046613,0.28976107903026793,0.16289296232975572,0.02338990929637081,1.02496184973932,-0.08625330076513797,-0.0018301602037557156,0.8745670266179563,0.10029125930383112,0.013399324711316492,0.006118594912909623,0.05069276252274943,-0.454797290628214,-0.02279949121282715,0.5381798963592109,-0.3716416098319123,-0.34792618602029207,0.5347179816943
-0.1001146270677491,0.4967248975858653,0.2854308292410054,0.3272051706208198,-0.14593176644492475,0.7253076414569588,-1.0524353611706143,0.5632062597192808,0.6018594936078162,0.14581455735343055,-0.31101185893033945,0.004774494942987413,-0.0005488519405759638,0.07410087309801092,-0.2832268388956549,0.10326636899308436,0.12275119460095722,0.9021555318844514,0.16369166821635803,0.9948481377186581
-0.007061478213054511,0.42759357638532913,0.7534026374983581,0.0035053116261140695,-0.535460949198667,-0.03255413104168771,0.1595830991541656,0.17199351954283315,-0.018734808056983347,0.011580992698290401,1.377351242058434,0.011929362887224453,-0.013758905186910395,0.47450480284127233,-0.049661565867894886,-0.004610695892840028,-0.007447229383790966,0.2623520838480459,0.008714227341106932,-0.2466174281307112
-0.0026272982535753423,-0.017109878317553187,-0.024569606391027135,-0.000358753178172511,0.04050313571632884,-0.00011338264574989321,0.02878503511397923,0.021997688749876256,-0.005816627893717792,0.004393057706361598,-0.009213474558431833,0.0074242321838879684,0.006133794134318803,-0.03398931496102212,-0.003304959507312107,0.004188408467665406,-0.004055358250226909,-0.03903912857366811,-0.003165498106069961,-0.010196579576957842
-0.038951504781991386,-0.008900341602052437,-4.6830656416173896e-05,0.00120283405970107,0.04792538258536097,-0.002737484089170487,-0.4484684874858842,0.002630098251738172,-0.021324652218206442,0.006597055534774805,-0.00037370186435888193,0.022046896653051627,-0.010002539555141052,-0.04214021864510603,0.02289759697995455,-0.014187592637223285,-0.0034268656889871974,0.8665494645687262,-0.010336774946693942,0.00403120393298639
-0.003364293928013258,-0.01980821573540779,0.0028643217501958295,0.015831421271365356,-0.003715438896843123,0.014129895227563135,-0.0038193597759651056,-0.009127491626913859,0.0011368752449952124,-0.019438677026874292,0.6115404251595384,-0.009352048711667296,0.006901455685613949,-0.02634389800852975,-0.008164123083302947,-0.01264246429729722,0.0003520121326244152,-0.012525220650497692,0.0038953860894657705,-0.1739237199888623
0.015598423480726445,-0.020118474246587085,-0.0029251210771828184,-0.011473021871957492,0.010613948652365288,-0.019820366089320963,-0.3658146877439814,-0.024201351809462045,-0.017107236349114947,0.014146126995310909,-0.001237164480296797,0.023179795853821124,-0.005220168476404348,0.003678315176828343,0.006407789791779929,0.0127156536026206,-0.003288144400192441,0.7603387535217534,0.028094936163723362,-0.02665205253980325
0.0034024171189191623,-0.014531494831607601,-0.0019079391041115362,0.00011726195826231023,0.00930695754030253,-0.014627474896174109,0.01872255812349365,-0.021117493481561694,-0.009574567211872529,0.004624175976187239,-0.019734435015683387,0.004148004801737268,0.011841619547548652,0.005871049481400701,0.003387165948612627,0.006680834985625189,0.016062451822745318,-0.007820537956683847,-0.005674485903866944,0.007056240596802144
0.02971765357082502,-0.03421756139082432,0.02309794318063749,-0.02983434361364595,0.3720998139844643,0.009028672744769779,0.10225881546164832,0.27367196756660694,0.010731235375436418,-0.014400644563033468,-0.20876646921443034,0.011297380230144094,-0.023226615626843774,-0.046292535274929394,-0.025424483406408994,-0.002269060295546279,-0.007520264948043212,-0.1801057040104864,-0.02428381194362788,-0.082547550049209
-0.006129757578665542,0.07607650639626592,-0.013977779469779399,-0.0027100980179713104,-0.03662877035160978,-0.015134044905791826,-0.00871490583211252,0.04526082134688947,0.03395783543480699,-0.005536371274669695,0.03802149196157031,0.01044193412046921,-0.005965959518254691,0.09423419874790032,-0.03916275564278085,0.014419697865035507,-0.008075354559658144,0.009955000124760017,-0.01844040226688841,0.0025480384085798413
0.668222324358095,-0.2808822749682729,-0.12031618994414761,-0.14409245766774434,0.0010104577048336144,0.0072460260453887804,-0.07769645679996331,0.30561091357377745,0.29819849599035997,-0.08739596335506374,-0.45501984998860784,-0.02653802466609969,-0.015302403103000276,-0.13052943291208136,0.2821340678148795,0.08471678827066416,-0.520311429668349,0.0694600051985448,0.08396704606242691,-0.3717547171907844
-0.0030196320700814736,0.016181054923481274,0.8075747617363831,0.001743627704295697,-0.29765293259797027,0.005025517625079676,-0.07586219894038194,-0.017143549056311547,-0.03629392600541463,0.00024019001286008923,0.8186929065148019,-0.004993493067484819,-0.0005769429476217575,0.0856556795411129,0.07743630665049772,0.006935865819894136,0.02937399504413414,0.12940337378683014,-0.0056423921699743015,-0.15490394033843022
-0.05224070861127054,0.009912162660092417,-0.01601496882194675,0.0225310836445321,-0.34755657372580373,0.016413220159957265,-0.08864622969425598,-0.2231076650916649,0.032725841115036645,0.02697741979625713,0.4779388926558491,0.012828661577495343,0.0234058630292545,0.6341673160522647,0.020966001469333386,-0.00886418950206968,0.02943097519394164,0.14847801177464895,0.004014135995429333,0.0073570222029770635
-0.9490667697330915,0.9144762485709984,0.23235054673684782,0.6076461234209536,0.6768464429636659,0.6369638282392508,-0.20291954994276823,1.0102355647311736,0.48569522336145565,0.5256665024881223,-0.564327473691614,-0.00613586251171544,0.636441528756649,0.5466715853609304,-1.01547065547137,-0.3780733856049748,0.7896144522408793,-0.6673269886315375,0.05945206858673817,0.7494349281850273
0.5541572629949243,-0.3763129192773096,-0.04191115156217913,-0.21145686405567238,0.1008221715073835,-0.011540866955325867,0.05172327373438948,0.1803473818829074,-0.022998388327886872,-0.012162110878937463,-0.27252710778250544,-0.013769217811495895,-0.01777541836169632,-0.34805377969853046,0.47737249870133275,0.01248188319635113,-0.44512011250441774,-0.03632239367417934,0.010690766978900883,-0.40791820169609694
0.026653720837271393,-0.021980050658508637,-0.026574749938187182,-0.019807034746470067,0.024391043919545552,0.01982829718725013,0.04147826637119875,0.02486492925906828,-0.010668898169323444,-0.05934501017223068,-0.04536629976663746,-0.005308888552154495,-0.0028701873976784273,0.01071110737233253,0.037307712578101254,-0.002746241411664691,-0.018148312738079507,0.011175507606894043,0.016115995555500008,-0.023755045854639854
-1.2310703548382338,0.7276063727480633,0.26038659741628584,0.4972073584136421,1.5664908550384053,0.4420799286045598,0.4215908129922318,1.1737566364500402,-0.02713082119770983,0.6599184603009185,-0.9699333000374804,0.0017798962593816546,0.8279452521644253,-0.3669218520178844,-1.0451779269959558,-0.6211156604180116,0.9763384136329143,-1.550017979921648,-0.15175441335978596,0.8276771979634344
0.0556770282075903,0.0012462707954193717,0.06475183966704816,0.2482465905276188,0.02340734889134528,-0.034757222408523095,0.017685951989922403,-0.1014862922177379,0.026993940332823086,-0.021492022401915216,0.003384234858417833,-0.021619571215336066,-0.03025296828620247,0.061176114629462375,0.7705267841586905,0.010335832377602562,-0.02046765202846337,0.041287736205298645,-0.0009432619633914108,-0.025683406504191018
0.08555879229695926,0.35764435924081894,-0.1129051841324666,0.21674201590402822,-0.35499205182041643,-0.007555580345101915,-0.1628871823103366,0.16667271846835122,0.6092725304166291,-0.14297195892747597,-0.1793676720944991,-0.009107173401680239,-0.02104867276519141,0.565261635619978,-0.5632825470030913,0.13599350503492724,-0.06674319886782504,0.31457347412796005,0.1128223869099814,0.09511379593604555
0.019890720918987432,0.01182606823502311,0.15781976837135775,-0.011997209352397177,0.7238192801994041,-0.02209666046622711,0.16074362508554255,0.5375537684392029,0.031760636328469004,0.0132669455844839,-0.2934368615325731,0.04168370977964607,-0.03030452468441812,0.052009476727647455,-0.18777372175588647,0.008895476216988388,-0.01498856464604839,-0.36617027081452497,-0.006334822496816821,-0.16326709670824963
-0.20778263689597248,0.15796461180559965,0.4345718470509436,0.08911465640041516,0.07329273193283826,0.7719678172487777,-0.8391427229876458,0.3149252387779285,0.014224047571291969,0.24049309656092244,0.01915793985484186,-0.00568118533228013,-0.011960605484526002,-0.4515355945236103,0.3068455255589928,0.019375571608730536,0.17750619088403433,0.5246677161395628,0.06412210464973367,0.11549800780447361
-0.039888770574723086,-0.02294517514036374,-0.11641782037806415,-0.03564317584887451,-0.02324350792626517,0.0887822327291253,-0.10971276112750482,-0.01604690101090951,-0.07044655413589382,0.07160423197754968,0.619133161090181,0.36163437517553326,0.0033711040407404394,0.05964859909641028,0.07392530543384974,-0.02570004388276992,0.0007107900481571408,0.06038131642109231,-0.033785495951102605,-0.15164078851846363
-0.09369964420873639,0.18619712742893477,-0.6925451273734556,0.05123280788722727,0.19790400600677183,-0.01420979001554364,0.318547611094682,-0.0591030553756742,0.01968342338188053,0.10142834023886238,-1.1040243348922645,-0.017120901447191007,-0.0014517217554713743,0.07055966669345318,-0.25958038210435735,0.012207157228568442,0.24615301393321162,-0.0820830018012457,0.7845801425572504,0.3799015854287523
-0.45597484232242524,0.26470459278973263,-0.10920359022245595,0.17051313540209906,0.22024798807325485,0.009602198443174299,0.3546428263756674,-0.002543620795712461,-0.009316439186365119,0.9594325670215602,-0.02900830685365722,0.01317441615595777,-0.0021178561515965777,-0.1744547939126812,-0.16630649655494714,0.0002664762905925618,0.29691192858702603,-0.4034799242152038,-0.3650295966919059,0.34215947172258576
0.5189938656842521,-0.3819145798069777,0.22254148568993487,-0.20644582194192726,0.04770393031208733,-0.0030383799332666123,0.0275021881795506,0.23871291931980815,-0.007020258856523744,-0.006719638350321385,0.0005504311079291219,0.009224144666139236,0.007575981000446995,-0.333722923503648,0.6956696367490902,-0.0024942722410205313,-0.4364018431317434,-0.05551369909976438,-0.018886429060819117,-0.44698897041499147
-0.07618126548467903,0.045020303804624046,-0.025099429426655544,0.048631590045747214,0.008259411725818346,-0.011988192151509942,0.012194109771325956,-0.03117637224368736,0.018109612253243527,0.10951455644360161,0.018628988935588793,-0.0019546578006820765,-0.008602103359750996,0.015239863700446096,-0.052445586423535986,0.015139525924132726,0.03778265547156029,-0.0311643368780643,-0.04563512742822043,0.06347528521880318
0.06563314265517005,0.4076474373222111,-0.12238053107733382,0.24671257621536372,-0.2872450337386516,-0.026555967806369145,-0.17444038801729836,0.2384754755609473,0.5983512161364027,-0.09980796400064783,-0.2515984252826231,0.017445703843812957,0.003882804436961692,0.5377917639677195,-0.5950496331400662,0.11505351471450793,-0.022476286735292346,0.2885559666380447,0.13615564038549113,0.10927419998014241
-0.08497523686202466,0.08145584961284788,-0.06831514628719494,0.021925467744338782,-0.04578229448616775,0.01639908045865521,-0.00966596401509789,-0.11715832513056805,0.006515989189688223,0.11126310248833929,0.0072932345913660915,0.014147768003408487,0.008764993536595548,0.0743569507826809,-0.06938598424974889,0.05497671202464839,0.07708789289690136,0.0568330161952104,-0.0018171646039194626,0.08607538690923419
-0.2604593565027048,0.1847491624470811,0.5304741035525099,0.09165589375018031,0.13481121902925353,0.9555850557037182,-0.9997748013537238,1.1945097877221744,-0.01844529204326335,0.30430018944491244,-0.0052512383910584695,0.016762019846477134,0.009282527903311468,-0.5599941560913855,0.40830442125960337,-0.004760139427261289,0.19573198522261423,0.5713599745133046,0.07870130343930024,0.4937625064140094
-0.017951797102629966,-0.03220566766465042,-0.1288244656915501,-0.04201517690892179,-0.05600625896216494,0.05462394675928011,-0.10436284699800072,-0.036473135974999654,-0.07619033656562918,0.009926827678787655,0.3000318394995405,0.3290415476330359,-0.031249741050119663,0.10604219387912361,0.09107646990576886,-0.0005571654903567041,0.01023354238359112,0.10107449446563856,-0.021889235792726038,-0.04964232486308666
0.8174614704487029,-0.11797440989324849,0.03236806795571368,0.011392001809811177,-0.011180160971984512,0.34174817539515806,0.04342378587065136,0.7900946028236961,0.6912496664608845,0.023693223539283575,-0.1950378023184714,0.0006327683066220001,0.02011115785718909,-0.18551860761180286,1.2189474859681904,0.13131749301001885,-0.6589852049647491,0.3514154802157353,0.13443083880349493,-0.5935548733653025
0.8402856753340789,-0.587638636897101,-0.02567756006239523,-0.3373946949742426,0.007562285461834293,0.022812978700784664,0.22412952392424723,0.21225669847817769,-0.023263636476849384,-0.021524464504757625,-0.1638101702256589,-0.0015628346517933076,-0.010355712506356753,-0.26610896855944055,0.8140290796672315,-0.009893760828305523,-0.6646906146159741,-0.02397686903944198,-0.005293678246965883,-0.6415249290233078
0.9312457235326603,-0.6536330956476364,-0.09929305114771508,-0.38482284221056046,0.24024236172963281,-0.023420755908601605,0.07737032819458643,0.37757761727285266,-0.016774439642322336,-0.003785017663906774,-0.5506772186814913,0.0005354688288228897,0.028127620789943998,-0.622784621944353,0.8491805665386629,-0.024143574681112563,-0.7370988536130768,-0.1461371463999284,-0.007934755923710572,-0.7113105773444999
-0.00047205255636470055,0.005881756589850433,-0.010718080047160206,0.009881861866958157,0.7489859556607315,-0.004569285832244735,0.18245136106453336,0.47990386585416916,-0.020599917339640145,-0.02189159079416013,-0.44098179204362925,-0.013909454124274107,0.015637612779209782,0.0014886378956091165,0.14124829724107382,0.009930793869889576,-0.003279668858820841,-0.34839771452956064,0.0042996045997316075,-0.10290917642699306
-0.008127506876588246,0.08399949585624505,-0.36254123329527255,-0.03309837227500423,0.11344939796737219,-0.001754161309553092,0.18626206413293972,-0.011326743824034678,-0.009063854924032678,0.024239640488344406,-0.5467645582216629,-0.006387708715156488,-0.0004288706578794788,0.00603880722618135,-0.05847259393320197,0.0017400059438082963,0.0827196321463642,-0.046540425711834796,0.43954112391125194,0.1527976881441718
-0.02727757406217923,0.016075834502739146,0.255326438304374,-0.012477128976441047,-0.07942718412741698,0.012350944101092977,-0.05816842724199626,0.03269256705701236,-0.014792800837885433,0.02078122751212081,0.244977235412788,-0.02693129183901205,-0.0004256956733593945,0.014691948959760538,0.38030524570289176,-0.005471877729809123,0.03226700980653334,0.03136100825287276,-0.003458030456910099,-0.03935562840613953
-0.8413842893904699,0.48014013123562205,0.19366518567960042,0.3146730946883396,2.012708439473259,0.28716477095353254,0.531318707603131,1.402968457256161,-0.017515856359398233,0.46691849087722387,-1.2255164339810123,-0.014742785563586581,0.5537693471155981,-0.28050452790328173,-0.46042172154697913,-0.45725420627433355,0.6510413240054067,-1.5655152914839485,-0.12201701916234743,0.41751513311082483
0.01643147900198406,0.07722304041511999,-0.569501845724681,-0.004419057477325787,0.21697815457876182,0.009386104633532963,0.30087553170744424,0.031347712409326094,-0.022978006535110167,0.018361157906248798,-0.9223862347300403,-0.004133842455186646,-0.007430210395390004,-0.03892152885550661,-0.18191447052695464,-0.02158446128249872,0.09396896168846752,-0.09076214247296718,0.6682085535611708,0.2176787363827242
-0.011120317485564414,0.013147094557408867,-0.006300133856453288,0.009310239203110674,0.02086425056513785,-0.02159534176259047,-0.004417934809627282,0.005070720475683168,-0.005571346958604028,0.0009622866250041245,0.03324221115958197,0.01913986615571733,0.014649711096489689,0.004402585947587962,-0.0019815830417662227,-0.00041367865120551465,0.00852734202826884,-0.007634979641455875,-0.0066094883131719954,-0.010064532022625637
0.026565016770047946,-0.015558997071078112,-0.01678202728490822,-0.019281980777222818,-0.0663045301828537,0.0029429135121734236,-0.043626398107027654,-0.04585053272585693,0.004270431270801159,-0.0005182397640086708,0.35032737829427035,-0.025255968250586222,0.0031064869223454326,0.724416572275372,0.03671635864372389,0.014228258940279478,-0.03312268945178583,0.1159591211918476,0.009319806247511674,-0.10895182728816358
-0.022068729374752915,-0.023741464564095247,0.021095442200116728,0.009150763443533957,0.008307092901687001,-0.0031960891076032857,0.01042342421140295,0.014110614858146846,0.025691707482034743,0.01795796725390383,0.04698929465608244,-0.005139357430266656,-0.00018308408500293115,-0.03608113461727927,0.04459791001530939,-0.003410791865382041,-0.015098674653584285,-0.015820036105133668,-0.023231215666454325,0.0021898861006741967
0.06321694247937841,-0.012688077986709503,0.0858252110876584,-0.040188329986664474,-0.19667490270878432,0.005801486799791496,-0.09806872035616941,-0.12796715056291424,0.02075716009930903,-0.08234679976495038,1.0369630083438053,0.023268726181191704,0.014669859543003701,0.1178820466273725,0.07569078712970824,0.10327145061871279,-0.034401092263212016,0.24204599050956685,0.09942644027575825,0.20895463360109662
-0.0012322270745042186,0.00693005323538968,0.01909334633185192,-0.007597633358414422,0.0033169057119752086,-0.00471631379689824,-0.008557767580600279,0.09474868697602656,-0.003624103385723554,-0.019841208338672138,-0.004602849191352029,-0.008834976683248225,0.0084431705737337,-0.004775216431635928,0.027357684764785423,-0.0004790320797104005,-0.005915483989074514,-0.0007190297326309918,-0.008426673895951212,-0.002185260392323198
0.10469208547669606,1.205565953670941,-0.07948565220757937,0.2671263494061689,-0.7387225469413141,-0.005885445578451637,-0.28563234821733563,0.21978432928666877,0.6827229336881657,-0.12088877081054224,-0.37751899531620287,0.009870243390151362,0.003269471576881691,1.2795755255706547,-1.5030767250077088,0.12452042336524878,0.8061589134023162,0.5168542012216109,0.1238115026642363,0.3022909790868105
0.03415281579110168,0.38632822952629464,-0.013742307182289847,-0.008227016354363634,-0.2579897433582026,0.0030172552823008666,-0.08375614268091355,0.15463114791404017,-0.001255934955990893,-0.017324222277019782,0.1469328655604147,-0.013389837362228154,-0.024404419943634445,0.3735419201348351,-0.12465775665834129,0.019210780857347697,-0.015957960911992163,0.1504634657465668,-0.006355866646072771,0.014270151981605476
-0.004419166487458024,0.32735459881366247,0.09862813949799723,0.5709161661622578,0.060556978868261224,0.003316920271258103,0.017643299758401683,-0.017462273685428988,-0.018560304590986287,0.000960880508661984,0.021364433593568315,-0.01324584302082961,0.013958465614794193,0.3038367653977173,-0.6411064486194052,0.004840885689179997,0.014370883754651894,-0.03768073905893637,0.016555321718346967,-0.027507432562777823
0.0973773054304697,-0.06618554667798897,-0.15749918855107053,-0.053145287240648764,-0.24104347365736306,0.07236244131006081,-0.13149158833192054,-0.3578381142781111,-0.02635778587998109,-0.24264467013672364,-0.09687264380113796,0.006826994239455422,0.10896242060895397,0.20503021255146214,0.11746702688426061,0.28235757424908475,-0.024082766221710246,0.4152188437253786,0.35788992248811147,0.049110143100883914
-0.3553527705693766,0.21914091243253267,-0.051779516841003556,0.13327209674196144,0.4671113370353748,0.0931183040061153,0.18642986901040223,0.5827719138920074,0.017002464046052396,0.18192465936944374,-0.4467662720548147,0.0018711095404691832,0.21785152976242395,-0.09342659172236689,-0.34562754237233784,-0.16143443743356733,0.30076552741794976,-0.45893453046986477,0.09436158683864626,0.29118514823353303
0.008421634436562164,0.014741976103901995,0.0066386708700082375,0.02908381538768992,-0.002640141588296425,-0.0215726197594677,0.017058491122343068,0.013771154965657622,0.009356749747729815,-0.009379482369741801,-0.04161844580202449,-0.009637407963116342,-0.006076327001000879,0.014545917426268236,-0.031192404067757935,0.006902995034262411,0.02347652980019038,-0.019773933950041518,0.0036621851030775882,-0.0006808015665383752
-0.3228240554839637,0.7835899433422976,0.34973412896277134,0.4904008848439054,-0.21427338807033172,0.8412745635538093,-1.1038158329152157,0.619215991745579,0.7689520142197434,0.4402461215109178,-0.231429771809882,0.006079234357517967,-0.009582420672647321,0.2006518289302944,-0.508407209591878,0.15755662073958254,0.2895344245323335,0.7839434180867687,0.08395966402204187,0.43609050297799806
-0.017839378818219932,-0.003452223041637181,0.0043702104434559545,-0.0020102111395208767,0.026952682826623855,0.010790030933558601,0.008277990121470442,-0.010602598962188726,-0.001956907228395947,0.0044674631332013975,0.03487761839898649,0.034566720481813355,0.02498247875502763,-0.010996076419148022,0.0010619324848348405,-0.011080541401179072,0.02452694161927554,-0.019303343508519963,-0.005260265429037368,0.017718049940359554
-0.0016001964252137773,0.45848056826193184,0.01912480187147147,0.0007830666219148978,-0.20408620096895344,0.014385126917713735,-0.07799367569521076,0.24645488706900862,-0.003335274199538817,0.016989195641013363,0.11515213212102333,-0.014429707838000431,0.015416729838308305,0.38573627149999207,-0.17894529442089208,0.01110259956568816,-0.015979969371901576,0.10569456090813799,-0.011567336600660835,0.04751517456906731
0.656545587930793,-0.45393025334750026,-0.022491536079478652,-0.24606209921160774,0.11082008603054068,0.0074403323103514616,0.008656089596428631,0.26051094440673495,0.001712444771239564,0.01692956708315424,-0.24837118925758048,-0.00046739876117307504,-0.010722399421751043,-0.4004561083523896,0.5642732359099162,0.010010697794493801,-0.5107683059448879,-0.0543415932675837,-0.03322054687723288,-0.5069211516483992
0.0883495696468762,-0.07282466162488177,-0.0527191942691996,-0.06592734957175016,-0.19017217993157987,0.007939919331868071,-0.07616090691106021,0.24531559489040147,-0.009886521944089354,-0.13759384043797757,0.35865418785656356,-0.029356960708228925,0.018814384809288473,0.07564735012746635,0.08882467422046904,0.14460906688510958,-0.05152814379572993,0.24252556528247549,0.13345809293125296,-0.12879138360485556
0.5266444047418366,-0.26629642979560036,-0.31662523610069826,0.06675551596301683,-0.8747606436444618,0.013069496819256309,-0.40551469713094473,-1.1737388128509145,0.0038941166261802955,-0.6504549602498112,0.07996228905355894,-0.008399090934585844,0.011677949908228291,0.5980964147240111,0.18806175057497668,0.7724132038458398,-0.2979888859505434,1.272315469115526,0.7751431455328318,-0.16902291695505955
-0.026117142815200813,-0.009133727207088767,7.588848309440961e-05,0.003858955126925037,0.060669943053329074,0.010841020063614712,0.01807550082898954,0.042889866669507525,-0.003768506886622898,0.01644676087410366,-0.0376512682012002,7.206193048931234e-05,0.01899755617790534,-0.023096898125464164,-0.04626526056395186,-0.006719242637411159,0.02468030735948956,-0.0857510432875105,-0.01651024726037427,-0.018455286951864484
-0.04268984917346732,0.018043885386016853,0.18098038535626304,0.9583299270479282,0.4298951843368715,0.03820041115144543,0.1077169304034506,-0.21457894713631587,-0.015320101991735571,0.02620538738059125,-0.08057323242457425,0.06322555023722871,0.026031679519345662,-0.005833916333414254,-0.8858253925480539,-0.02799912632997658,0.028987026253661303,-0.2135899640704843,0.006171835415679035,-0.10759785057710877
-0.011833002647336992,0.002628365437390071,0.2998378658579836,-0.0037039198891140167,-0.0870330199838634,-0.010498836908356337,-0.0031396376535400357,0.03580322344329455,-0.0028119163831395576,0.006457923887109267,0.29741302588141183,-0.002190069289815919,0.022921010417606424,0.023245498923156395,0.01557411594272395,-0.015081494227405408,-0.0172648447398408,0.030070879245386345,-0.013456937679316813,-0.07425852887815786
-0.009892465901943053,0.00947177602968706,-0.038888306301090296,0.005560579965470559,0.045597124419069233,0.0030190954397628523,0.07980437839724167,0.007278903677947998,-0.011740588840643561,0.0045546596672331185,-0.03451775154377705,0.01333188142694724,-0.005338473691080828,-0.004427448638455362,-0.02018036284189521,-0.026669789328791965,0.02950115839425388,-0.050094029306593235,0.030840613807331604,0.042935369204537825
0.3193891896662073,-0.22244656847626265,-0.037408896364667425,-0.13263128559840417,-0.24807701307323687,0.04953587975002785,-0.10849834523180767,-0.033911154709767605,0.004913698866720773,0.01925913832663557,0.22406946367959374,-0.006531655442744816,-0.013167568145383363,0.29803743154261386,0.3751418713659719,-0.012905251169150833,-0.25290875696775417,0.11521907209493809,0.02082652580684409,0.5210999356931194
0.012485901205075544,0.05440958160571801,-0.34709285500636755,-0.027357769058497974,0.07674753548068704,-0.010552061152171853,0.5071153340181701,-0.009732749985622591,0.01467962982468031,-0.008940025750278337,0.28801250747547735,0.0006345759418196076,0.012173715840952514,0.032561502199975924,-0.06174913269671872,0.0286856378395235,0.02591892945740151,0.004210353316954341,0.4371853722351674,-0.12461870957600955
0.19844833071253382,0.21560371353715982,-0.09772624590572489,-0.062337630399387424,-0.48095860535012736,0.021432595509047473,-0.1766826338054267,-0.19531088999614027,-0.03513723898821002,-0.23064540581061213,0.1540813663599472,0.0030938286900378848,0.0064274378016890565,0.4794629510453551,0.027418020470389343,0.24503685786030727,-0.10146133231577381,0.49794908312149616,0.2483635037994134,0.8200819864441189
-0.01354234352115629,-0.0008943985088550408,0.008079832499841998,-0.02206713668666908,-0.0030489097092786157,-0.0029988568163377247,0.15690192617232715,0.005448827093573926,-0.011828830006051028,0.011594237407122697,0.044914689904917884,0.009100513531987488,0.014713951584498685,-0.0039275774672604975,0.028936315146420845,-0.018472039558225486,-0.008871516563873173,-0.011915316189637142,-0.010900555568852307,-0.017054590901294853
0.012143307052862484,-0.005862599591843782,-0.011530143875173935,-0.0057774039421951235,-0.40959752609546735,0.010726513265276679,-0.10245707734927642,-0.2502882960162829,0.005043837192942829,-0.0021307547900902626,0.4944983442538334,-0.0004624106880703993,-0.0034332140226348185,0.6578560973286789,0.1158250953522953,0.012738611984532106,0.00025045330647929136,0.19366374071548,0.04530385680628115,-0.03258159814949363
-0.21376727743545296,0.22077010614046744,0.47476596767051926,0.10288336619797053,0.08408722956123887,0.8698795723387396,-0.9638765551969312,0.3714022272061949,0.0009621590825168325,0.2470667540035896,0.013240911615131547,-0.0083697160384311,0.01927605995560211,-0.47380521095065686,0.37939585806807335,0.02515099351239805,0.20785586842896275,0.5970677950549086,0.09137590239785935,0.15828246773644247
-0.01525260240030021,0.11173509178155232,-0.40622468761653185,0.003379693400247799,0.09475889230448063,0.014161917046282953,0.21311791058148047,0.8210371276430376,-0.0023873844931605217,0.012304131813040287,-0.6349977693875304,0.0053349308468302456,0.0061677262053940005,0.04725178359101226,-0.116994335584096,0.01178350243352372,0.09358282183682344,-0.04208012732900028,0.55504285884286,0.1969913245356694
0.6006906385868831,-0.501120286234312,-0.19158677413175076,-0.26759487431191387,0.11594738013350109,0.07028855530283243,0.24567802869342584,0.24338872123872438,-0.1056435978273374,0.03354086672854342,0.041536365511635476,0.408685217045306,0.006058073627601716,-0.30092632510844214,0.6542151989498417,-0.01856139903959473,-0.49396236092571233,-0.006602395706649861,-0.012245277371551427,-0.587791544668112
-0.29915480854426824,0.1736633188647141,0.08937844354116248,0.12819596670349073,0.4076367949429206,0.1312872082280831,0.11638019132864667,0.2954028508663683,0.020326666472051207,0.1651255949092363,-0.2907623310173805,-0.024408972624260186,0.2268717123961954,-0.10849218933223867,-0.27821651042873036,-0.15188989371574518,0.22663951117662068,-0.43944382253298403,-0.019645072256646953,0.19887774259196164
0.0038847514600540926,0.014609752872958954,0.10126818102782813,0.5447937900829869,0.21166726654818843,0.008073687929147979,0.046623994853430474,0.7560808230342121,0.01242225948115825,-0.004487121332209944,-0.004996178118136518,0.024418604887660775,0.008065705718964075,0.02644855436974912,0.3690784592168963,-0.007158103017746916,0.0007876597474962659,-0.11749028070254418,-0.022397074586615728,-0.06589227543249718
-0.044640849897230724,0.5088077510517035,-0.15979949402526233,-0.033834715252367524,0.37594643139905387,0.1406956538134808,-0.023225093154031845,0.39706148840228944,-0.11167414015811179,0.0494008796156457,-0.07620971653439051,0.4825825405707728,0.003892191205701648,0.5832498647723151,-0.6856097112885111,-0.020533570810929783,0.6504990543357203,-0.10529312326836472,-0.027401234575127588,-0.042141322938717
-0.01441844112358808,-0.004922554527303738,0.004663985983106902,-0.021461880855063814,0.023725186439217092,-0.015013062491048633,0.015643540285524726,0.008487543941753039,-0.010283118673280314,0.007092389144317318,-0.0043772958256185724,-0.023241642445637353,-0.0012766520735296811,-0.009654120074214314,-0.024126191569624922,-0.006213503038975574,0.026058185552573856,-0.050397143783720656,-0.03510817774811143,-0.01962681712411089
0.004444778072322988,0.06055131325878237,-0.5296496863205187,0.0071712633192639215,0.20076032681454264,-0.01571224965894568,0.33024802388791885,0.12026185278966328,0.011992729292459363,0.017801640096270447,-0.8601203070067731,0.010900997693516325,-9.361367283936949e-05,-0.001721376695460341,-0.15918393889929852,-0.013989158469857293,0.10252140155377903,-0.1400682638538095,0.6085807118878458,0.2042415292668135
-0.21205081766242043,0.2990492865037007,-0.04385089790268487,0.0953339754635616,0.2228488999995318,0.8834734779313158,-0.7454846666901996,1.3565101788266896,0.008160562768145533,0.2607629436418758,-0.8277068973686966,-0.00993837296511451,-0.02231167679174232,-0.4618743293430051,0.22949969595424846,0.01946474020073543,0.28339153397749384,0.5540472599122132,0.7436537929426535,0.38469624347106285
-0.011539486789498387,0.015407814543240401,-0.01800187713628134,0.020643106557644193,-0.012963294279755042,-0.022437340813220342,0.02286986281402004,-0.02313021204285287,-0.03709486145172197,-0.008785246188400308,0.6900309396857541,-0.005575176822645399,0.0029462574585533766,0.04023965898194885,-0.003889492191651073,0.021009882358488132,0.01681512675938554,0.022678218579094724,0.02434383129329457,-0.19240635479911064
-0.652713863716947,0.4147407349418652,-0.08259124100197764,0.2580143529152987,0.16945049669011458,0.012482930957179488,0.03101500353252535,-0.1062885753976048,-0.00036371380533967504,0.7963760213296855,0.045162284301513804,0.002401983248953644,-0.003848692834336852,0.017718960082303996,-0.4029421093925232,-0.00938694338812105,0.4771844359375121,-0.31107698584424504,-0.30702404370752323,0.49503351265217366
0.016934317197820094,-0.007297510194972377,-0.021249685840038335,-0.007737568086240065,-0.05154990443270096,-0.010104723757132627,0.023810574324859196,-0.04556653135853873,0.015351725765770062,-0.030414167153475155,0.025862431310219,0.027390144302241425,-0.00815445972865366,0.021130797500435186,-0.013522374999960325,0.01099172316886016,0.015058039267808592,0.046001013993395984,0.0380260532033047,-0.024242629133092674
-0.3459640073111506,0.2147101155411908,-0.11850020173439058,0.12677847774350295,0.05042378693104907,-0.0044847584501671554,0.06598622096384592,-0.08319629405806162,6.486402860662877e-05,0.43582143009520147,-0.02366504388571351,0.004874014417046069,-0.021965613299627894,0.042042861275606094,-0.1967931525749697,0.006591445010788605,0.23397622486408698,-0.1637741018568128,-0.05913610446574026,0.28362145730599314
-0.004822953466488609,0.11997025715837806,0.03331286502965672,0.3281094933105961,0.05962017097098061,0.029424942256954068,0.1446224649250242,0.011907862386071,0.18561615134913245,-0.03310563698405763,-0.11960822492228557,0.00372154065354067,0.031394056372637064,0.15306718266566458,-0.4352398712889129,0.030741781626269594,0.004071827538931686,0.042576851329481864,0.03718936042460327,0.01569775234847423
0.013131472071636943,-0.013917908945126706,-0.013071426253546068,0.00896050056847698,0.0032798374119208757,-0.0026912937608914705,0.6283118460382232,-0.0036657609713873964,-0.020834864654111936,-0.0021880100697001933,0.0014229344266312935,0.0241418694373373,0.0004065576298710929,-0.027051309049684728,-0.0017645905744899373,0.01698546251864852,-0.0001532815988779957,0.002078512092804961,0.009302176802337312,-0.009774360045157618
0.3672173844260435,0.09007830434502966,-0.09508682234870594,0.08407699320114936,-0.12769517709284497,0.00596816837794686,-0.1077228093360294,0.3278347475426032,0.5167228226228512,-0.05995463425454105,-0.3810043012491932,-0.022697884980466865,-0.004675647638904743,0.21296968003412653,-0.19819300352984082,0.08692605847870043,-0.305529045097906,0.13913952062866822,0.0703283049093143,0.35492942027346736
-0.0026725337836220504,-0.0054267496403396925,-0.008676285093330209,0.01933121647255217,-0.023842525061559094,0.0040895413107739625,-0.020883050384969522,-0.024083627064883824,0.004632487525999004,0.009693692274154616,0.048902566860121316,-0.00012741932754155305,-0.011401178424647912,0.030926573713527087,-0.0006498101754506045,0.015317889342395044,-0.000678233078616277,0.028916831382796895,0.020781162020875876,0.008608946930675897
-0.10993788666531697,0.06759459133633541,0.04304752263227582,0.04749541237971634,0.14935181916662307,0.02969286417507781,0.017769999366304527,0.135064149074357,-0.008175098859455415,0.0900380681221684,0.6106971416075935,0.008939431404497253,0.06983625671980477,-0.04202584053993521,-0.08008645375631401,-0.03973209630673326,0.08636308647489858,-0.15231378825797467,-0.0013942666677443823,-0.15912627896689518
0.0022143430969242574,0.27440954318294175,-0.32199432711110537,0.1451999810257703,0.018897454829530192,0.002900357382669145,0.09516073669159424,0.1344848787551185,0.273750808199664,-0.03962326853648971,-0.6273855340034106,0.010697989872294129,0.014484544504154429,0.2513074811995335,-0.41877366580403425,0.029282583958142233,0.08453841583046269,0.04367828478544199,0.4029354165368121,0.20391819967169778
0.024691630803123588,0.026254367592206156,0.000815452921183935,0.010268022499992518,-0.020177998073554755,0.0077680705998556965,-0.15022887791892692,-0.02352719417137786,0.0113285669827484,0.02011298602992157,0.5850884741718536,0.006636663155000211,-0.012802411748032852,0.023976851548991325,0.004485528996715858,0.004749781386739923,0.0065826656763974395,0.2922164315807085,-0.004483362451096451,0.754539276544312
0.5532525324966333,-0.38720568744616485,-0.07296098861955541,-0.22795863666981928,0.07152885623689972,-0.0037518559480713212,0.027725791475867432,0.1805670035669384,0.02192526377163985,0.00155150022643793,-0.24878335765061013,-0.0196970541884666,-0.024046911196448514,-0.3257998080199731,0.5128056576262099,0.035627668643735975,-0.4650394418672726,-0.03918116199020977,-0.0043565901929737165,0.03665302163358386
-0.6292383245865196,0.38960842131568624,-0.06834951911966997,0.24081115938746325,0.1275593613015831,-0.010740506625839459,0.04412073929394386,-0.1108540841904137,-0.017374749201191184,0.7772205713414955,0.09781367338668022,0.005010477512494824,-0.006688861346359147,0.02785516710062886,-0.39514042326680554,-0.01588345731775145,0.482221194317192,-0.34612872129107125,-0.3027970798485633,0.4250494931470778
0.001654543290794678,0.007261709219413228,0.13761630618965076,0.6132178906275766,0.23969822676437796,0.014209094693798174,0.051235238732743923,0.2224304709582577,-0.01073626038029611,-0.01796217867616303,-0.05210510920890293,0.007101217980746261,-0.004216992979874427,0.009464584554224366,-0.5558970939033627,-0.004171482955415424,0.009773667394089563,-0.11555102730490435,-0.0040480561097341414,-0.07063850615659203
0.17677250351686868,-0.09953995608981599,-0.084572429186654,0.5953118836738848,-0.1037091744671054,-0.036089173078657825,-0.05552624534994522,-0.6042432862636034,-0.012855711034879461,-0.2491036380471731,-0.10077649088245562,0.002812588723233692,0.0007305573316855329,0.25233156816606417,-0.4883873656741074,0.3034549368853624,-0.1310382537745877,0.35700487903231665,0.40750195001125444,-0.09428718913116167
-0.0204217946155721,0.020643180069111127,0.07832867299367019,-0.019052253416599812,0.01525529825847435,0.1367944354993351,-0.17733156587639515,0.08176853617969329,0.0011334298909969863,0.037289887998836944,-0.04962579160890612,-0.006698925623762366,0.0054330585005768475,-0.1197188347070676,0.07936979377840316,-0.0038324491144967015,0.045247483709163976,0.09979172910348343,0.023999536826902725,-0.008009995851601708
-0.08943256228341925,-0.07478348974796295,-0.3209871809397863,-0.0535128709819712,-0.05475993926524871,0.23038788549337297,-0.04442515337983934,0.8682957380089197,-0.20504307606141803,0.08681216805552129,0.7305850916363213,0.9174885932134924,-0.015814501131806234,0.1994419498593651,0.13711667838735703,-0.0306061622864855,0.08612695494894906,0.1402933101798992,-0.009873092000760001,-0.028250857748292908
-0.020399623858052184,-0.039842610470549926,0.49788491578417626,-0.0241972076295792,-0.1953365527515204,0.06765158175125642,-0.44617303250388807,0.009501306726997056,-0.06621530273284275,0.019149109180023854,0.7563664449374596,0.2446318675826705,0.0026521631420200224,0.08767179959719822,0.12638089419285295,-0.010052160513842393,0.01827286180219661,0.9493107971630709,0.0031599195092827533,-0.13484657099535155
0.012518555830997443,0.6691938231983657,0.007548322003174939,-0.0007347124551894185,0.5287916374584113,0.0042591647322240975,0.12245752451018148,0.8811851808820705,0.005459353125550001,-0.002251910818608461,-0.3054928243769254,-0.0036978265148330876,-0.0171954289373817,0.6051877197771446,-0.45012319586065264,0.007958634811574328,-0.03220978889534731,-0.2449200288783128,0.026717123148890146,-0.06309187383881937
0.028766049751920694,-0.03999524738404486,0.010199399124051402,0.010548405603543143,-0.024969271873015803,-0.013019352650244852,0.08616973757607316,-0.05569620759741413,-0.001876712832691469,-0.047500449867119064,-0.043772412125141436,-0.013090693622352127,-0.022813996958905968,0.031133066943972724,0.03660166451088917,0.04227296491232063,-0.023346878615924608,0.0326145842150004,0.0582649110901823,0.01268492754475873
-0.9063315146754515,0.5315456077934797,0.1960969086488584,0.4040120370674097,1.2204078329445174,0.3227032289466734,1.1600790286183094,0.9092194256468892,-0.03073702743487964,0.4835584193626652,-0.7582718699945437,-0.0013967257486042464,0.6534819879329564,-0.3266717297667833,-0.7610337003232137,-0.4875711677405219,0.7387785119273869,-1.2224294999178056,-0.11007006292655895,0.6199751968036173
-0.0016593565080988727,0.05392113492307774,-0.0021422147576263973,0.00902459526062494,-0.001781632058302552,0.006097761954452128,0.0025506207966890975,-0.010841890686013347,0.0077126880237501725,-0.0052916307985140945,0.0034854810489763025,-0.002529003674158524,-0.00022751967490420894,0.009542309465553326,-0.02126362836472555,-0.0004584442801654782,0.026403162134574495,0.010733946865372192,0.027230549462959348,0.009625045662020845
-0.004485563022198896,-0.0110613661026873,-0.002247216248314766,-0.012073877099660096,0.04299953032801923,-0.01827306188957824,0.253902581048882,-0.00475724088370567,-0.012526206401788866,0.012448913666536448,-0.02745353798654264,-0.004285384346173541,0.0026003531065075837,-0.04610906253918566,0.012701373860580003,-0.009713713541857042,-0.007716438396477906,-0.03469034274619595,-0.005123374773768559,-0.012742935527122015
0.02355133779611909,-0.019622709214495222,-0.014468642299401932,-0.02197281084837419,0.08873141365228726,-0.042266197876175714,0.019888203107488907,0.0718711443421957,0.007409327248428219,-0.020276579697904383,-0.08451540086590846,-0.020192463575253894,-0.0011072521015359485,0.019597981572019852,0.01110673378366523,0.01642736624407418,-0.030535118831243876,-0.03117460705721247,0.00402543870876703,-0.021603766312282866
-0.024823610957708103,0.013638949049209956,-0.021362366859017493,0.010067839397132839,0.02749481031643831,-0.013842561020353644,0.02772675977571582,0.0299309136666008,-0.0021106023543786194,0.047973027759721926,-0.020313468455371464,-0.00928127871667944,0.01471120888190868,-0.004101645154984859,-0.03636419810405079,-0.0389896310290405,0.0208783022323716,-0.030182263627376735,-0.006868102873255546,0.01698627383969304
0.0569341907805707,-0.014136075881467059,0.7924315143246321,-0.015180109542273276,-0.3629053884294239,-0.024700645305161088,-0.07723039026762914,-0.04042756764287338,0.02644192004559586,-0.06419595342620532,0.8068937236400796,0.0023378075343637,-0.03148710009808201,0.11986111502921941,0.09357339826566075,0.027038369390159994,-0.023587909289723267,0.20525624032136708,0.01976107310356101,-0.20339528463214737
0.2811628292049373,-0.22030159999410917,0.0037670079959819195,-0.14259133412427882,0.12251357440632382,-0.008664516195622364,0.04589520504263342,0.13237354013010244,-0.025180650037586853,0.016174395526997568,-0.1631710945579926,-0.0036952926892115092,0.004665962378256966,-0.2280149262003514,0.2527781864958751,-0.022865842361761334,-0.25509489658871415,-0.08114294234603446,-0.05237357067624958,-0.2217292345276594
0.7402763462637884,-0.5272790754783466,-0.04619146477620522,-0.30187372672911966,0.34535384759600185,0.0017204852557172867,0.11760607842021972,0.42061881371761967,-0.010938173673099662,-0.0064204052461873,-0.5377357514456844,-0.011403954863521486,-0.003356627224794503,-0.5157532748263031,0.5978826140385484,0.006455303318910163,-0.6016806343277169,-0.21036429806717338,0.0041364924876101765,-0.5963873350930063
0.2677656276584433,0.5358353613415923,-0.1486849250875909,0.7967427045147158,-0.49813182799281014,0.009059176480488963,-0.32722692219536104,-0.013868616641528282,0.9447710803094784,-0.3244726025670814,-0.42004125592500063,-0.01409672304819477,0.0003742742221878716,0.9819598881884037,-0.3037870030053468,0.37786565965048013,-0.15243795638786894,0.6673871356762271,0.38255649877337117,0.09580211800590703
0.006070300098516352,0.004053212041633891,0.010297864596312153,0.005905265446802613,0.06749782134803994,0.002378031870085908,0.004821933690288359,0.07632379924976831,-0.0065846854094221,0.035287157199720295,-0.06324863919390358,-0.007703070510571444,0.034041616083501106,-0.03125478173595684,-0.023358600241230702,-0.016306550354281437,0.001090211041423236,-0.04614435550427213,-0.000535885083526456,0.004718099359521425
0.24373059905197855,0.4915121805028041,-0.236295265821317,0.3177487274252429,-0.6030503616708149,0.014362684930224072,-0.3154020638269703,0.0951895745052529,0.90212882418919,-0.2822296650332899,-0.3810206399029666,0.005566731474425073,0.024482952874712898,0.9087063156699307,-0.7544751434448704,0.3559908380160508,-0.1277786082305346,0.6700686646839004,0.359357247944568,0.140359752565135
-0.014317926454119445,0.7261112054874104,-0.00045297921312293537,-0.0064475067526823145,-0.45933939636246346,-0.021444530709923894,-0.11483383356081267,-0.07824793094367022,-0.01193986867085851,-0.0034718441769435475,-0.0866056047028022,-0.008710864369097385,-0.019601940711651434,0.6782546658674707,-0.837460780872284,0.033148281529958704,0.8213267022416179,0.20397651014863194,0.011656702291086118,0.165979196965173
0.0053802534657305945,-0.002896506310235096,0.004032069213258101,-0.005817634542192806,0.005562113528302524,0.0075530910409787,-0.0229612817497883,0.006424075760514646,0.009920010439677482,-0.006329181203231826,0.015440574841743732,0.04270239765687848,-0.005176148480719197,0.010703690217678908,-0.0029050358664672814,-0.010443393990953781,-0.014478535225394043,0.0040055901458231,-0.01690473019008301,-0.024758926046562987
-0.03230044863542593,0.20544139779980422,0.002787535073007325,0.002101747598275431,-0.07716372569719632,0.007637523364356373,-0.02209354432987504,0.0012566127759945263,-0.01565551226133572,0.00965830566568903,-0.027742546522723975,-0.01757048140547846,0.014459843338152294,0.1314356203544829,-0.18762262403118637,-1.769318531612621e-05,0.2088845584359729,0.02038113386995577,0.0191306222946693,0.05155696104402026
0.033590509440988785,-0.02094706717917652,0.15957630679472162,0.7868404280905145,0.354134866222395,0.024825038002527493,0.08128441244517123,-0.14329787103348893,-0.015463836885598447,0.03180843572512121,-0.09244396470304436,0.025206124712574517,0.011693803129689751,-0.0334453727273169,-0.28137049247391344,-0.023698750300053043,-0.016879775996752194,-0.19976768357874577,0.002879827393327653,-0.12077445448768513
-0.0089877889743492,0.019454848896580324,0.039231649261587814,0.03495458568298279,0.6388878259172169,0.0067294960583770685,0.13634834977015328,0.40351804155563514,-0.001105543322667121,0.0032103134651084468,-0.3626917281553789,-0.011940898405914566,0.003262700838465675,-0.015706326643402532,-0.17072426289155715,-0.0016540476853217686,-0.008838555014334462,-0.31036193823483615,-0.010394868865147542,-0.11112666874361136
0.5018879936366578,-0.2951747338793102,-0.08176488693948875,-0.17954385783677712,0.1282740172515112,-0.0037323368899936015,-0.35151021840132946,0.180966752326111,0.0006279759885498566,0.008624615223827344,-0.35333991131595965,-0.024543810675453706,-0.02126448688675711,-0.29682024007388774,0.9565795976945697,-0.004539901259162965,-0.35705829347578,0.7627888242006384,0.10182872970317838,-0.3333043703088393
-0.6842266600059298,0.4704848884409077,-0.08237198529801597,0.2812939318828879,0.017998144931222648,-0.01474279799874872,0.002261138388262189,-0.19322116682549179,-0.006480708476765318,0.8243154748792344,0.23699392158905377,-0.00807932801820312,-0.013813378672664814,0.2517930688952222,-0.1688430141666605,-0.00759968501322926,0.4878152647744581,-0.24562311969398587,-0.3113325631303706,0.5084968339079005
-0.02146955724367649,0.031099963283327002,-0.027535618597755315,0.01839166270236254,-0.014380785951605541,-0.002478524320378025,-0.053906712859592906,-0.04992112165421231,0.016222433671053322,0.006726575680221739,-0.00011736671851671947,-0.007771748064643357,0.004521994982661128,0.026420330352417767,-0.019263907397201425,0.010423449990576898,0.029473166979130487,0.1706597344535601,0.004401220628243125,0.0345301350266287
0.32574521752871605,-0.25748283827534435,0.1341561670366266,0.5950873021874451,0.7493835816345141,0.03007377564960099,0.13501080515460717,0.15667677880397624,-0.008040033176803232,0.018621295439206674,-0.4400774055963956,0.00479519606212685,0.04973486335308732,-0.26127957950982583,-0.4660239371041947,-0.02255132442550958,-0.2591497385228298,-0.3099855241983483,-0.020331895668661004,-0.3575111562844452
0.025490939986880994,-0.024360374731838736,-0.0039871337783436295,-0.004213786153758751,0.0069354238339782975,-0.00699542182418669,-0.03553007287331845,0.029534351007930212,-0.0014818798928515025,-0.008020163426131,0.011103691790995398,-0.0035270508946698264,-0.011328483538752921,-0.00663675639602818,0.05213522383190883,0.009065015451543415,-0.025563219134714908,0.03256478419271048,-0.0026090566413417304,-0.009930949294904677
-0.07234863599791133,-0.011826050895558292,-0.21108544608037588,-0.02254880894194952,-0.009878036054731478,0.1333936388228698,-0.1319282192102574,-0.02689252423392145,-0.12185019258768892,0.06605192465759682,0.4677202705862915,0.5921949568401184,0.009135853996285151,0.15600108436447982,0.0449919881860104,-0.03771916801497458,0.05785265314315062,0.04977899490492607,-0.016468695686820106,-0.11114760228490256
1.6850987016893477,-1.0399681523404463,-0.5511373291996737,-0.6832488426706481,-1.0178974737727504,-0.01455801523548432,-0.44849608372641075,-0.9871124799537603,0.022010882203912896,-0.8109173050686415,-0.32896250196699844,0.003732802353819103,-0.016793994198947646,0.11927037363878557,1.4533357565415173,0.9705213672265378,-1.1983240842492207,1.561208724670049,0.942386553396093,-0.9631458651597115
-0.036186869897485825,-0.07275923009333529,-0.16074967762663384,-0.01439537925390293,-0.014311696911561162,0.12162114417781572,-0.11402803268172279,-0.06268335112423802,-0.10729353097847355,0.06348472556881499,0.43251076946827793,0.48221100860120186,0.0016607958349534016,0.08745749276073005,0.09506883585531412,-0.023535761223361665,0.004425837515867902,0.040772627154843484,-0.007495192458336379,-0.09764961826541377
0.6469151551546585,-0.2798524634507493,-0.4781412739398722,-0.25016484307198306,-1.24527043869886,0.0048193224482203185,-0.4940770358798552,-1.3382451840446166,0.007118505668649452,-0.8159286749116476,0.17920851965250595,0.026429849696518626,0.0018601491031252115,0.8104743954201302,0.5380038329130356,0.9579119647182361,-0.37660388251966215,1.6511892076772559,0.9174666483016871,-0.1791691797929755
0.7250147935600947,-0.5576289140560733,0.679179499922834,-0.3210897863330393,-0.16873202459805872,0.11405355487224307,-0.15614504975326635,0.316675685934955,-0.08062573169868743,0.059608690551705236,0.8645070110823063,0.4281733508267636,0.009776491088032645,-0.30822126988488346,0.8441950860616456,-0.022854177261171085,-0.5740582239735011,0.1282314755439662,-0.021008853188118043,-0.8030197752758969
0.020062911082789903,-0.009196218093246444,0.035500551558619343,0.0013768688255900584,-0.01007055662455446,0.010582134489100076,-0.030321225781488624,0.030209748383117338,0.035002551185710315,0.008730580349841813,0.010035666164124882,-0.008034580295225968,-0.021735923071232167,-0.018407105141519227,0.009105357636588964,-0.00648380835049209,-0.021984016819776887,0.05631050536772558,-0.013202225584521467,-0.024257107121939722
0.024847726822648866,-0.03977061413562395,-0.006771355625619069,0.002564137596353335,-0.03850568008887837,0.0018975738821969124,0.300647293460487,-0.04191333128885548,-0.009234618983576911,-0.004588306279352236,0.023675132642223835,0.017418722795686317,-0.007863873118189738,0.03781190676627161,0.010664907184077699,-0.011920242696655356,-0.007342839152795455,0.006911988321307241,0.008786929036880017,-0.031530424688516245
0.0035215659105159837,-0.0008735393033534235,-0.013674301979147634,0.0037152327869211165,-0.023595364155039156,-0.014584229321564642,0.02128984924439902,-0.029944785705821098,0.0015572575537626022,-0.005311673807422004,0.02928292423251085,0.019283259831198413,-0.002705680455572906,-0.0033950671744297327,0.014935391803787019,0.008107321439572482,0.017018918472772888,0.008457384416089953,0.015727772542872578,-0.032246849114827766
0.8219883802233751,-0.5926579962469394,-0.0806679948429853,-0.35484056247804685,0.1543127778985666,-0.00034523061218184794,0.040483616439163546,0.31304673885883316,-0.02206431787053,-0.013510315445587081,-0.39488063058149725,-0.0018200039539764676,-0.030475778872600695,-0.5166116464259413,0.7822905419640095,0.0001613640903168021,-0.6522733351798068,-0.07854605581325344,0.019748173261131617,-0.6478720335185422
0.5845215785108494,-0.12859660984928478,-1.1995582185813896,-0.23563377519199413,-0.8236404671808188,-0.021266357118622868,0.0013016724464906364,-1.1775790634366918,0.0009551144893141803,-0.7109600830455872,-1.1540933431335398,-0.0013610328128344771,-0.0024426246543104886,0.6576855810003488,0.2506377675545386,0.831301877892936,-0.19307515752337898,1.2660776149721833,1.7755758931721366,0.16131187022708132
0.028390803152699377,0.017075497275788776,-0.01604805924343401,0.0013630022633853156,-0.08604723151349966,0.020816222365680804,-0.02473187922052779,-0.03997273653664901,0.0064028606232665606,-0.009576291504059468,0.04373324954353023,-0.013968507187722612,-0.01520632740168902,0.026897512928337034,0.019141105035078557,0.03645272961910927,-0.010175541295413116,0.07262080036736092,0.0027759471647347007,-0.0019975027340352162
-0.09262603919325972,-0.09854802360136566,-0.3018016844902824,-0.043980869816167625,-0.05731342948044407,0.2257449896758228,0.6622789141732681,-0.03277503574560926,-0.19856561323815033,0.10849785315202674,0.8143334659832778,0.9145356863266659,-0.0067283520701324545,0.17039852036931136,0.16219830788485162,-0.047672495675136234,0.08113082650675424,0.14591759723451683,-0.041509226477405764,-0.15557375945787522
-0.026859337198556682,0.00958549784242031,0.014380444067859028,0.017083771845663138,0.0037321070766066053,0.019167262928115263,-0.03888196918289404,0.016741634233777346,0.015786324202892884,0.018460619936375242,0.2171984369093221,0.03806722738762174,0.0057042627652283285,0.4896156420583333,0.0006219736916326518,-0.010106951401019708,0.019548870898943325,0.02751280329734581,0.011136561034460014,-0.053822579989796684
0.022685924677885282,0.09242941086862509,-0.6242550388123648,-0.001331168422861183,0.1342290838139694,0.0021244257538687206,0.25614308988324624,0.8936714224234109,0.003622375587924921,-0.022436344803296083,-0.9672282325472675,-0.0027998047951833215,-0.02238503995148458,0.026284242055397217,-0.16470679729138332,0.02070942451436078,0.10107834283900008,0.028131099787421922,0.7214961324223736,0.9822690069983709
0.42459506781638656,-0.2504994670832916,-0.2865326265391579,-0.18880366620603892,-0.7984134232136348,-0.018211131391730445,-0.31994141621793876,-0.9144719632126921,-0.03330326452981072,-0.5051405402679134,0.374824786051784,-0.00011771528565683131,0.013806943944923177,0.4771862417978545,0.37191352730042015,0.6290463742876913,-0.2533105050502037,1.0497888515687372,0.6069528007507317,-0.197019915359919
0.06877468724030361,0.25894633878823897,0.5475438660666425,0.14149073573310156,-0.42848219586950104,0.007206779528133637,0.8244139682085541,0.16254379129822188,0.3587604175933894,-0.05848384739780005,0.48745743645377687,0.048904702855394305,0.022452936760336835,0.4290747348504758,-0.32928363490592116,0.06331515190504192,0.0022796077602689263,0.2664565476257611,0.058993223616604536,-0.045438243269809886
-0.041861065754836196,-0.016771166037309763,-0.22987982724541303,-0.033334703093015366,0.016898337161380717,0.0840893449925829,-0.06258941006922455,0.009550631651453157,-0.0705843238882748,0.04414055072024217,0.06310042420605597,0.3247098338650061,0.01714735752487822,0.06094377439723382,0.03129222166055678,-0.023807242221616613,0.07143272394468059,0.024415489533456933,0.13724229569449,0.02468086820751244
0.19755532421414812,-0.0899276096394747,0.7005491230141416,-0.0718405127713789,-0.7408401658069479,0.008082193410515685,-0.7114899419106909,-0.42528404467195297,0.020322222974949358,-0.24776783821449336,0.9002746829657595,-0.014921931341358954,-0.005836770758967015,0.32509443194656085,0.22145583325418375,0.30689305116595395,-0.10540067134458216,1.6328330301869967,0.29965507163565874,-0.23000804603914873
-0.040020119723277806,0.01193811337856927,0.011246362084178552,0.006266839781298942,-0.016175123967787464,-0.007665850167491824,-0.04832345925393565,0.0034707777089998198,0.001268015611507899,0.02239587088477138,0.015532019798909141,-0.013362558809401414,0.0037005277411479966,0.014776922571305627,-0.009024521138376214,0.006164339742268033,0.009504195452243581,0.01743618737458868,-0.013451458199733195,0.027470640724087978
-0.0036537327092597332,0.019198124205256337,-0.014973312409143921,-0.006386886232486573,-0.0021372104517754223,0.02245523404642873,-0.029182506778034592,-0.023882467353208866,-0.006571837444277079,-0.018729392840132367,0.002727976833607795,0.0020907985450739457,0.004904038364850361,0.014713939113841041,-0.018154456664824774,0.007532063995871084,0.023009366110090912,-0.01110894027583133,-0.004393399336327118,0.018019205243581304
0.11227664616226624,0.5223258279243497,0.5198722698190381,0.3256734386804958,-0.6434087389462995,0.01467824676115894,0.08458260860412944,0.2881200114635367,0.7900015304844542,-0.11359983856379953,0.24998430533292515,-0.01013230931663933,-0.019835599439693995,0.7932009640422275,-0.7121468378536299,0.1544279366755732,0.0006600655819558997,0.49353649899466084,0.35603603187659794,0.06622614950510675
0.17270555097115303,-0.08413555642084129,-0.13792403049980947,-0.07425097108405948,-0.37513844985436956,0.014197165395261904,-0.5931649015608725,-0.42405112890936153,-0.02829128277301648,-0.22412606065601037,0.049002414416464454,0.014627073473624859,0.02775874541791077,0.23604807677482564,0.14883206280471026,0.26963948206003135,-0.08579989512568338,1.3342737475041555,0.30057758980494204,-0.03995592792455588
-0.09584098477306965,0.5382583770263466,-0.0330319258236433,0.04590718511294091,-0.24164412030188168,-0.004933175681649447,-0.0362011724873767,-0.03297539999383959,0.017081148630905457,0.13822232096240117,-0.08333520216683402,-0.017047394529584422,-0.005138637969933451,0.42532520962881915,-0.608720119080346,0.019076322517506343,0.5938895578320741,0.06451703348765818,-0.04982881867157885,0.20681802847712685
0.05330936601314204,0.07354603847478311,-0.0035480376930622642,0.08543945578177867,-0.060409865083646486,0.006136839834250047,-0.04730159017516484,0.0700967097048847,0.13682832936028924,-0.004536476592831958,-0.05791413896596394,0.00976545590501145,0.015805365388082034,0.12111988474214086,-0.12802489963868918,0.023489245021424757,-0.024475406355347146,0.04612761763444925,0.004604467559017618,0.014655391101380186
0.9978709939686762,-0.7169272287149764,-0.08534682311310486,-0.3988966559319588,0.2030604664440608,-0.004070122820168802,0.048998671071053344,0.36907456824177837,0.029372246991377055,-0.009643961816253802,-0.4860807582103205,0.013882071548561114,0.008149997876666292,-0.6236755327646405,0.9282295666801879,-0.0011004139239823366,-0.8475012109792607,-0.08843161250845419,0.019809875346238362,-0.7374659324210363
-0.04806775714305063,0.8237626666706784,0.02234011167094325,0.018420323481775344,-0.39547409115718196,0.004751331672928863,-0.15709871427105535,0.01649504409957634,0.00854862194933687,0.0442470186574576,0.541599408689296,0.028404082493948088,0.016391104969886883,0.6931128602198053,-0.9448739970148197,-0.04078115822362281,0.9288730567312987,0.17528898628830905,-0.02312014286584072,0.23352251682356806
-0.3969281225344109,0.14135188137519156,-0.33280909467551395,0.07195873154008121,0.028864976112138105,0.25726867626646843,-0.27130639940167334,-0.10109924241113223,-0.19178564067633877,0.5198877716314645,0.7751440066968059,0.8939882264958248,-0.007492159032494203,0.1460625993273525,0.008082029330881719,-0.03152419372711731,0.29957094234924764,0.00415307056730994,-0.19947151398421506,0.5861269048310048
-0.4978151665564662,0.3093391744505029,-0.04651819310084477,0.20567072093782823,0.13459955500987603,-0.015960236434360675,0.04948624991906291,-0.10235966953833799,0.024414340909153807,0.5778700524123941,0.05231678699966874,0.007742911129917927,0.008716585790929975,-0.0011951678771472372,-0.32578683686865184,-0.014435064118138139,0.368816584566233,-0.27017516888604515,-0.2364058132107067,0.3656149719759321
-0.0024319544218494374,0.00034071381399199737,0.018959747499962074,-0.02290105690336099,0.022847774667752237,0.015099394339834404,-0.18164766277353733,0.04750983843689254,0.02076269121934767,0.018461104021743842,0.006739780294655481,0.04233833952018934,0.02239425457859063,-0.043563971859389775,0.022727885392880592,-0.018041780456910975,0.007205531277398073,0.35097559813292145,-0.02865031993929785,-0.00422813217719752
-0.2549301068573838,0.18160886121126973,-0.035027113968350156,0.11226441608631751,0.0650205446987953,0.008630535601398011,0.009765122066545305,0.2500232658275182,-4.025527679013367e-05,0.338637448022925,0.05934043262517343,0.01305735039260202,0.0029246489524192517,0.010501478556507822,-0.1877684932686811,0.018570384114218994,0.2081242589679912,-0.1547275312636804,-0.11244707711548875,0.17630102939847528
-0.007301791922468402,0.029747514183531075,-0.02909036558656625,0.001226646937862955,0.023782552358509856,-0.0037179067960228275,0.03478225110977425,0.0021997279754353482,-0.00611195222363662,0.01759838368492416,-0.009010257812326592,-0.010401515419438968,0.017560013729352265,0.022276559401413043,-0.04691839527990955,-0.005826264417896153,0.025235079319724907,-0.04130713486043918,-0.0070157554627501215,0.024649935447263148
-0.7903728553347639,0.4860955309991897,0.5932599580636748,0.3229564859518769,0.8391131575617301,1.1492792234913554,-0.8244933423929398,1.4518475655775087,-0.006335518976551982,0.5202199832960499,-0.5498911825348187,-0.009927643224123282,0.4739545511252122,-0.7066360410545133,-0.06917606828086134,-0.19555023656353004,0.6414037977403563,-0.0670812108923324,0.12632645296549275,0.5367849763442731
-0.5559333452451984,0.22198453220574685,0.21886132697084765,0.2334297265394764,1.641984126164716,0.514716789402378,0.4104942931963653,1.5126244719268285,0.014228334949822282,0.76190107891567,-1.1372259649320513,0.018798612227445062,0.9649119512386347,-0.46248563896810235,-0.3041879314956369,-0.7080713355923784,0.4147261707925614,-1.7478462038473264,-0.1910028892729952,1.1488543296296367
-0.007870300189871135,0.01575432505697537,-0.012771820394530859,0.0026481909305382137,0.026831477861050786,0.0034614537837076194,0.4554479625281098,0.9141882447138902,0.03309200104128088,0.00021903324469480824,-0.06426666579403373,-0.0064677402823414935,-0.0013422701613142914,-0.01119303363833987,0.25397689034312687,-0.0034086475187078053,0.002313364631055673,0.007698412815492291,-0.011708246409210235,0.4766274207424863
-0.0259506994648837,0.011780837412250368,0.032795346599693714,0.026090682396396753,0.01379987752138127,0.02904017949600167,-0.18236272198675618,-0.020722889048360605,-0.02099323003202609,0.014920362748337353,-0.01263104959259017,-0.008917626508549159,0.005797242549100089,0.0051720568049242665,-0.03838046076047265,0.021293794975264322,0.005726834575485538,0.36670371023185905,0.008595711159809536,0.03843750578763559
0.511292076415665,-0.27218310266819906,-0.025747708439821264,-0.18147867865445608,-1.4676767407608182,0.009105481854321642,-0.5125171756524215,-0.9580769823121301,0.022914855185722442,-0.5848539822891431,1.0034123211670543,0.0007733572015678619,-0.0012529421331994631,1.3166587807713814,0.5487827965477216,0.7167290261664766,-0.2894488221778674,1.4798728690431533,0.6865872894941271,-0.24643119343473885
-0.11564524170750148,0.7351339306794537,-0.04399801683241654,0.03191689552867521,-0.4019056341422785,-0.025692972437668087,-0.08744522652363498,-0.11716426648698691,-0.012489705044960511,0.1723426689461517,-0.041389944355110904,0.0013401867072827377,-0.02486619641016503,0.6257043365794909,-0.8141816720922622,0.04072097731205884,0.8285577600626536,0.17880805383266274,-0.06616397113797114,0.25713079223268914
-0.01127469166653313,0.03533557300350648,0.03683158489210778,0.02401597181239127,0.0158840615937794,0.02005537435266581,-0.01592379891880566,0.023057343432132664,0.002552833259002658,0.03381207001372849,0.013757805671624039,-0.015403407203697383,-0.005962043190562613,-0.004840710710787828,-0.01246543729519098,0.011214103729883105,0.031378775380410076,0.003284590562561098,-0.014122445580785205,0.016961406642986912
-0.09598519094847507,-0.02533187393188705,-0.2662394848426816,-0.041427456393629936,-0.06304482884184143,0.215514292340077,-0.2457437865116528,-0.03049978334365389,-0.15698635115548676,0.10949597150227391,0.6580244683104263,0.8008853226220314,0.006194817441108138,0.20624840698786331,0.13037669825317685,-0.02857447094539247,0.06964355887393572,0.14413246632127288,-0.025761569676424147,-0.11508415322196343
-0.5963012941665905,0.44813469947676643,0.09965773759208303,0.31400886591208726,0.684518722045422,0.2226867481192197,0.7554042485568776,0.6358459108574214,0.128829458025767,0.27576996934320624,-0.5179244311194465,-0.005873752556627543,0.40650111040639725,-0.03162042488593145,-0.37541021199003094,-0.27235269568191234,0.4808302496965537,-0.7042986356703739,-0.055182930020993975,0.4353057393263848
0.05342578560344799,-0.047018610668079566,-0.029602746363978687,-0.03350587498643926,0.024666423181585313,-0.01542208800507925,0.02619063516807142,-0.0006345404658865011,0.0033474015226173303,-0.012190444706409535,-0.05193634472391971,0.004449871668280514,-0.007848437099745467,-0.024503687603322638,0.036545641371167045,0.009312912236659858,-0.013012338211174288,-0.008038572970126537,0.003909229830515375,-0.022975099869935157
-0.01369429574853423,0.003196950060768285,0.4525604998559339,-0.008637545296971073,-0.1476558529549057,0.02748039516139586,-0.06651467793735495,0.036982912438497634,-0.023145705840321065,0.017366136335020342,0.5053843286195552,0.06975567454205066,0.004445543419253784,0.07239547500762146,0.05158969308120835,-0.0054783376145101014,0.015410362798936492,0.09680638096835942,0.018659966739979335,-0.09868037414479039
-1.1957181277845454,0.7447947823535351,0.717414589360674,0.45232016360091243,2.2608798065475915,1.2113080377274674,-0.5208536520534838,1.927022453273055,-0.012951391543203503,0.7834354348373633,-1.286268437759685,-0.00943235282636719,0.635560407519285,-0.8271239989895715,-0.647811193873933,-0.4997029873129133,0.9653781775824064,-0.7443768010534232,-0.027336811264014424,0.6396554430529987
0.5635012616371519,0.03383846711558615,-0.055887885939791056,-0.22508714783494221,-0.34424256491507754,-0.026417720147458974,-0.08442178171738052,0.03795182087643567,-0.02128645031654853,-0.0126573210413485,-0.08655084704447155,0.018229063437716502,0.005154517026384489,0.37049211987864417,0.025973876434659957,-0.001833899328053449,0.09212876654136178,0.1732476973294181,0.01640274324287769,-0.3358340364272304
-0.8572523570580372,0.5422384310233064,-0.07843845605409355,0.36177937866109,0.01277219290830731,0.01269283358851344,0.028339008135841455,-0.25463919367988586,0.00827562469051674,1.008046091695829,0.29565204780882426,0.020268473311806135,0.0344101699426735,0.2990434843421021,-0.517045909203657,-0.0008030430862031013,0.620802811254644,-0.3190814327304261,-0.40532119104368414,0.6247492252276865
-0.24245584538028936,0.979292132040347,0.6020700572456658,0.576080054704132,-0.13741256786585485,0.9073008966327485,-1.0642971716612866,0.19653814816576506,0.009989984168048064,0.2762636803719216,-0.14675714650173932,-0.0029553048350536553,0.02763656356659675,0.18776295384942185,-0.9867589172030063,-0.014276950252310776,1.149681754017246,0.7110099408529976,0.05065495609342013,0.2743658940640026
-0.004854070699652776,0.5893642467889737,-0.029030670145485916,-0.02313324679254717,-0.3112441385971768,0.00702673114034671,-0.052505455116444805,-0.05818364728181956,-0.0313835992062329,-0.010324679058014038,-0.0808343100325048,0.023161956764968454,-0.016059352417973977,0.5344742109473146,-0.6895579646714961,-0.009422792112971472,0.6881659592162511,0.16905673795470014,0.011768501905916346,0.1213186242716263
-0.17164874345727713,0.9898376462108334,0.47987644524538586,0.07408487188276283,-0.3744627499194228,0.8492961079374836,-1.0762342955518778,0.759642250183678,0.01006471319387295,0.2071468866487937,0.2753041070781894,0.001607867823937948,-0.015467415813372395,0.2189996808407409,0.08321446902812994,0.0102880582349452,0.1662812586652388,0.8069616801273485,0.06186948780795794,0.19199617970010938
-0.10736882583841391,-0.045044630788221324,-0.003910315384594461,-0.045707508375577244,-0.14533294176430653,0.19082670588432066,-0.2417801301336841,-0.028662686198762093,-0.1701130220877645,0.10164975912480192,0.9361823610255101,0.8001075927987467,0.007985906324520488,0.18379832474961677,0.19010825498671877,-0.05352754110901471,0.0726014891054905,0.16017190219793578,-0.02500476875033128,-0.1548207038494772
-0.2550912886869668,0.1477575555330552,0.03037770422849318,0.08072886572480362,0.32729863468811243,0.09604910216639873,0.08733871493880585,0.22375101294718744,-0.0009828930136931953,0.1225225847575173,-0.2172517759523291,-0.004144895255247951,0.1796225082931509,-0.06760057282494811,-0.20033597955461965,-0.10768637716957204,0.18680329692997932,-0.3225095888921921,-0.020134378302740223,0.18836886182017137
-0.2855255400739264,0.18556540152032927,0.05583997273947174,0.11113429284948026,0.08843111602572618,0.10897852116879773,0.03900628740803115,0.09394190017405087,0.002199063325505001,0.16381659607940355,1.1531617118924367,-0.023124077774059736,0.1714669966945586,0.5669987060479762,-0.19160008795547204,-0.1474710345564138,0.2337751517041512,-0.22763195342922685,-0.039613571278354555,-0.1661961778660433
-0.01652838985338434,0.027436382228611632,-0.02155794921944758,-0.011688558250423527,-0.5374943089171922,-0.0008639279130042022,-0.14628568452886617,-0.32698532485690596,0.00010615180048554338,0.012836208619905452,0.7084037621858796,0.0015987388813570608,0.02877781142209239,0.8976852077438447,0.12364471372679837,-0.0002708496675075632,0.04000682371294126,0.2750194341266115,0.013614092518888492,-0.015238945272605952
0.006480077751654613,-0.006617534187264733,-0.02869375779707372,-0.03835645790950841,-0.03917546794122691,0.0008527816107432792,0.013424702698701727,-0.038119510685769596,-0.014542713834426242,0.006047540986167662,0.5232851777546376,0.018503281265962138,0.003946400757745858,0.029273942467416908,0.053977077865634035,0.0019033427299457867,-0.012886561939742046,0.028448281990378466,0.02192425104075022,-0.14303250745779245
0.00819239764943728,0.6021871791704971,-0.0036894691140261088,-0.00214226916017824,-0.35860706429102823,-0.008278279445598846,-0.09865935600506932,0.31495383870197363,-0.02724611609561999,-0.006575052375848725,-0.052340575160386996,0.007379263453571695,-0.00035846976347551733,0.5366977376103249,-0.6861007420171913,0.010948613460310992,0.6926093784189649,0.18828840778033615,-0.00431485095091072,0.11938710900256355
-0.01600692696524396,0.015138317206530543,0.002391944260270913,-0.001320521509639675,0.005850855627385726,0.027405686602465812,-0.5439454248084228,0.01394006247955232,0.004555780268173395,0.03091237312956794,-0.007282368940781207,0.0035060443590271767,-0.01105989474808107,-0.02230574283076476,-0.010048371677107428,-0.0103359913319,0.007038657380404111,1.0201022490821203,0.0004501236860050702,0.017992918337291587
-0.179195881226513,0.09507536437669055,0.0058061966342454596,0.07930712991199591,0.05843124910088584,0.009227790601607418,-0.006179337880185095,-0.014193845990646423,-0.006765316323331298,0.23147406373692542,0.2530139079410079,0.005938124626034141,0.016092737531569045,0.01100794296951951,-0.08565145538840258,-0.015853783483516518,0.14210896614605412,-0.09306434533769585,-0.09924793885697368,0.07261383888414671
-0.02699650180194448,0.024649339525320654,0.03290464683599838,0.030867135405850243,-0.1170562390470156,-0.007140012679970018,-0.04670435322694988,-0.06902118997815476,-4.441718899120088e-05,0.0001789099038629824,0.1852067855474579,0.01063904325462326,0.014133754645112292,0.2296400258030905,0.006407993262720006,-0.026414773145955646,0.019492757585217835,0.04300890305639611,-0.004528567629235246,0.007717822022790744
-0.05394946570697296,-0.03822823646124366,-0.1797798368655958,-0.04072215478243651,0.0656238602135127,0.13738399309968768,-0.1267012056576247,0.027733449008325223,-0.09263129055805852,0.08099357390831029,1.2001792525337474,0.4717083685726368,0.033818000146537665,0.06619979015427696,0.03386890005054132,-0.022768185153925917,0.05449740597936687,0.01613079273563811,0.014996400861612302,-0.3587352357113301
0.00018779371179285934,0.005225920212313148,-0.01076268409426714,0.02729274745173179,-0.010722397886361753,0.03441615347339443,-0.03380486266386245,-0.004471275797941097,0.00788400556018294,-0.010324566967458341,0.011070427880672598,0.016353349270803133,0.006445482506792885,0.01569074065365095,0.4043910450210518,0.02454813286378608,-0.02743461101196012,0.03755867812858415,0.006784309504743607,0.0009232835782945472
0.047849317682552864,0.4139564500141376,-0.772650927415174,0.20132151460990722,-0.0060833479082662055,0.00468252122354825,0.2675613149697093,0.13081582213815868,0.4652412527787619,-0.07694201098246477,-1.3060738342320277,-0.02277642639029296,0.024508711304655408,0.4511893641611589,-0.6762023433805071,0.09024737249297503,0.14592539754976222,0.06624690973455737,0.9198580066493289,0.3916288095308729
0.0011286446829630614,0.052239551392935825,-0.010347626492595331,0.013623006950922275,-0.024924672983809015,0.006003942364545986,-0.035030389383507214,0.003596442396598301,0.003541572768637369,0.008951769940785812,0.7763455580273342,0.03394384699338968,-0.005004363775226268,0.045055185048590796,0.410686484983786,0.0058929661982059355,-0.007580816425027989,0.019031440789975228,-0.019659668206315754,-0.21507911990723894
-0.0271690188935629,-0.0010632945552985279,0.014838307766562212,0.015181207487100825,0.029645632532863474,0.04282255941390657,0.015275853523461828,0.008798658543461808,-0.026934354951803286,-0.001832525562072865,-0.01410648132925826,0.013429451876868182,0.014721946159924403,-0.001925313811276112,-0.023872438448866752,-0.005882417869853494,0.032545603737232594,-0.0022400809518667575,0.01693596630916603,0.04105462114079757
0.20844050922232804,-0.13350983996980656,0.5179561054218413,-0.08585448126398587,0.28622360910048683,0.046119878920369325,-0.037470822936519044,0.12496693272296334,0.006461554453487216,-0.2701963153415513,0.18252773069756506,0.013046122429013188,0.013036650340987674,0.28649225595869726,0.043666397798044584,0.32902234922740403,-0.12365740264293829,0.2555270186805615,0.33861345259225173,-0.3266382865736447
-0.001329059860323006,0.01553867435756518,0.010412738701100703,0.024920980526476604,-0.01942741782832401,-0.015096526238249332,0.0008854731218528687,-0.013654982363223284,0.01288779143178987,-0.00022586629240455664,0.007423110678620134,-0.0025036567419606305,-0.0053027024558984686,0.02408630577051008,-0.0263242444473303,-0.015901854390499147,-0.007393496326396044,-0.0009480840901198769,-0.004558970151669111,-0.005759329879308296
-0.0016059654387236243,0.5576029255479297,-0.02610533772206297,-0.013541566939403765,-0.2778179196941533,0.02083670114682412,0.14940581023433314,0.7031693931745833,-0.014791180815701396,0.025587289634079517,0.17030272630028076,0.030832024981782353,0.0035429832081598483,0.47552782146580663,-0.17664638062933058,0.0029308602238077843,0.006332019729461385,0.11020845065915105,-0.013266085987120261,0.034854238210199395
0.4637347583039307,-0.33314904946845453,-0.05228205981619047,-0.16429502456245818,0.1027505198006319,-0.009373981295103357,0.03976336537295665,0.17840595843901721,0.006356025992882854,-0.03471202558023619,-0.18806013855724554,-0.0018258227833485383,-0.02149962415690309,-0.27173753998645717,1.35647007232652,0.004563222822773119,-0.36146346058310247,-0.026486109623115515,0.02030655394925,-0.39442395370826155
-4.010849930913621e-05,-0.05330589886873061,0.015354986432999276,-0.007181241207081544,0.005416671811185671,-0.015111997474076187,-0.028359610747755053,0.0034521710279396445,-0.0020895178567343384,0.003282688635891271,0.020832299879050695,-0.026291407398897376,-0.011106890956696192,-0.030734252597313695,0.06550923936796468,0.005221014754344676,-0.05290764653793719,0.06076197345256001,0.01807445219463232,-0.0569941659073263
-0.01050870650715761,0.026030820337173487,0.018719258290881106,0.00549073331689283,0.01436944595304695,0.015279225508524246,-0.01875358421730631,-0.01118853491728694,-0.012578220461503527,0.006866324792456584,0.33627308048778004,-0.012733253758710733,0.022987370132448285,0.7300166375924421,-0.02266868721036731,-0.00824046099889884,0.01446782763247587,0.008705496131309123,0.014742361362916727,-0.07917587351013228
-0.5168481068129596,0.32306976302828766,-0.06870280589289474,0.21332158558496064,0.5789614674606032,0.24941548196539834,0.14471361782821848,0.3487424369386028,-0.007938330986690771,0.21970364519477126,-0.655526667798365,-0.011237142477783573,0.392839944943945,-0.07310552820726064,-0.19511777549610687,-0.12912344212520283,0.4518603711627728,-0.4964729750370936,0.21105380477874763,0.4406902148878569
0.03451116112069293,-0.026793669013336144,0.0049678177207699795,-0.01800646632459723,-0.03720306598370796,0.01022271759022448,-0.02255979654002228,-0.00630347056879098,0.009912092285126156,-0.020398227073538666,0.03562862295540849,-0.010186232815923305,-0.013196055077931557,0.02585676422352236,0.03174970544380843,0.006758745453157685,-0.03146709092699816,0.022720966059020152,-0.005170613897324358,-0.011393103054438513
0.006483554789380248,-0.001631110397598781,-0.010844744633054819,-0.01246898975992397,-0.06066332390846534,-0.023234012457904164,0.10316206025472305,-0.04286164815770979,0.008113575189345034,-0.009002905369979391,-0.019366098859908698,-0.021987405723337114,-0.010524730611897713,0.014303853890803067,0.0014351777728782746,0.020650111945969385,-0.0007526934529777565,0.04179240048052338,0.006237794550138318,-0.017088414800153946
-0.3614998116726621,0.25174783862961897,0.7127372513123462,0.13499152171720463,-0.2587301111475118,0.014565363671990865,-0.041666420122534235,-0.04805252291548037,0.02045830851376832,0.42090614379249663,0.8215763629727489,0.007504334914123092,0.0007269557941153382,0.14855721717592185,-0.1745734766535213,0.012936428064956186,0.26553275121634967,-0.003707095165099087,-0.1613601698121656,0.13779986723790585
0.0321730071768573,0.5184173278759265,-0.08362754204324196,-0.02881819254737042,-0.31725049924664844,-0.02565926610027047,-0.05880224711604777,0.6648450236160662,-0.0025180466827801565,-0.021890824843934432,0.06353275877537935,-0.008713765814381599,-0.022419058321882842,0.5041676891218763,-0.17612166496199755,0.01046724990338679,-0.02476491472598419,0.1721934374814904,0.0866618126877937,0.06499419598703488
0.6418020342486185,-0.2417957231728859,-0.08869382379634615,-0.27234933434484937,0.019510751998391886,-0.011685083953835619,0.01987004876742806,0.340601960528508,-0.010917074958127528,-0.004754862045634718,-0.298829202219146,0.0006146419508303424,0.03140973213947156,-0.23820243945110312,0.49982125630773033,0.0037059149557535534,-0.4989350765575516,-0.020299755132395736,0.030364933994349065,-0.4741379377373272
0.02382563379693615,-0.027647543895970725,-0.011835889982497926,-0.010516626435885176,-0.01655614115477795,0.01426682869525225,-0.025841373811123686,-0.01731717651860367,0.014977577900007394,-0.051831518858566364,-0.014111665840662806,0.008249081851665327,-0.009192686995849854,0.0022341338177268213,0.031081861803674744,0.007066915221034432,0.004144769916051632,0.039377222729315764,0.017201203028254772,-0.013605290512353535
0.4029621196614053,-0.20138771640221534,-0.3029803886905813,-0.17189873256183316,-0.7757741684128386,-0.002159733609299592,-0.2869706149261489,-0.8557290352053738,0.0099013091062303,-0.5249835350866059,0.0878198815712907,-0.013559347988028336,0.018254484378757367,0.4547333975397535,0.9938737155436701,0.5953606916691938,-0.2279822410529953,1.0259232043810464,0.6184478551826503,-0.08985197350559024
-0.02833773398180333,0.03137428983199636,-0.15831497508549944,0.008359590089853116,0.038171520461876274,0.0028967112449746497,0.08843965536945249,-0.011513709712617051,0.006359463515302161,0.005281300327958033,-0.26694927251399647,-0.017640978856640746,0.02669588922997436,0.009515763189746625,-0.06327346920185047,-0.010088343011793562,0.01790121556185721,-0.03898150001978614,0.18421527434227802,0.0982141448992646
-0.0012278522189654176,-0.000138665472923921,-0.007254266143909492,-0.019900345340529892,-0.0019502770441535448,-0.008376190561687823,0.004000668361942149,0.028480168565599685,-0.01831857027577022,0.008634061469538365,0.011289407953528289,0.013220589601139122,0.010054533230337868,-0.011212884381601253,0.04153406555123852,-0.021222723576980677,-0.003265673054155784,-0.00044402432535007967,-0.008362816372228948,-0.024517040665889823
0.6099432269258831,-0.29085518909652275,-0.4104536990556394,-0.25186091498419827,-1.1376482514533284,-0.008831254363474641,-0.4286220440003392,-1.231769875600481,-0.013920539190703548,-0.7533799778368313,0.15914119083754757,0.012481137399850038,-0.004604255964680192,0.7244653853138935,0.48056129203643594,0.8778768216156796,-0.35889503090357017,1.4959713201428517,0.8460990457051683,-0.15481827847830812
0.00373981695706786,-0.020572242859527027,0.43251323195921565,0.010246961718232146,-0.2779857717863513,0.02819584331222004,-0.07208407537781236,-0.08840102287837026,-0.008425857920813618,0.018887090739766077,0.6257742158574343,-0.004258932407109941,0.011299682920969244,0.2906388637162943,0.1068675853473128,-0.005753739269114778,0.0008267421974726668,0.11966745803956146,-0.008314080864657002,-0.10799357643981022
-0.5911045859282628,0.3984432500227348,0.45251811597553415,0.231947976263907,-0.014222356008191737,0.303488373545217,-0.3219907437101631,0.024738706212552742,-0.02455913107647549,0.7349400562762712,0.42950114381200705,0.009331931654356578,0.022529720302392024,-0.10695799914252853,-0.16083262921868763,0.0135654666773673,0.4461503382589385,0.026632715321904817,-0.22365470176086902,0.3661204302772794
-0.0013480966777329566,0.8041811218771435,-0.07829289579379956,-0.01574057201622085,-0.4338872979392234,0.050678748841099346,-0.4500168334611193,0.3761073262975867,-0.030421093889477027,-0.021333181051695665,0.33611481518692876,0.17101101121458379,0.004417012646434466,0.7610014815809677,-0.28583440912671443,-0.018414485236683348,0.02678933254222326,0.8211900583701802,0.017011540560472424,0.028850559598710305
0.025793215256120498,-0.005823489672120875,0.7186950912595775,-0.020332148084923674,-0.1183899859436667,-0.03100972966027636,0.7877441331093594,0.120862989281491,-0.0020711211347331174,-0.008647818333735353,0.6206952442170771,-0.017340743973104672,-0.01459779301744079,0.10992960467418075,0.02804929892263603,0.010096465914906805,-0.02001201715940047,0.041904220538543986,0.0024696771408441146,0.5290079903420949
0.019623654858711512,-0.02247822893988968,0.011375220981473238,-0.014156491005197707,0.033055518786679505,0.0130788096012684,0.018748992419471942,0.3735489636475473,0.0038377640685772424,0.01049790559907192,0.0016955589131958416,0.013302152945255266,0.012438134789644999,-0.027094858732427705,0.031723487126088204,0.010703290077584447,-0.008897416492569778,-0.010732986971348077,-0.028844251764689386,-0.043235511290031226
-0.04012482165730143,0.01785819972224864,0.08556245091307513,0.31949241768675224,0.14224033203137193,0.021854705289817315,0.5690445553203244,-0.07561661867430075,-0.0024064640597730672,0.028202769201446556,-0.0145782594464409,-0.0006025307449069404,0.01413288766653808,0.0011073175079249755,-0.31293995814187897,0.0053826694078666915,0.02812277530289409,-0.0683149932528623,-0.017361677063772837,-0.033757140791903485
0.01159884637189739,-0.02510364884783485,0.0050576684363004346,-0.024259369029127606,-0.012174604764321644,-0.011830616459998973,0.010009439934721968,-0.04111309167729205,-0.006792904076231398,-0.024180747607333936,0.025304052653491185,0.009163154472816619,0.0029671105502758178,0.006635764072936938,0.03165855799151773,0.02363581724568198,-0.018603989121955867,0.03302888606972888,0.01861805865762816,0.11047970687350693
0.039271216656548126,-0.024179992277465784,-0.007961018174307978,-0.044816470995874894,-0.012168315019379683,0.0018077511141114944,-0.0158588639966812,0.005652923915276957,-0.03338848579859283,-0.0019420133859985294,-0.001971073426674997,0.014958120883431375,-0.019338598580222015,-0.051978607035300745,0.06768911758722057,0.013846408372121446,-0.01773294832915237,0.04657489845108804,-0.002751746097129526,-0.02984538818043196
-0.013157748910129007,0.596323533888416,0.009403349531952215,0.004369000256071436,-0.27842454799566824,0.018370808513202518,-0.06046240267316904,0.3024085765210277,-0.03133265817807787,0.029261232817600277,0.17050903971738784,-0.0031058397314457043,0.018576724723145144,0.45126056718737245,-0.18308391340005933,-0.008151883115919896,0.0025905010214045676,0.12902334152802286,-0.016278579074445743,0.05624986604173253
-0.02405886899476231,0.013742424509153158,0.01578481866614263,0.004162464764244485,0.045984332362866434,0.016994102992797678,0.013018779802396897,0.018277451594999623,0.0011898074616648621,0.02207029808758465,-0.03391980521065354,0.02739958991539518,0.014373622496032037,-0.008672741120669254,-0.0365843874461533,0.002748067292964512,0.02834826667951299,-0.009273369726240797,0.009534870818416896,0.029173637363632245
0.04246009653823374,0.3728057384363183,-0.11209577603244497,0.22598812692865117,-0.2306327362174851,0.003949953328435035,-0.1153953494396413,0.22039401727588742,0.5443924543228077,-0.0977628589750194,-0.27467047079355256,-0.016179740748560267,0.01025345286489755,0.49938275239063334,-0.56411854741252,0.1131976433200718,-0.01459257183429786,0.2250275554836191,0.1147161866599904,0.14820246349266483
-1.1056638037336233,0.6532938494222483,0.2242918540828798,0.4250888108957176,1.4011596183048864,0.385852169262045,0.36351385091163974,1.0877361838258468,0.007356248418497675,0.5947552406490716,-0.9174926440189959,0.015959052371733694,0.7242940197425721,-0.3767972685153298,-0.9127478232618687,-0.5514364368032422,0.8606940834377436,-1.4472326408849727,-0.15751983269575384,0.7255877655521823
0.04069845309363924,0.094765520290579,-0.41477729422877474,-0.028553137839307973,0.01418806080734375,-0.014734836516233417,0.2894053688742906,-0.03291714318742304,0.004016470373877674,-0.017129961446399406,-0.7113866389622711,-0.004028870003443188,-0.027848280624101912,0.09899693319517397,-0.13138321639016645,0.007900389496415665,0.12445580109875248,-0.002954283164858339,0.7819002516353748,0.9892264811724869
0.04017678490950373,-0.025842661033035792,0.833266635078007,-0.024411265717584105,-0.6938856110538144,-0.01771286630130737,0.0932500773163062,-0.22282728627278703,0.00783922139383255,-0.02106267183323659,1.309028223820523,-0.007124540129904898,-0.02252861232211324,0.6538350297807934,0.2010726639370776,0.013396044380195402,-0.03113074797804311,0.379082313937366,-0.0019641565860076715,-0.2144502781159136
-0.10849570470529134,0.0536742302811577,0.25188126363788604,0.05382447913211832,0.11486747331180372,0.41795732785425266,-0.4541105277984646,0.17132096546505257,0.009255256055410083,0.14131500413993134,-0.018709093440841627,0.0004740017661955965,0.030483822421701022,-0.2699315865553763,0.16978437769791485,-0.019187613796215947,0.11709700063285593,0.21652065674643178,0.04778681823172326,0.10239679399689476
0.03514791803646178,0.48666651049318377,-0.08646328078642318,0.1781885899747093,-0.34869499045793234,0.008060563482612212,-0.13198360886151542,0.11625258662358334,0.4165784321228956,-0.06439848048466461,-0.21982077127792804,0.015623596215658054,0.010132638576151346,0.5765784727923559,-0.6734696651378975,0.08842355603291809,0.2467934839827646,0.2368966002789615,0.10206061916657433,0.13723534231787035
0.011639665852657691,0.0026220536349443584,0.0013110075456392953,0.011228495071267625,-0.009578384226817073,0.007216308781777151,0.30148442177573415,-0.03683779202383951,0.008736600708878047,-0.014773044986090694,0.0390704489251926,0.013953069978812052,-0.0028535421603720097,0.005094434507448409,-0.0027970169222636503,0.0015610269626572613,-0.00751076836748723,0.565514123403542,0.007656755106820458,-0.011118389601418567
-0.8278123052067621,0.49713176557527505,0.149307475912587,0.34730754961080146,1.11494379227421,0.3022402945785068,0.32221006103955807,0.8548345458637614,-0.023877121147002654,0.4751579321937322,-0.7390489420204333,0.0031408368987159343,0.6119338028154927,-0.32322961169154046,-0.7155071653666892,-0.4460821253710502,0.671579997544001,-1.131744922005229,-0.12097231578727642,0.587517301288182
-0.017982969428255925,0.04533645837230345,0.3074582715961467,0.021199756956963474,-0.10030361915806847,0.012196725694934393,0.1118161215463032,0.01118864670762908,-0.009499260500756418,-0.002631067457233639,0.09583133450990013,0.0220792373165622,0.01965814175422549,0.06938076591359173,-0.06938194859362126,0.002871106386423258,0.06252953815078183,0.040899517074147546,0.3569193055220182,0.02753201588047561
0.012805399977779812,-0.001975762988240347,-0.017058672799056766,0.03076420295118049,-0.009354622362385899,-0.008504923128595899,0.022760404032536142,-0.012881751607515519,0.0017524054586537281,-0.008458908805498053,-0.008675887216338836,0.027723052744657056,-0.008469400540779593,0.014263207925525448,-0.011499519174805108,-0.000496497966384438,0.01546662750568005,0.003520365023490812,0.01384146190277492,-0.012522043159609681
-0.13356496260929995,0.10530695860987359,0.7421745566861091,0.012892556627204822,-0.14119174136187745,0.509857576490275,-0.038201561725987036,0.23985954963629755,-0.0016479741911446593,0.1461658540922802,0.46815231975351146,-0.028767559378229633,0.01340297440964514,-0.2646496020292046,1.2458673765610828,-0.013688654734483732,0.1386272610096321,0.42388083535205445,0.04190428680057786,0.00978283600520688
0.04055543006934269,-0.01501460584173503,-0.04347096045849709,-0.03476364832588436,0.4498596330000211,-0.0021751124746232763,1.047220559786618,0.22339183718372474,-0.008850310357294519,-0.0739211745202441,-0.2945701646186391,0.005454913651994903,0.015857065011336026,0.060832635740349694,-0.0945542854429,0.06246676791442459,-0.019449214286558825,-0.19613103866070014,0.056884018979204316,-0.07829201160811199
0.020433758132387417,-0.021510507989209796,0.8926482955579729,-0.010293310489735558,-0.3643122892421007,-0.018254892168819137,-0.1093972357089527,-0.01882651479635706,-0.006107242978949325,-0.03079516457859316,0.9117389157002374,0.007967700024415736,-0.022823229343649463,0.1399174752020011,0.07225644747245326,0.0034281304982190126,0.00021961604691076667,0.19693098908218643,-0.002041971449665914,-0.19100676672487993
-1.1222990390005654,0.6630215160344469,0.17565883981682875,0.462592989891866,1.4897372391899155,0.3932596076609191,0.4000425075083433,1.102502123214076,0.010619526961773046,0.5795236357077793,-0.399300701398103,0.01690346787466505,0.7818656812544102,-0.348270671057583,-0.9944543526407994,-0.6005542138646728,0.913801588018404,-1.5097637095014476,-0.08888789963371206,0.5997778719442082
-0.06312778602183972,0.026252871647234735,-0.006335514059762247,0.004860732994277112,0.018926234843878995,-0.005737131419736216,0.0150795513821349,-0.004832034627822493,0.018962452709881835,0.03618704798687749,-0.017300028025790636,0.00488935835134082,0.00833464411696551,0.014885022546746784,-0.01854029563124696,-0.0037876265694937444,0.03159866072550372,-0.025985379868369452,-0.011729378652398797,0.037044794887811705
-0.5692651562627601,0.3561264910264865,-0.06845122998218532,0.21769327763454652,0.6938135302048358,-0.003190255133648852,0.17722578866582167,0.2380661378727524,0.017614749774669543,0.6989395581350419,-0.25353607565761593,0.004944134734374456,-0.02016182441483704,0.07879626718230871,-0.49516515704359615,0.004681844188445333,0.3876139926664259,-0.5522637836158535,-0.28363153438796923,0.3362664725215565
0.005133509069542994,0.8478547550004476,-0.01207426359405682,0.018753010094619743,-0.44442383923153017,0.003409447483448357,-0.09667726511467689,0.4080610034862705,0.011537302015546487,-0.007581000125861134,0.21468938043309452,0.01077400347136574,0.012099327744402682,0.7707218227791823,-0.36894521929779045,0.02817644986843658,0.03287713458402746,0.23746957741675523,0.047588675260396,0.10275153800349655
-0.1276376410547378,0.20874847535845792,-0.37875110294355485,0.029600339100754276,0.22936673276331468,0.42585251665093404,-0.10930392822561572,1.219815861377079,0.0043522703059880475,0.15841355642756033,-0.9379983725739942,0.000724595187349731,0.014309805566995341,-0.2066712688343285,0.7877023852976822,-0.014222145527614277,0.2475393042698818,0.16360167439985984,0.7571731133834403,0.32559023195281506
-0.9369771186925213,0.5802504266394233,0.11443593580641116,0.3742553474892521,1.0881758559919272,0.41126448922706366,0.25572399561099224,0.7518686911831477,-0.021188512953038304,0.39175536288246426,-0.8040603871782493,-0.02345424796291374,0.7644991479941443,-0.16955211387916,-0.7681498648208522,-0.3118330664038675,0.7710702454603107,-1.0014420262477668,0.12572180575259503,0.7293227043354987
-0.006592594257979038,0.0367403185106495,-0.001821280379205697,-0.011638648084368111,-0.016484449569692698,-0.011376558687315292,-0.00017121931295150175,0.005561646925074473,-0.00281651509844177,-0.017921589463617164,0.006401677965127573,-0.028894881209089597,-0.0074021584513303835,0.018056448978286472,-0.03824669219076425,0.0018755203340973345,0.03577457623617529,-0.006660286935938838,0.012848763542009065,0.0077824452158379775
0.04545029174641334,-0.05650689918185443,0.034621527200940215,-0.024725434342622025,-0.03985237185761916,-0.0002796931545152783,-0.04207989096674481,-0.03681247191241948,-0.009625176768309835,-0.011989177577357572,0.698489653070943,-0.018866625641944097,-0.0056588934480308085,-0.019968145258637472,0.06644451742419705,0.018838036517268703,-0.055067161357040054,0.06635519771762016,0.01217478759411636,-0.26089077693338414
-0.4189511178441612,0.6240215564913483,-0.36647166417707444,0.15688919260546091,0.41309080897746986,0.1679601660146392,0.10290835268905374,0.47395563848421146,-0.052875647934644714,0.23233361367489974,-0.7918590964385546,-0.02003744281862697,0.3167528212883813,0.3641720451979233,-0.5295646329759913,-0.2344860800033189,0.4601287539053037,-0.09744837843138231,0.5148456051451287,0.4909936276655091
-0.06693913815513107,-0.02289201828141585,-0.11925570057718891,-0.03443962418701598,0.029128491488467134,0.07320280608138623,0.3468051314911712,0.9445072696034161,-0.07612135251830641,0.04212430584782535,0.2251693669335576,0.2602159468425579,-0.008656101671237697,0.050029948968374906,0.06774362175579961,-0.027717809538974483,0.04386567628466787,0.02019661318213082,-0.007432355428810305,-0.028907726549599378
-0.11285300976945473,0.8574125627681164,1.2922907122930682,0.02503926899508404,-0.7115429714819961,0.5629301180135613,-0.8519847404336278,0.4894264959683455,-0.002038310274682633,0.169365497246026,0.875838317731531,-0.005183500487167875,-0.00041189642918618456,0.4493457071007874,-0.5063069642083795,0.014181066377028283,0.975534414539726,0.7421823576650859,0.039432968599051973,0.019329527328752698
0.0031731275071589906,0.0017647276050166676,-0.023160829708686777,0.02182615516282334,0.015532581937601243,0.0030346523402061884,0.014894970478524991,-0.01887329925748353,0.03897235738368869,-0.008407525127252794,-0.022190857819437627,0.010590876155236646,-0.016354575120983292,0.002036361289214983,-0.043709221753534276,-0.018034695714846023,0.0021752517520861863,-0.03749579211261109,-0.015814906974149293,-0.002019605268184341
-0.0146226209285771,-0.0015357976196758664,-0.07915814023527565,-0.009542031990739965,0.0018762007239149013,0.04714756734428083,-0.37977663211505036,-0.03274613271387309,-0.06422495484322396,0.02450108619257636,0.15093871171574033,0.22994134936483648,0.0019590262789334024,0.05011083528941166,0.0010875609866307545,0.00021792315205442555,0.046808776840753755,0.6696599960026262,-0.0034719690621982015,-0.03181431632218611
0.03471308352283545,-0.028131916207991492,-0.015326269699969954,-0.03059272480455506,-0.041216395770117306,0.007780233844840052,-0.02207528643425049,-0.03725788042089615,0.0020097353026400358,-0.025103121545832822,0.06921021406179932,0.045294494947159515,-0.013644888119268464,0.008267860416810392,0.06600100625745563,-0.0029260613548048823,-0.04672642966884369,0.04913477635715993,0.008852700145638097,-0.03739989821896438
-0.010773039774255826,0.33809636058915965,0.005420992937380631,-0.0006222165069058221,-0.1932774556313142,0.019667002104708488,-0.06348495541333922,-0.02120971211628219,0.006066406377879368,-0.0005682969214044105,-0.0470671993041065,-0.004785148989237429,0.001758647146646001,0.28275983421573836,0.5282162488662475,0.010745499416986059,0.350132207274522,0.09139708973366335,0.011824925292238154,0.09975259355252583
0.037381147256004034,0.9692522414127779,-0.027756370782237864,0.06323850165545408,-0.5766974077117873,0.026578997117103483,-0.18953861503913524,0.0742969358524408,0.21563563344994238,-0.02887317799884379,-0.15683983031398077,0.04601242760087549,-0.009874815170362376,0.9481289083730929,-1.1621023590632078,0.038554883090698,0.9057061716539054,0.31460427492491727,0.017139624781625395,0.1958253897027488
-0.010008195391905044,0.020862710481130614,-0.08112462560340801,-0.012022087928692835,-0.016899112292308553,0.03246852370537781,-0.05402906530130262,-0.02442746090407609,-0.002625401437454978,0.02742416992632945,0.09999003811297495,0.13561842484616862,0.005377522514228015,0.03579349260955692,-0.010957257595645139,0.00787343821992442,0.024499598660933264,0.029560988870231297,0.0022778524846029844,-0.007884048398732853
0.030429194832530124,-0.0024797631851863843,-0.10191005730203871,-0.015654643507377553,-0.02014289025494981,0.018350771057486157,-0.0114981508747156,0.0015224715610893686,-0.006191232315994928,0.0007230801386101261,0.017969406881305838,0.12612665264760475,-0.011069717154622214,0.03513684302353691,0.013016860186544278,-0.005392334082729773,0.013402185178496619,0.04187156413653466,0.1108093822028632,0.07430213774227883
0.6952914995995366,-0.17052670724194705,-0.5276051204025272,-0.16392479491636627,-1.370256457964864,0.012353734323650242,-0.5687089365115029,-1.298250339993094,0.2474130675163794,-0.8641540357461915,0.0564253310665853,-0.012832567076421306,-0.004043179639126777,0.9981472546396039,0.31551973335573524,1.0153545059260243,-0.38380248453490284,1.7674987052522486,1.0032700898624494,-0.15213433278041136
0.7684140188822907,0.14903851620440892,-0.060841132696710085,-0.2987750485635299,-0.1646488960600156,-0.012952334283754979,-0.04174095814272975,1.074572153785699,-0.007033972642324326,0.01580447244403011,-0.16367790383630207,0.02413789143536161,-0.012154811842901677,0.12954448637206006,0.4043018098491038,-0.007644780225410362,-0.6140157398002838,0.0635024774389945,-0.025316808878721488,-0.5186983457792976
-0.04207301948459345,0.04108316595956837,0.12661608774256133,0.03214519558947399,0.08207099777598495,0.209945507577677,-0.542232595970918,0.12233457351933312,0.020956191270003567,0.031005571184467236,-0.07293447977721051,-0.005671767934425658,0.009950682351120805,-0.1441422983643107,0.07857298488436029,-0.011071958041761499,0.048338543705794185,0.7450699093441465,0.014220474872773815,0.03831883200282207
-0.03258128533820331,0.02431664236200038,0.019957184859179845,0.03986690694809382,0.02870252658017115,0.02181482390058686,0.009258727707159983,0.0239813016027942,0.0037256388706699475,0.010351311488372664,-0.00018221083217179407,0.0107906887531505,-0.0036164639530434813,0.031198775925039543,0.29698150543471596,-0.006080823505468838,-0.0004193128155288873,-0.008712255152701251,0.005566494690132335,0.015326385536370134
-0.029763630924966,-0.03466586141053819,-0.15337749326329025,-0.0015325594599102758,-0.03458176299327537,0.11347578571148238,-0.1536962395450714,0.3681289924366666,-0.08200927819365933,0.03690596509650364,0.3720103913942585,0.45709583437469503,-0.00910148540298484,0.0978804666479856,0.07440034149210156,-0.020050723317249046,0.04093432066106349,0.13523345674838883,0.019769762192730096,0.814717784825391
-0.06292442094643969,0.04058420763232953,-0.0120096467795399,0.018065469252089662,0.002419172750341472,-0.01814076647641913,0.03890112507916116,-0.02408476716489714,0.0307979992272522,0.07401950409141249,-0.025732159766969395,-0.015773417220516908,0.012837192848878284,0.030877887274547072,-0.054172546993880695,0.016549928499466744,0.02690140955061093,-0.03763955285422846,-0.021771946017439005,0.0430439356677883
0.03434157368825969,-0.03694120328056025,0.0013597111545279883,0.0047004779314848075,0.7865992630695156,-0.007450380325624763,0.1895044246081477,0.4699283793078995,-0.022962558206618928,-0.027228716085016952,-0.4526010192069015,0.008493991825311836,0.007756049441168024,0.024136658192153885,-0.16869884046525377,0.019685863599352975,-0.035228378065171664,-0.352520255108697,0.020317753883258217,-0.15672561654603248
0.02637101918596958,-0.017560856402139443,0.02393258914615242,-0.0027793153053530563,-0.012624656501045044,0.012981837810742025,0.01132864510563055,0.037210614091654486,-0.009562032035507385,-0.01770213719226086,-0.01246337671469227,-0.02098172276179284,-0.027712670777642976,-0.015098050054571299,0.013298496804316119,-0.00564520889182802,-0.019625656046267648,-0.0034477312967029087,-0.012200800366164126,-0.020247389833747964
-0.01905209768507133,0.06055418668212141,-0.30098818479885137,-0.014721324422219444,0.12178871423254331,0.014462152947183806,0.1446687329636021,0.021703677161823018,0.006046127255547652,-0.0015442123885160888,-0.5318548427016019,-0.01318159060227966,-0.006130373861964078,-0.02908962135486465,-0.08817402591908885,0.015514833802896963,0.07911654028904708,-0.03283386726502305,0.3931831136966337,0.15925627180321053
0.8877519785633494,-0.5647948499245632,-0.5314783373819668,-0.3657763397128779,0.3115893029137114,0.0052429250235075196,0.2555346658036982,0.311768710595823,-0.012054381139715489,-0.014567565435883079,-0.36828336111437954,0.0143160452551369,0.006313664437694615,-0.544105570967335,0.6635617466077406,0.032534530419072505,-0.6309934348445091,-0.13040073381610007,0.5455658206555376,-0.722339385214454
-0.060324486354382395,0.195703791955889,0.19123514971296013,0.04456571164229894,-0.08972911705118025,0.38695920881125995,-0.4536161197919317,0.15540431689758077,-0.011494088397531054,0.08291249970307635,0.025712294258911715,0.013354827488443223,-0.015209072675893637,-0.0500928083555941,0.04101784208921609,0.012352983746528491,0.18223951847243153,0.3206558709951564,0.05655424492720988,0.9368309451819057
0.018122572960711257,-0.0005801156578359376,0.008072919614731826,0.00031432243369065513,0.004561895698189367,0.008868110570925092,0.5013608225131263,-0.027395313144875207,0.004255513084172621,0.007015533310532306,0.028302674177851622,-0.0029170385205541764,-0.0066438293313138864,-0.003806585965461422,-0.005301289863465664,-0.0038146057971052034,-0.017118966633883154,0.1509659919929853,0.009693825068862752,0.0054673117330857855
0.017649891109226205,0.7083805845106189,-0.3954794748086801,0.0009747818239454892,-0.2584902892767836,-0.015102975506869964,0.09411009579414652,0.303228949642775,0.0005133935131761778,-0.00565222509442597,-0.4362913687144295,-0.016809574096253867,0.008297551193295106,0.6342441900144123,-0.3850196523901215,0.024097903020729398,0.07229907714977007,0.12807996521021545,0.49451364016205085,0.20922905758178503
0.5870359293619494,-0.45552922198663937,-0.07552585372748534,-0.28730027041372735,0.16938933957317365,-0.0020878994831075503,0.05592620560314492,0.7788548404096807,-0.023082789998114923,0.01599801109842016,-0.06142452671607903,0.008629215674922345,0.00823589283167087,-0.4344850817340115,0.9087614227145165,-0.009220164174874614,-0.4736281202048184,-0.13922453204147217,0.015372973021198602,-0.5350080848174155
0.08954810102690805,-0.047250910136694683,-0.007030811969952576,-0.01521822975114924,-0.10422324671923841,0.008549745189268803,-0.03275321530723221,-0.08148283146778605,0.019742278757286996,-0.06157935053838676,0.03177387513272138,0.013336160871867977,-0.03425815826671959,0.02918424361850914,0.055964521687297555,0.06194548561486399,-0.04128656191714129,0.13397936614020156,0.046899451959038566,-0.02737139195668714
-0.008942671295081386,0.034878498663931744,-0.014372696108008723,-0.0047549835868574905,-0.2669001788830053,0.021755354055199565,-0.047838994168226304,-0.14914364733636992,0.020838091205150108,-0.022417641821979868,0.5179462393941844,-0.006307143226531663,0.024935832408114752,0.41873650522833167,0.0344992668700978,-0.023772637946444963,0.035814518351344096,0.10693312896893312,0.001760782277403023,-0.07348175885187558
-1.1859246096888887,0.6832256120848075,0.18488101295520568,0.45072739795719835,1.5852795865214515,0.45071835701427315,0.4121574315653674,1.1471966337013373,-0.028288642853563584,0.606361738946432,-1.0967397767206397,-0.005099424665656978,0.8848206062877496,-0.3720583783206754,-0.9604661110260454,-0.5596762840183623,0.9695057553746603,-1.541043132976409,-0.054879777519728404,0.8521875426788994
-0.012300921243220046,-0.0005122277271179271,0.0017152149059870918,0.0037277548091691226,0.015306207055171283,0.0032960069262745525,-0.00417476612674416,0.0003352774548527754,0.0052419570255838495,-0.0176432877643593,0.017043575433163392,-0.007123834462308472,-0.007327683900156182,-0.015533670382110846,-0.005700312860857991,0.002186869694882968,0.0032933801893503378,-0.021082074927057142,0.02298849237034246,-0.0037989865759980404
0.001888996346670807,-0.05307097942367332,0.09475512060424336,0.5465957239393514,-0.3066467792116023,0.016225945899739892,0.7377251317697945,-0.49279402994274774,-0.00646515252924371,-0.016998447453326335,0.657193758398363,-0.008256819203787728,0.010112084541341566,0.8680294289689454,-0.3055288213180078,0.021492228328782576,-0.03941919002677098,0.17310362912116706,0.022691829921681214,-0.11938467348549898
-0.0340476784980182,-0.006849642625865335,0.03785574831825132,0.010241691846562663,0.028661199335323243,0.026701897271636774,-0.021892085177234136,-0.0008252936219148195,-0.011497737954940024,0.03610574755351419,0.02893837980033866,-0.010862888320244405,0.008220147943081351,-0.04105294074832714,0.03208036470189511,-0.01241645521324178,0.006868062443652913,-0.016483174243816567,-0.027077917804591692,0.02429738409275807
0.31501473369095223,-0.21933239410907615,0.5307614593718673,-0.15176134828966495,-0.05710272290175613,0.013668283249643523,-0.03441283862589767,0.16742822818585007,-0.003812308445180797,0.13551820842871,0.3593310241816505,0.008742648744484527,0.015162667989487483,-0.23229164654824774,0.355369371371572,-0.025445489551921087,-0.22589015907626978,-0.005340479964942649,-0.06581103635451505,-0.3585086064719332
0.04463926660808103,-0.021559931364505555,-0.025435966060237007,-0.042098876484300496,-0.47236653675159473,-0.014548373967718072,-0.060460044586126464,-0.37130479258164356,-0.02283674078908351,-0.016581586091480673,0.6304803992040673,0.01911600154836074,-0.008625281026917234,0.7524826407862842,1.0804266921488184,0.021611737189422935,0.0015335492732738622,0.24251863321694608,0.03855333685492399,-0.0690966381408313
-0.4721724175124798,0.3374414861313336,-0.050110441746026704,0.18085663837033927,0.04699500725643406,0.0047752215364611945,0.0197364022637152,-0.11308968737390628,-0.029121970819931495,0.5403476089371626,0.12447089335858742,-0.015489382061507111,0.006125328505993433,0.08261084458793677,-0.32230129165813687,0.017232416833284026,0.3787041732757523,-0.1754663681789883,-0.20836682706159124,0.3385324359025881
-0.650672197140511,0.26096874150140215,0.2327365380434783,0.2608299577688065,2.028948166613914,0.4905931515705449,0.5300449462613341,1.7001219698140235,0.002478658081399973,0.7745168134968777,-1.568672553708987,-0.0007128530577658275,0.9764270946681358,-0.9885666176367441,0.052609913036741916,-0.7525532659207796,0.47974449024153365,-1.9735194719294071,-0.17666960055566744,1.2250520478374625
0.03833825898475536,0.39933646604740924,-0.027489204356344527,-0.012128275627078607,-0.2562812143588292,-0.025353508193100754,-0.06694757239793363,-0.05226738910119111,0.008445667701923438,-0.018748020258583013,-0.046233369604449036,-0.014237908855120007,-0.012392029584162577,0.39327721608818206,-0.44180028699011875,0.04064814356941401,0.4682072125656863,0.1562424813359753,0.004072134111346743,0.059821601832908446
-0.044507850454207167,0.04968694634413386,0.12402261434038549,0.041214950731814304,-0.3199309291851627,0.24029998713149117,-0.3605866621828997,-0.15432822483347727,-0.005625182048102367,0.1009394435602459,0.4497156652510979,-0.0006779258501861496,-0.0011772108891239669,0.41209306879913743,0.17746297355318172,-0.00663499574256708,0.09435413650582025,0.34654821920156453,0.02609382037305848,0.04415489265269963
0.020499989149522738,0.006083388701981264,-0.011984709079613055,0.00027431492809801804,0.9251835643025692,-0.0043785527145684296,0.2180180630756317,0.5838239749948398,-0.0027590433252838824,-0.003895252213393029,-0.5311434205589752,0.0014785383704919595,-0.016557580605808475,-0.0037550352574910566,-0.21425180005863956,-0.019350347404288107,-0.014673102313608754,-0.43664278513515853,-0.005781954018835482,-0.16371109206553042
0.659488729952237,-0.3470629180208044,-0.41762560785578595,-0.24223706357143057,-1.1682498374252035,0.008309240962657227,-0.5113597836923739,-1.3166781079424994,0.016100598381489962,-0.7797536632793169,0.11840937439122567,0.0018891199786762979,-0.0005636465338369964,0.684456998418852,0.542320633200451,0.9487937215975119,-0.37140137843618704,1.5956181045906854,0.8932969648045321,-0.1717536705073903
-0.0010422010945544489,-0.033711400090407455,0.035167933646556154,-0.00543237352350332,0.03424080452169656,0.015436420698090285,-0.030310558822543368,0.023326996518181577,-0.018664662780368435,-0.013236481230220034,0.0035801226525863984,0.0071286601761423405,0.0123721339838784,-0.043813326437920415,0.035145652154911916,-0.01751648623258284,-0.007830789757853961,0.002683428847928553,-0.004355114096295629,-0.004198642076299969
0.05478191957198277,-0.033979913088760194,-0.041762157763842574,-0.030241687352833065,-0.06756727456241769,-0.027478012716631493,0.018116815965827454,-0.06767826233786903,0.008116282991840248,-0.04186604438038576,0.011638991096485998,-0.016149880532427205,-0.03815154782138853,0.02395307618548723,0.0067135715910076384,0.027288261302809848,-0.040048061548167466,0.06946085510273543,0.059065025893962286,-0.04064600212916396
-0.018604632018429185,1.004939489284815,0.08728584778503756,-0.020244445942014737,-0.9771229182963508,0.009019806776762443,-0.24053720496299508,0.1868033185366755,-0.0023372090511742686,0.012425015483188062,0.9623019615871261,0.003712940894341826,0.008684227735763087,1.5890818442329666,-0.23957102164737296,-0.011338110272769143,0.010843887659337376,0.5000716736551344,0.008633434048578137,0.04675656260919918
0.4843813309044278,-0.24892497636658076,-0.3448829886638007,-0.17249646739526817,-0.8917146238202124,0.006062968191037967,-0.3993548739680197,-1.0135713523053675,0.013473250297245418,-0.6052588965788003,0.11835404545434243,-0.0014364974852370087,0.0015081400779848567,0.5278722359392649,0.3879506289392551,0.6908554797422306,-0.30097915965745714,1.2023037679076054,0.6873012456050576,-0.11920540944363801
-0.19291492807716207,0.8603711883402968,0.7454065512772902,0.0784010250186895,-0.45029460428966733,0.6198314665111013,-0.8167547982739229,0.6269235392818643,0.005337283424841384,0.2035841741116206,0.6150792004948579,-0.011143007276461668,0.011868074629369426,0.2974216361849093,0.19641726276826593,-0.026901537223954972,0.1698666305105126,0.6564147855723337,0.00871154843343324,0.10316235926835761
-0.5300932433670899,0.3643636378913125,-0.07925602329803969,0.2488697004903002,0.07443956728974757,-0.01009652196627398,0.839940211293405,-0.1394239242704427,0.0048645110535018125,0.6676943145099338,0.08020168477132907,0.004832772461080352,0.0017532354507499527,0.04233796720326114,-0.3512759261783273,0.02822229919893883,0.4070043375665845,-0.2493341427697107,-0.2726104121083809,0.397502160471217
-1.5718989176294484,0.8083999390951098,0.021899340376703474,0.5548524170453355,1.8599365501877265,0.7046209474827481,0.3235154798154576,1.376106637929747,-0.1635522261820732,0.9009423343019947,-0.5763429883438944,0.7604929772151202,0.9912539468428307,-0.3123206487827306,-1.1109335704352261,-0.7984220961283696,1.2281302593974237,-1.7988013172160682,-0.20641274914268468,0.8828884469671823
-0.00029998164240758844,-0.00986640381672452,0.025917227759385698,-0.02051819356377693,-0.14165436978255855,0.014189630438060794,-0.029785576297151478,-0.07082595735972708,-0.02519368485386861,-0.004403515953905047,0.2610022309299548,0.015750249115323314,0.004908371183835591,0.23369143806970993,0.09304497015938253,-0.01266610086501599,0.0037040997081585645,0.05899288613930305,-0.022925543963969182,-0.035478388000403135
0.0017897627424660507,0.47707015409444414,-0.01894314609490566,0.010410804562959054,-0.24007468443924634,-0.0145372542467966,-0.04126382853947651,-0.007000384948643269,0.003283785808304355,0.016340581140860583,0.10543335331118571,0.011573004922961153,-0.004853505067649673,0.4006321481637957,-0.5611580116340711,0.0006359681503217661,0.5429073771902257,0.10115319750374664,0.012688808641257075,0.6148931396761175
0.02889140047125885,-0.012399859695699485,-0.03876466597512525,0.006882203067778202,0.0011128064949105457,0.001668650279800564,0.013594466744366169,0.8704977553120026,-0.0027143041713500893,-0.028627186451564268,-0.0537772372217379,-0.002138768175373223,-0.002899737326346864,-0.02429878319805436,0.004737789710094996,-0.007613840055769379,0.016200594719284988,-0.02883564478082823,-0.014948900519659233,0.3657955864249873
-0.008700304869029757,0.02066795406451002,-0.015111239482632054,0.01832276920890233,0.048668647796851594,0.006192150409744027,0.04072281592896458,0.036092853356839844,0.01653916796981099,0.012988573139686963,0.27005086531924616,-0.0380330049396683,0.009561504234539085,-0.00502424791523935,-0.055306282762440796,-0.017438949183560863,0.008778082447343783,-0.04192800179649571,-0.014961333902855405,0.4465991311195316
-1.0086115079111329,0.6075357092812722,0.19463097990488212,0.3961922478128406,1.3253215307116513,0.36429088798712583,0.41075900978981944,1.008650088121546,-0.013031725186368333,0.5153731218304877,-0.8519587084941747,0.00976191492077274,0.7003213255190761,-0.3062461918052848,-0.8300261940063506,-0.5421517401920218,0.807532997802,-1.3577298709306365,-0.08875713966030371,0.67954741360034
0.3771263564768766,-0.2576541884115987,-0.14596109893879258,-0.13730839991764895,-0.07803670884024355,0.003614463217014639,-0.05347327916309642,-0.13592179305639196,-0.0036958937282011656,0.06922591088847294,-0.18007747989333128,0.030939580586680816,0.0353849942653625,-0.095405455501304,0.385755039971237,0.19837040776180123,-0.28432906392368235,0.18219140823063865,0.1136636055381564,-0.21860098862186816
0.02135945629461923,-0.05470104110874309,-0.004720740663353606,-0.011998411071951272,0.10733668748029834,-0.008802071843272198,0.024440215396861323,0.03708640332303396,-6.592235170981356e-05,-0.002484884543461396,-0.018771595901724836,0.007475288958263592,-0.004772710159064545,-0.03336966192200397,0.019993454977771663,-0.00232891751608171,-0.005245461679777585,-0.0776806615105485,-0.01741638783426574,-0.044652496807841224
-0.008105199043115265,0.03281275614625875,0.015841277068841926,0.03332119561437142,0.003439175346059806,0.02978135520578799,-0.038838839043920645,0.020286519275569417,0.0007106447051358506,0.0196298540565805,0.02903326017268086,-0.0004982666929803314,-0.010888986072769419,-0.0046551259479551185,-0.021110503918060054,-0.0016652275082451968,-0.002583682615426859,0.02603699978336981,-0.010594581440794303,-0.003091429547858716
-0.22356909873084707,0.09054381126696232,0.1291111376067145,0.02617716191845959,0.01373558815112751,0.7713884729359556,-0.8268586078402501,0.2415392732706131,-0.12832137807973837,0.2494065557167922,0.5495315983732627,0.6270277566269925,0.02075087843123434,-0.19365578623378388,0.34341204443695034,-0.024956451446259992,0.18177484279987607,0.5008025561279498,0.035371590894927085,-0.010599547503657986
0.004594679729823794,0.7671539490790821,0.004313275892498531,0.024560208384059316,-0.4083802037991323,0.0016248198070869396,-0.09691706028148096,0.34968777747199775,-0.01119801915165462,-0.010482339168743245,0.1936026530638818,0.004224402179021459,-0.0012730343832285749,0.6511697804866008,-0.26841227740683515,-0.006194987482329379,-0.009304425495933738,0.19558226666864542,0.03201634288976637,0.06616172256130932
-0.019045403578994334,0.0018333315194299614,-0.02554933627520092,0.017997505133488016,0.006995978670906348,0.0065713805330772455,0.003964734992968368,0.004308600261755837,0.011355079877647167,-0.003328380390230005,0.015931324913311222,0.01418224647917559,-0.006110001233417055,0.03469819981283191,-0.00855074456513783,0.006345712375227442,0.007933471465151262,0.019800152616030423,0.0037150631113160824,-0.010891839545161007
-0.03281402145854368,0.00694279118393005,0.0022990761523110637,0.0018006697617261938,0.028135446449900015,0.005084438710560924,-0.014708244389655758,0.02104771448248417,-0.0210984636333741,0.021115979621865004,-0.018685286500600494,-0.007384663231565279,-0.005305539993342187,-0.03227191649175351,-0.01428693251441369,-0.024038028969183486,0.03447194272491103,-0.043739140183961314,-0.042372591774897765,0.024004252636950548
0.13467985540611965,-0.08239173351966111,-0.10586269770533317,-0.05383391129773758,0.537533103287146,0.005774550933236217,0.10314637696728703,0.21055641353026092,0.00889666529767389,-0.19731769439440452,-0.4625606218268676,-0.010969808690263344,-0.0007149357633016349,0.13914851330395747,-0.06322328681734057,0.19405401407717737,-0.06406785405728842,-0.048523729113381965,0.21012016040503528,-0.11869445750304544
0.03608055662866465,-0.04679143779631534,0.13765123300471785,0.666061493115053,0.2746968959697426,0.0016350190431260172,0.07065122752304852,-0.23234548542547054,-0.010139618047969196,-0.03703011450082273,-0.056086647088238364,0.012932813537486536,0.0023171651800696583,-0.010984081788222117,-0.564650521587394,0.010826496568075172,-0.016867199578658603,-0.08940045835147079,0.023682109151731898,-0.08992960052736061
-0.6296122543996744,0.5293086223365792,-0.4638736169278704,1.2699154692151309,1.4213802227955734,0.1951127740761745,1.2457340302278437,0.33623183437164605,0.018183267395774617,0.33636048979558486,-1.8411632717162036,-0.017495493567339176,0.4196495082357534,-0.13542243627128742,-1.3883453095141502,-0.3123195114254487,0.6593528331211871,-1.12898568844167,0.8660911301178248,0.6367368788161916
0.015631747046393817,0.15431302633525412,0.011519536761534645,-0.0014276927877905857,-0.10572941586086956,-0.02091795134408942,-0.030254736229486018,0.03687843403056386,-0.004789162395371686,-0.0035458967574715163,0.08176538775672032,-0.01471053896514329,-0.006618227894378331,0.1899558439281391,-0.07115497940385927,0.003447070069755108,0.007893344231231121,0.05099721835791433,0.0005008815619643222,0.02137348980137053
0.6303169295154221,-0.4638768003389192,-0.052982777045478595,-0.2465373072794694,0.031596339306582136,-0.003594721248959265,0.03250184973486616,0.16853667573232106,-0.01649011890077386,2.7828768450428865e-05,-0.1430019905064483,0.005855754155707266,0.008981636371972182,-0.18050235306715476,0.6431813164094109,0.025674119340384598,-0.5251536882314787,-0.04721486955714261,-0.034391803909730095,-0.5233993932354658
-0.017782581195907747,0.011226271323806988,-0.0727997097141587,0.0351882022362413,0.05178636578022025,0.016833253662114175,0.04243969678073619,0.01850524382336066,0.00823988190105513,0.029310513949290896,-0.1260096649492341,-0.010825960332628979,-0.015011172501887476,0.008991112407757,-0.03599451125366271,0.004128985426681669,0.018328896631387582,-0.03072450291249568,0.1045521547732228,0.04297222453281287
0.0731166688399967,0.49266873780325576,0.19796255975362642,0.32011524798995156,-0.4311789179924952,0.03084414807807366,0.41148555256817887,0.35472481740621364,0.8078996514824824,-0.1207362570263595,-0.036909486723395724,0.014498971682220153,0.0052997956763525915,0.6904737054326566,-0.7401989865946974,0.12275018594662483,-0.061276373679046266,0.35773125465581723,0.12371668227501362,0.09717619426772674
0.251836126253927,0.4927301769132331,-0.15589363994279318,-0.07522408479317313,-0.8313810161460606,0.0022663967079435687,-0.2943425290371618,-0.2581408342535614,-0.018136766644777848,-0.329362895373735,0.269848738069363,0.0053873534813919715,-0.0055284286587235516,0.8683765816747938,-0.0019951426868392626,0.3637954388446377,-0.12526551836251568,0.8267261896446071,0.35321758986215823,-0.00012737774377970246
-0.003649585850752031,-0.022955108534339748,0.0070047273937833545,-0.007771071981663353,0.23619710641083302,0.012336467136076092,0.7711032617915833,0.15017668842401416,0.006923321278580657,-0.027085934377298837,-0.13238986369350653,0.011542144948974743,-0.0030382557574702707,-0.020559692336180303,-0.054946893132715634,0.0028137457863522276,-0.02059075123793025,-0.11222348019006875,0.009323429596447576,-0.033180336270646885
-0.5788112184868016,0.3629208788817314,-0.02506932029996966,0.23657816477607824,0.066224030807612,0.0007741075159641732,0.04634687548917879,-0.09720652990516505,0.00397398933021984,0.6781623566928997,0.12697718064165672,-0.019777915178240433,-0.0008499987247799837,0.06259634265898734,-0.3454422044542507,0.013174583467135636,0.3796938724611022,-0.2735341935405167,-0.2600243961462347,0.3916876451689105
0.028826563826891777,-0.014957481303976183,0.31331724216862306,0.0021906531564085995,0.040963353316593065,-0.00963768735875768,0.03785596285021317,0.09069213193119242,-0.005475352926042561,-0.0055856607221319585,0.25143693293836894,-0.0038943268840332564,-0.014194548178196962,0.05628067307660488,0.0015302989165972723,0.031575677471835525,-0.015346514742425467,-0.014897972629382791,0.010280891062885123,0.05331393072469148
0.014397675055865488,-0.013808923800830385,-0.0024915524922516086,-0.014807380953512791,-0.011142572218452333,-0.0044250677434952545,0.0059607680901104226,0.01734909526354247,0.021600219386678346,-0.0198221211861027,0.0002249374206677557,-0.002428242711788299,-0.0006384530607505563,0.02674237307791724,-0.0015369912623254983,0.019002229498635205,-0.028289140192939374,-0.005642402719895983,-0.004701628643374405,-0.03808564771165521
0.04372955450044262,-0.0029500250665643038,0.10400130341925047,0.4773717348819238,0.12690720277378992,-0.03310051256635729,0.042836811130992504,-0.14816151016246848,-0.011147735716952255,-0.01881697043239644,0.16643631231992104,-0.024437330445727892,-0.01677124037188806,0.04057692363680298,-0.428321969491691,0.013583247953986334,-0.015497403072341105,-0.07530728226242864,-0.010413640713540975,-0.1280291677514243
-1.1515890165677856,1.23269320609246,0.23856242576217615,0.43929039629625677,1.1214270643405522,0.3926584285065455,0.30006208338344414,1.529191534510004,-0.032501630251529065,0.5962239155985906,-0.9478413341073686,0.012779324073270749,0.7772850225988883,0.13594665090013142,-1.6027131609926153,-0.5887531409018663,1.5941344948960414,-1.3321744521953764,-0.1654091699010096,0.9061240238452429
0.03320862727221935,-0.035166293702448205,-0.018348268532823363,-0.0194852826005837,0.02343710357080874,-0.03130269339745395,0.24235556834225577,0.0167696290361111,-0.00026882278030110644,0.008084667098570862,0.020975965632701203,0.03294127018767806,-0.02602635444243452,-0.0014551542432895334,0.04925644440514012,0.0044400438914569355,-0.04395096196263547,-0.005084023761420368,0.003470978405474086,-0.05961319332852459
-0.6063912967541106,0.3931419995127544,-0.07745386401105225,0.24259909398016957,0.894789747944664,-0.018427685464742688,0.2508844891001024,0.3680629671047509,-0.01887843211294656,0.7194225559704867,-0.34779163503813826,0.0065733813645899,-0.0009391717790024332,0.060196185825572325,-0.6007274730532521,-0.02208442965320983,0.43212204218809575,-0.6850588605715757,-0.3002150400431842,0.313672028773878
0.0018956540812014228,-0.025157386544828575,0.19937375256278522,0.9423086574837659,0.3898307571338098,0.03923890998551348,0.08280801854753692,-0.22723008726311253,0.013082278107405185,-0.007403304916862927,-0.06772368452762338,0.016043734759997548,0.01218395505712477,0.013555278415286812,-0.8248527175784993,0.0018769732487762415,-0.009451532183675063,-0.15598018820897463,0.03160799141974299,-0.11548326372736337
0.07014376621779357,0.5845569080291702,-0.37215147468818083,0.3823132173819065,-0.5258717516797358,0.12217504416842717,-0.43177024800382247,0.301608635059108,0.867102109095497,-0.10050181319649504,0.07709217161354961,0.5858480024759323,-0.01930068226027696,1.0584933871855597,-0.9041758860200239,0.20697315731938365,-0.015422405953538028,0.5376599537470518,0.20937461149201156,0.07709608615550238
-0.007153748331456341,-0.0029577931891313705,-0.019847000328456866,0.013699459894734964,0.029806813288879744,0.005968722194997607,0.016800573972920473,0.023497929503512767,-0.0013662444789840074,0.013575312332443858,-0.026254310745454576,-0.0032635553058692427,0.00500396174428561,0.015650454183479236,0.25519767153086803,-0.007295319585458732,0.004192239309713247,-0.029767272693210868,0.016422723895255557,-0.0008528668743746845
0.21831681038580333,-0.12874780940496539,-0.15111006855400433,-0.11926411947416653,-0.5958132658182577,0.01899038599601041,-0.22517275691824273,-0.566324281941074,-0.008034643378960416,-0.2985685621489775,0.20665288199238552,0.01753582108918102,-0.027534408563456587,0.4384582481490884,0.264731845827143,0.33910397527505665,-0.13296238140247346,0.6728652789431576,0.3425116166270471,0.9217274694940214
-0.16859567694725444,0.11121757339726132,-0.03323049796556844,0.04916797342644767,0.01272211511662057,0.014402288765800964,-0.3142527165972888,-0.030796136228315958,0.013486083210482124,0.19004608822610028,0.00474206196807022,-0.021609350458656994,-0.014596257285646693,0.010625720011625367,-0.10811849013429076,0.001579208618154639,0.12720165404260325,0.5720971406656855,-0.08996796000367417,0.10934706657780524
-0.02814780767655316,0.10887591872259919,-0.010141315120298384,0.07774862204038038,0.8080912923597259,0.010073115470523522,0.16283921420365718,0.6546954756020682,0.19295366280079096,-0.01722139454210497,-0.5975016996987459,0.003721426424147186,0.025683265338806244,0.1381808008899428,-0.40642014763275647,0.016129978027533215,0.027609831211484318,-0.3927228593808054,0.040239166504009896,-0.08582230613789363
0.07610610122990578,-0.07698236212391762,0.008748945672084545,0.2917803514387976,0.01886720013404187,-0.02045102031938152,0.0883197179718685,-0.20284776956537132,-0.012042391823690301,-0.06266821280417412,-0.03601517558428313,0.0014411031167358146,-0.024697009282285447,0.028316952871199237,-0.21874217572133303,0.08336642606011452,-0.05803357199266141,0.06646014386854303,0.0772009553187773,-0.06911259722113491
-0.001265454825006413,-0.006568060243698994,0.17278265250109912,0.7562616684570544,0.33405688548665563,0.005068181710666005,0.04941287892629688,-0.16313500149120988,-0.0034141714717460967,0.004786277429204082,-0.06539056735188055,0.009367317923279998,0.010049767549873436,-0.0010951701900039496,-0.6999315725649998,0.0007520294029677264,0.016079226191786283,-0.15627792533710194,0.009671026572852045,-0.10068880462304954
0.22784784952582496,-0.14958179315290296,0.06651628734057094,-0.07498979549355873,0.007931607669823702,-0.008175909138838469,0.03555812760400982,0.09028772248609702,0.0030293174906124145,-0.009075169648565692,-0.007339071467508476,-0.00847837771129584,-0.01451076528550364,-0.12285582820739657,0.17733397671997161,0.0024140156229050325,-0.17555409838249758,-0.027734064428513786,-0.011853955244313461,-0.17595964150252824
0.04387546729656211,0.35600378878625144,0.04598395521438367,0.8748595216886687,0.4667060701021924,-0.00609659588508852,0.030722175582144937,0.4107735354624509,0.6195589912297483,-0.08558469044633597,-0.540321677726799,-0.0009907816390447334,0.034687793673876546,0.523561193191034,-1.2313836669569131,0.09689435985674424,-0.0712463164687218,-0.1344642092070161,0.07976554216941617,-0.060043658562705916
0.317761684496758,-0.27981663996247413,-0.08833541941107145,0.3864282006287619,0.3213957663257466,0.11697282427121805,-0.03586458380618125,-0.01766592682009675,-0.13051732953434317,0.06221466625433716,0.18581281213465375,0.48683881479919766,0.0076320633684066885,-0.13201661681628696,-0.09309663171606866,-0.045777032272698095,-0.25037877816980075,-0.12745663767456591,-0.04569248973297595,-0.4438857254184091
-0.1127948732393188,0.1226921630304751,0.11626184224116413,0.05209316891070166,-0.010980918218545214,0.25455586304082106,-0.2909548758563614,0.12887386679913904,0.009746362890426064,0.09283852874827993,0.3699190373262015,-0.002823065437748495,-0.010355826073708876,-0.08912717680273965,0.0671172830329215,-0.006011431774552399,0.09126128620917222,0.20047478097043075,0.020514489156631475,-0.026115458134278884
0.024637674322719516,0.19571516466446442,-0.04423334764191692,-0.021338495784602805,0.6206512454833856,0.0035082806830672043,0.17209861283401556,0.46488577778619616,0.0013931212748031982,-0.02586875773486015,-0.5215182616125785,0.01599005917842615,-0.017985510602422945,0.20095726391232216,-0.39487865402544337,0.04759986627453011,0.21178798934988047,-0.27627730137199313,0.05398590324668047,-0.09456685848937015
-0.4356871211422139,0.25221266704230927,0.07300301905589926,0.14818532205590523,0.561866781112054,0.13720158628661805,0.19889515504262478,0.6808478850674969,0.011836483689642224,0.22128785572845555,-0.34646893839728277,-0.0023699593646775573,0.2756554662224755,-0.1680056019570711,-0.3429470429436908,-0.23180739531679373,0.34048618278030446,-0.5902390984983141,-0.07599628281574859,0.28751726267389743
-0.4282197396523633,0.2972958816840064,-0.13702901515449106,0.1709350152811015,0.2640823361581507,0.2876104087937385,-0.05503173187782871,-0.09338140689315651,-0.001811950351147236,-0.09746915856766138,-0.5865300167147305,-0.0016660595643608342,0.5770650422954409,0.2476649712774426,-0.37618925111505264,0.22276913345815763,0.4308014833504192,-0.009230445252866686,0.518681614649543,0.4354110418710969
-0.18559249254918747,0.13696114458201308,0.5898028558810197,0.8052560866709781,0.40191646978807977,0.7953274869000211,-0.8245654727890174,0.19463868962456818,-0.0005516931362208495,0.2407535761432002,-0.027450926482330544,0.009792740434213878,-0.022994791450698188,-0.4660095999346491,0.49256577819395425,0.002954892884081668,0.17558738040290595,0.40698283914458777,0.0801085464281794,0.01850143977290118
0.005174210757622899,0.4194409183620692,-0.021703538674724163,0.01388317755068065,0.12878264056674302,-0.015494772093244048,0.4013265063866536,0.21039603876014384,-0.012551135482250642,-0.007226531113634458,-0.28382560309847016,0.011900849859625823,-0.0073058283339172084,0.38080475872836866,-0.575134148189368,-0.008990502459191403,0.4833374502298618,-0.07066238083138313,0.020118209565589035,0.03435406342610818
0.011915121051544448,-0.012060091078101198,-0.0013092962996176449,-0.03360267720868636,-0.006161192567620344,0.013302065589463117,0.008612131722525316,0.011141803425933388,-0.00155539566902233,-4.931472679503752e-05,0.004384988325662534,0.0004119265107133405,-0.0249815162543237,-0.0067287383199789615,0.028839769756442334,0.008840945252203069,-0.03980484793878602,0.007770850559490689,-0.017703438901507967,-0.0381051584036831
-0.019047618049324595,0.01589758989321191,-0.027669001312549523,0.017719975239586145,0.03785003814087415,0.02421854074104257,0.0007068920462135109,0.016693660143406678,0.0004943604210578935,-0.0008053141157412982,-0.07319701533997044,0.009843352711315274,0.007867125370975338,-0.015212647889680794,-0.017629591441588974,-0.010429365109729187,0.022666437022216265,-0.020816809761626247,0.0034220702359079955,0.03419458126491984
-0.02410770645748635,0.034740411404512665,0.032854583853328706,0.027114103194895458,0.027706453736628712,0.009208106727237108,0.0008594206960689679,0.036519509540174494,0.016366645711587878,0.03593979185097301,-0.01159754410768117,-0.004687593715554808,-0.0003422205243378334,-0.011759313267070508,-0.05067298946426995,-0.036526707412539244,0.005399223965352435,-0.009432726499586274,-0.035267476698084846,0.039903417292212987
0.013474510362069706,-0.013409946403094215,0.05265111709099482,0.005021977647646213,0.00738335278990819,-0.0029194627793554294,0.4186294405022262,0.011815273191182508,-0.002902131487079823,0.0037650329531050794,-0.0014641862326055348,-0.021566224094134563,0.0020125768729357257,-0.05615016652062392,0.047470700731622746,0.008197240451435063,-0.022950000486345143,0.006289379833420162,-0.01793546930808759,-0.02657736218636283
0.020449522299866286,-0.007788874709714831,-0.010010001598434529,-0.012179956007135777,-0.040303347485112676,-0.005071548461819489,0.008115329239923929,-0.042033441825427426,0.009658915530024476,-0.020779187809580567,-0.022677479641549515,-0.014156749158548546,-0.005953019058290463,0.04205097346227894,-0.004455033651832547,0.025185122703249865,-0.005746099955552732,0.039977080802766046,0.026809081899281696,0.006613832683226421
-0.0694081622241948,0.4361574719508979,-0.30396790174765176,-0.07952784708306355,-0.29896266793466414,0.1783818211528353,-0.24592907590302177,-0.07276996336961149,-0.13374100102031944,0.09115640769782796,0.45260028882004844,0.6912927058715139,0.01626164789255601,0.5810635982861806,-0.4298387293202252,-0.021208916265569047,0.6033626872887983,0.27921378728485746,0.006353882412552389,0.04189364069860431
0.48159136974219474,-0.3146302806288219,0.2189215135317166,0.8001950916251583,0.5214679966387579,0.0034006425473936553,0.13615539305441576,-0.059954833818521555,-0.001865370627154024,-0.009436538213870742,-0.31870399142710437,-0.012972662634753964,0.02082457192725745,-0.2815302373921837,-0.5134980860543259,-0.007789820784720146,-0.38302082808243476,-0.2591733859966904,-0.008707301197756343,-0.38425346289038587
-0.07667765009842532,0.05905796184508798,0.8311757728474101,0.013170418644155465,-0.28553284332828116,0.001631257249462401,-0.4442390659500888,-0.008659160623905858,0.0016922751308631953,0.030077033548531067,0.7998587904386538,-0.0043495687195008,0.026248348453095146,0.08524936535193639,0.017714290788388893,-0.027027451616977262,0.05543104538865174,0.8122084071740008,-0.026762643371071017,-0.10940160009074765
0.008237407920963755,0.6245802767546431,-0.3698810707214598,0.00793718219746177,-0.19217734022970476,0.03442473637348198,0.09103274855835919,-0.00622389347185247,0.02100703715351455,0.0022485531034496468,-0.672410773353629,0.0028564721150907933,-0.009052695350746778,0.5380951914024846,-0.7548027806054743,0.005602474178215781,0.7229508897814149,0.14169082523369905,0.4567171132946759,0.28574170718377057
-0.0068005734366307375,0.021694986246563328,0.022377171323806247,0.21657975282275516,0.08043717439236574,-0.006036552728337078,0.03750277561866546,-0.04222654749972915,0.009046356467898684,0.009861614510154444,-0.06592209956816847,-0.0058387712185062855,-0.0028523594252766755,0.023234034151375243,0.1340909419635077,-0.007291191572925667,0.012530956608421184,-0.050239311661061034,0.018308847273746178,-0.010485989497179292
0.020402028284275408,-0.01909970481516977,0.08797996630424383,0.47728138089320027,0.13907665061949967,-0.010359853577635608,0.04269027943945107,-0.17354761880884967,-0.011792902084949384,-0.01591935656360805,0.016267497683840063,0.027606295816181563,-0.012767392831265757,0.05001687349662497,-0.419039732950499,0.02563462412764557,-0.013075028711434138,-0.05547934418318483,0.03106311068117633,-0.06894533874557147
0.006203286637099828,-0.009087063913209738,0.02024487570033813,0.0165041844894355,-0.016140039917473946,0.0019218671080082359,0.6594492986899969,-0.030144357460173864,-0.018820090298308247,0.010780684928803429,0.08852095025601289,0.008901530461069144,-0.01097779754320288,0.007631316389685176,0.005836974108933157,-0.0036069612294600106,-0.010037310688017382,0.02365351426524499,-0.020413715021199114,0.0010588073492788595
-0.012824842080641666,-0.06302722634604854,-0.09871060025535669,0.0022940905548593394,0.006320164583203449,0.09351960341637451,-0.22573116124270254,-0.006634306581326585,-0.06543948424151735,0.030096389102485098,0.317038614835225,0.36059333914397246,-0.02076784642688039,0.0383111366183254,0.07161224924232382,-0.0023389989711251214,-0.0011115695102031937,0.6703985828564446,0.0014157100473037969,-0.08914638974261124
-0.013725775789155563,0.000219889863206419,0.1312685069242717,0.5309502517157845,0.22170148382134097,0.0022228180822084255,0.045269111697287645,0.6340950936850254,-0.01058084584945156,0.015091709269272493,-0.0501463184232589,-0.022795835921986633,-0.009155310579976468,0.0008615381759220293,-0.4739210671802396,0.0006589737482727565,-0.0006388827538333484,-0.08250532049328506,0.005691100097303412,-0.0735408085267529
0.04265623931542958,-0.04384829677345238,0.9151379032188386,0.0037612679587980466,-0.3581234519678956,0.01544059236158105,-0.1307442999318884,-0.002898199088645177,0.016056277534458797,-0.010576001595430826,0.9181748726100608,-0.004422879293096323,-0.0247389223967183,0.08698152824786377,0.09672373540008682,0.028026439309814112,-0.03214548218102912,0.22829359136286423,0.014722650321145869,0.5625619272168649
-0.02374320737040255,0.8606202866136624,0.17872461993915048,0.6735363489938542,-0.20207587304449687,0.025656912130022237,-0.0655234163802682,1.1813537921955484,-0.0006398992650002268,0.010717152381786254,0.25253269955509877,0.014591398059743958,0.012850755481750119,0.806260720906086,-0.9702572212667393,-0.00889820797889011,0.021404431760365522,0.08004433489230285,0.0005077781733297021,0.029575458059407304
-0.013156131737380375,-0.00431848577413684,0.003431683287743943,0.014824369689637303,0.02337157905608271,0.007482063501815475,0.004297396310967476,0.00987169963109166,0.014854029884158116,-0.012510392477817801,-0.01812822452817158,-0.019883816361169437,0.024086086359282853,-0.007512583505174309,0.01228364798312859,0.007160510963478023,0.029184230743764875,-0.02952011409389528,0.005691966775950953,0.024191961728176788
-0.20345912576865602,0.23084382917253154,-0.5860515904332665,0.0737207590646282,0.1917570211403301,-0.0028291658127538324,0.31851413155836694,-0.052855441761050316,-0.0066019172178543506,0.26038901348317145,-0.8901621873607632,0.008122617670384929,-0.011801330674191349,0.011027958954436612,-0.28553533925063035,-0.011905486024142604,0.26242175267071716,-0.19741888483587616,0.566386137534441,0.3929906703932632
-0.6322293091938763,0.3748865318300257,0.1179473843460059,0.21950508293644394,0.8072569192286133,0.21519160065965157,0.248227676929679,0.6039819630641093,-0.0006125049735355233,0.33697961180129304,-0.5331766142532951,-0.022366424100998143,0.4123231713733198,-0.2078885807395399,0.43477460246989696,-0.30321102902850583,0.5101332492010685,-0.8074428083466764,-0.08700295789752323,0.433848123061099
-0.039335718649331795,0.07056758128483757,0.13509327882107577,0.015369103187197619,-0.34922621115382335,0.21215880194127198,-0.32205337687426355,-0.1461839083690026,-0.009462884338969229,0.04335438108753965,1.4293733955722006,-0.023202093793136633,-0.03622514610440905,0.46184981592723373,0.14903879258807867,-0.007086395260456374,0.08582518677108188,0.3360168152684595,0.03509330783045598,-0.3300967774592354
0.730628268873616,-0.5355635519425074,-0.03507808048853754,-0.1548014645900465,0.25541262183938246,-0.0037785342607993943,-0.19226136071999786,0.2556625106942349,-0.0024365959757173903,0.017438418489457506,-0.42203292544472765,-0.004709210539864854,-0.016035742065081925,-0.5095322671005156,0.5460004213424225,-0.015438021962163095,-0.608456549674761,0.3194739497462756,0.013818288555467522,-0.586605580898915
0.972319241515301,-0.6245290367187138,-0.37161067966656,-0.406444585039029,0.2871602658826347,-0.0009876411013799748,0.04045864124887763,0.3423968854340591,-0.011571771670983336,-0.006565333716965827,-0.9709683555228115,-0.01989315052795165,-0.012957410007654453,-0.5928379786375896,0.7900706312541078,0.005250481123894642,-0.734580413671982,0.16862617428097698,0.3671664670499182,-0.5986380866488958
0.002512793226278935,0.14306643183066478,-0.7224785425596333,-0.003812456851312103,0.2138986686996589,0.024293993397030075,0.3409274978456812,-0.014469267900847555,0.008014797309201245,-0.002131418810862716,-1.1422190830034105,-0.008976152603607629,0.0032931415432085184,0.00956695148372518,-0.22230230164868248,0.005682926607801294,0.16827744987527296,-0.09896971438517985,0.881048407854373,0.29812436526042285
-0.24370353140723078,0.08378740870825219,-0.1312197057248839,0.07876746627030419,0.013374241633987118,0.09545744926700672,-0.2590751406109859,-0.07783797385005443,-0.06278049482174379,0.2867915171664161,0.29642861746432636,0.35865064059946805,-0.02151941164043207,0.09290994580680322,0.668246137799214,-0.02188242555049308,0.17084687125347772,0.32062302760313866,-0.12816726361398706,0.08708519214174987
-0.019250887489876387,0.020924525713856557,0.03360889896315231,0.00989446378191465,0.01132870593516704,0.04249167903545473,-0.016818691442160784,0.01676131052535499,0.024361786390409375,0.001208762390157549,-0.000262669649313459,-0.0018539130685020036,0.01894096400886577,-0.01699402135421961,-0.04489156603227076,-0.010740030162176919,0.02169727652521386,0.018610388037132265,0.0008542650320614464,0.002439432351854842
0.019697362349572492,0.10985191874788011,-0.6733228506445067,-0.005607536866138423,0.1740481766690802,0.010664836671399554,0.338660259576882,-0.009035464300645554,0.0003940004686819225,-0.01647413984112548,-1.0709970673977276,-0.01703432040506171,-0.004049317944456469,0.02235495196327133,-0.196192307649243,0.0015428612703207254,0.12018572081258437,-0.07572646336745101,0.8339208104107576,0.30729749948293816
-1.175230615642273,0.6373927494184731,-0.4192497452068198,0.4058141002194552,1.4773602755835518,0.5343320361526016,0.35738460822658813,1.018242956637954,-0.15213747398615163,0.6765813106046399,0.059930300539288515,0.7516275051246222,0.7660899704071921,-0.1675547978028787,-0.9028129922719897,-0.6072044327336762,0.9754079242160708,-1.368605276355507,0.21888009598538857,0.47853205168729934
-0.01227507483898565,-0.051308171544225505,0.008745003721235952,-0.0024157857664906046,0.48556536783848997,-0.030386707953616497,0.12287348879671763,0.2640515947734901,-0.003184705676128575,-0.002195765102834814,-0.2919739031006719,0.006321681238316161,-0.025852887298049302,-0.010857969799911547,-0.11417968992464342,0.006588655296926887,-0.0006106693384573484,-0.2591027820358449,-0.0027826692129076574,0.6525577007170531
0.029061392700962942,-0.03262026902922495,0.06140456457031608,-0.024756363865420312,-0.11685966576221632,-0.02098371349964663,0.13976795383122878,-0.0383204979832888,0.009243873641215141,-0.03534432192268116,0.15097200161601235,0.012280921430711345,0.013346632642522095,0.05769936104044041,0.9098180805127005,0.019066776197607088,-0.03381093239430955,0.08844773171711329,0.018261128390065398,-0.024707963781212247
-0.1952318829567227,0.13017149895661995,0.4285814249252525,0.08787966616360572,0.1262654000109125,0.8070103752953055,-0.49861006627553117,0.31799693407346685,0.009801098789760362,0.22042303185835532,-0.006955967083001533,-0.010809776386864952,-0.006706895634588511,-0.4732580358202105,0.34893097723810873,1.8404310548690572e-05,0.18670564555586316,0.5287463216291868,0.094344317065655,0.5278962582264002
0.0026503023972637707,0.014241893337308168,0.00545557334206927,0.010209474391778514,-0.005364267675634854,0.02838616673916764,-0.04198634618207749,0.8581009325234079,0.0067376355976091215,0.008938844817663027,0.02970308797559432,-0.0022867615690856397,0.01328453761231969,-0.014526635505523525,0.006082676417800609,0.02211276174126215,-6.581454430578705e-05,0.036090469480149406,0.007518524415648207,-0.002430756694715064
-0.00865825766263638,1.745345112633411,-0.750545047809546,0.004402457474455325,-0.6343882510476702,0.0330680512168058,0.137215700329959,0.332805976774778,-0.015014920763698886,0.01804327842085378,-0.994304425434596,0.07472519500396253,0.0075967207593647165,1.4855430638120208,-1.496040579321713,-0.022560553626730567,1.1557181239888639,0.3251859887034502,0.8600555321704727,0.5469248715730874
-0.5939367869090584,1.1181614203005328,0.1583218218181007,0.2147994533778744,0.35586354337961973,0.264307427355874,0.047593961380967754,0.5310397391587193,-0.0337376258472494,0.32067968838873334,-0.5562988362687872,0.0037029295614060143,0.3954150910558498,0.4631411990697766,-1.3107154424757859,-0.28573717846628344,1.3559594737014888,-0.5398197006676981,-0.08545697253893607,0.5538821907626967
0.08528031871290898,0.11332338896345347,-0.7943304375326592,-0.030175322695368538,0.037588507388225535,-0.012597027533045091,0.3345348966178444,-0.18658765513862888,0.0007052214054401598,-0.10312306223702487,-1.153326208817416,-0.004484518081464823,0.025615537566462485,0.14577491317343177,-0.16140511744400207,0.1303784604824469,0.10012110090094076,0.09647321454568719,1.0221339889588708,0.5016164484213439
-0.04581765407711376,0.009536349518814526,-0.0032522592308214335,-0.006763099099523677,0.037628696488691285,0.013335239982231756,0.014170660957323403,0.023944836295405572,0.0024524620383729124,0.008826343046916426,-0.019679161218946764,-0.010058514311760676,0.008798326281812473,0.007043595563203518,-0.018893600826606047,-0.033986858550448334,0.043696068858844216,-0.028476586529720703,0.002807351381315118,-0.011836110316486924
-0.04723193892955428,0.032715906189579334,-0.0052839982721280395,0.022521858436132407,0.05952882628920234,0.006622116420172929,-7.095133950219771e-05,0.03132534308525899,0.016136176928060065,0.08009896866241448,-0.006665874717200117,-0.006167661129376202,0.005858749709549988,-0.020281269440600557,-0.04087868284553654,-0.03243938304950595,0.024334133449115777,-0.0513033465392185,-0.041015291032381135,-0.0015373752190323414
0.006880440439258673,-0.020458571043235025,-0.00041889882480032007,-0.018741161082089522,0.04639265075828831,0.0013972100291196853,-0.001575679399881024,-0.0019335440808342492,-0.030224561768802578,0.03216998261285141,0.634562065704863,0.010045532737386597,0.020886058163041177,-0.044293988464780554,0.020698271995001873,-0.020226568873278793,0.0061492220793571695,-0.048671884094042606,-0.02586423669269154,-0.22082862699754002
-0.01474823209389459,-0.006304380543947466,0.012200983503280692,-0.022339346356512378,0.018176124539124497,0.012872046744250968,0.01219850052200387,-0.004390082933821082,-0.026924364590458626,-0.008590416577048388,0.039268206519395436,0.011812538082087095,0.010583242586541275,-0.005253975241084804,0.003378682334531959,-0.019874023005872633,0.008371707015949912,-0.009546883254709081,0.014762708312677942,0.4167715593553178
-0.1581935015174374,0.14856440246060817,-0.17363953720067982,0.06403564574893507,-0.7952110926293521,0.37779572262842925,-0.760256918952085,-0.9802476907684892,0.011824415846899486,0.20094720491266327,0.2543236148281573,0.006328108048205637,0.010762984169280801,0.37427658038003053,1.0434050412376452,0.7131708176341837,0.1935473570346507,1.2084518928878796,0.441205921617568,0.3265768706865565
-0.03618675118269933,0.2512339663181975,0.7150001959185756,-0.03307797002665465,-0.48908527553600695,0.13879021123524637,-0.25699424425754397,0.4570505560905394,-0.11305266290352006,0.0758616199819687,1.2559443967739936,0.4752322674672057,-0.0031894996559972827,0.4258664279961645,0.6900574183097768,-0.034049114197625296,0.3370572855801549,0.32357122012085227,-0.008677864231263316,-0.21449074776093927
-0.02727207028893367,0.022823885410412255,-0.021954498470225403,-0.0017355830120890218,0.011858780516556582,0.004568346917057234,0.09281497892838078,0.01971418245492735,-0.01940137896122512,0.04555702379953899,0.024231673624165378,0.009647762945985773,-0.002147993175323575,0.0028266280012671776,-0.0010569663755221718,0.006492672416369643,0.016116103645832602,-0.01247658682620377,-0.011649179672823898,-0.001733346334714658
0.008368031492344448,-0.0309942742289726,0.020461653111624994,-0.019466757633984994,-0.4687056852322538,-0.017329658362089693,-0.15772999130239237,-0.32714755376533583,-0.015670751273106458,0.006282590938012118,0.6676855028485011,0.001945532974584367,-0.0221437635842209,0.7513387411716861,0.16464920010389467,0.009061190867389384,0.010881311307598658,0.2656855812341722,-0.03969560094802533,-0.06960890982984043
-0.0724482462720588,0.07055477089565353,0.18165338375812587,0.030744129894608174,0.044971471650927554,0.3227002483528863,0.06737450335426598,0.17211232187738498,0.020192281761895282,0.08845471735613049,-0.040200751539677886,-0.025722494913714086,-0.008976257121329956,-0.211361691341451,0.10040197471578136,-0.01917861309074655,0.062354158913536385,0.21332711503998486,0.04255301772283722,0.03659296946414616
-0.9525121174222217,0.5941904211366322,0.02923370728828763,0.40413765857088246,1.4762222813480546,0.33727766151937055,0.3194678234720846,1.0570377151605836,0.0060548285753557664,0.5276161872203595,-1.2461846563407522,-0.0008486843687256496,0.6780974292832939,-0.32100226280228733,-0.9299516493607947,-0.47493160495736075,0.8035565515025751,-1.1244903937516721,0.08733417949209658,0.6985824286757962
-0.02644992624833918,0.02314960499708109,0.0032668082795647485,0.03648927807860901,0.031346153355180574,0.025233146319229433,0.005138161376460545,0.012885367251020966,-0.022823897649253383,0.002353930475562052,0.03730561424347782,0.050536053232587703,-0.014496984917024294,0.002165036415849397,-0.027433217671106517,0.0073389546616907594,0.02596819667173597,-0.03394243597837526,-0.013838677279287104,0.5200737473406069
0.04137351479094941,0.03641467502490682,0.530344630801539,0.5343974145639376,0.006126216946388361,-0.007955365043485086,0.2495104632406934,-0.181549640742948,-0.01236929055552238,-0.019153735834112805,0.06669385442154467,-0.015648722701957638,0.003496011044563267,0.10803229232265661,-0.5409664902459655,0.02346529089977337,0.07400890054558253,0.028841563415513582,0.6498310063130319,-0.05604754665593929
0.09395450892566456,-0.027979288739564376,-0.09748095653337124,-0.047582491817283995,-0.21539089539312833,0.01705216880958602,-0.11456923559718125,-0.23642055505742332,0.00017968631667127262,-0.12493956096432496,0.026793155643995575,-0.005946442814294678,0.01685204901263589,0.1358698365395633,0.0753879390711534,0.16549017231137175,-0.051437637726121366,0.2705662061819662,0.14642569500836447,-0.02283107075759811
0.04190626074247389,0.020681839248126135,0.018930040522456056,0.2557671605532398,0.09013113278160823,-0.05005151171688295,0.05717010949511364,-0.05834343169475369,0.008689523407784241,-0.02995614390847029,-0.04087142656349589,-0.007225439766808261,0.004237274620672906,0.06499688495419899,-0.285892936345217,0.0026720375829446807,0.01354618445286017,-0.0688042092353108,0.0352485221810984,-0.005644330036039546
0.03929992925763092,-0.032911452385664654,0.007318724528143698,-0.02400264508110157,-0.018305697907514545,-0.02426398426003308,-0.13627844822128277,-0.03977711025247411,0.003372879240844416,-0.03262110373078786,0.027090377474917597,-0.0040222211549885405,-1.7349145225944388e-05,-0.006652805915371263,0.006794912227466723,0.023475517296298404,-0.017448136707136627,0.23575756221787,0.013019824774744388,-0.021004925947148874
0.13277466850788427,0.5989175324920504,-0.1582793895463544,0.4172038044075657,-0.9159211296736913,-0.008587979920169141,-0.33937936872548574,0.008793801256407167,0.9396017621521326,-0.15531605918476013,0.2670286984609891,-0.017053100027727364,0.0157933157901907,1.6884335668459396,-0.8110117314477916,0.1673608112461285,-0.06806244406295878,0.6082255256648657,0.18852915432032588,0.11897909277653852
0.01441639849778769,-0.002747849998663972,0.018145154818896107,0.01114815257566518,-0.026845702629083392,-0.01446454897204294,0.022938222421590666,-0.05048806203824329,-0.019703581549172046,-0.024478562531475324,0.03198411623727992,0.0010165512677450651,-0.004358581828900726,-0.005217998678851079,0.014338456881979105,0.0009303803870437406,-0.003318688106939918,0.0364948021660995,-0.0024333415807376415,-0.048035356521555356
-0.019439870313111084,0.6294970035501987,0.07588450171408817,0.04063964313312003,-0.3050423538961178,0.13486661196234298,0.539068620299153,0.006725729453698495,-0.006903240140142374,0.03122150824327406,-0.06904384762009519,0.002928021219141993,0.015828212834355385,0.5143752166551002,-0.6880577705863195,0.00014230285083329056,0.7354280674349761,0.24936832882331705,0.021876122840276863,0.18070485427683788
-0.04392204302809738,0.5107914850469397,0.015932741478917423,0.03326221828481468,-0.18325194232136083,0.02142657568269945,0.5885790980132446,0.24538100387685918,-0.02959079603076925,0.052532219485461794,0.12257126948028162,0.027128823944751898,0.011784832409364218,0.40889220720569025,-0.2369665447414249,-0.013605997258217683,0.04805026252459457,0.06910289169438771,-0.004887218682628237,0.057652303615939454
-0.23990736969489335,0.31191204367276615,0.4730621377040804,0.12035436376293807,0.0431639758487513,0.7975389134116853,-0.8768972995326825,0.475781114360867,-0.0010512091998958074,0.28030583186314,0.10686776281718341,0.007204275715321529,-0.00554234573974405,-0.3294836972348729,0.3203372722128748,-0.04166511545929089,0.2046999923616516,0.5167953585685711,0.0174733322359186,0.12715808177107293
0.11981878912301026,0.5873882537055899,-0.16382783758439753,0.39348327479551887,-0.41117204202637814,-0.0011437895544041704,-0.24017935910203594,0.38730227173256315,0.9536747318756823,-0.16936260369824915,-0.46351875403033316,-0.017745624360402976,0.006846768143495383,0.8233800453578254,-0.9533521619349493,0.19638900567919643,-0.08339699780434011,0.4125123845473624,0.19360454681113337,0.1677788030392983
0.08760737510351496,0.4687042777205422,-0.08000418067949398,0.3090294604929324,-0.3230842842244047,-0.023837548533276687,-0.18562347523784875,0.268425532710893,0.734970646454103,-0.1382272891577943,-0.2934824925730559,-0.004646307836286481,0.0035018953498020746,0.6728280475014972,-0.7391089283175569,0.1343152544007992,-0.05297162586675905,0.33076964378692664,0.1363046840704366,0.1317911873672811
0.20609051618001772,-0.12804636094289418,-0.16240435469840173,-0.08288423278453005,-0.38960578680068664,-0.0013977184168882375,-0.16221870821369078,-0.47730728615426754,-0.02275680969473226,-0.2746679480507574,0.08306620955790843,-0.00870653431612745,-0.025405448293758542,0.23117223482414626,0.19106891437660506,0.3269911128983711,-0.12238224683007841,0.5287934304610677,0.3075914525585148,-0.06718853235476666
-0.040914257262118954,-0.06021163013297425,0.28840728214959466,-0.029726409678414056,-0.24997898791248668,0.1560772163440706,-0.23095864029899582,-0.04366703739998392,-0.13924871268689246,0.07394153974852541,0.9918710711233695,0.6057376445842038,-0.013733496311970348,0.17955819125203015,0.18674863624929483,-0.018460027700466387,0.027926074107389086,0.2302321001820017,-0.006642789010309654,-0.21088099153217554
0.15726647615533046,0.4264126109891013,-0.09021444907695189,0.272693856450308,-0.38603738833660073,-0.019581809183250462,-0.22067653500135262,0.24256867773224045,0.7369857609744714,-0.14135567336548124,0.5222737246856222,-0.006324330631409363,-0.015514983528217579,0.6547518050984296,-0.673682194203704,0.16469166682314307,-0.08923583390354968,0.39165254902948465,0.15943268888036013,-0.16190547338721606
-0.013210810300473056,0.021480860006125195,0.015729505268052484,-9.179423596524785e-05,-0.2465599097060323,0.0038747268019457375,-0.0447813674403824,-0.14173753758494262,0.012222964503082035,-0.011708615241628056,0.3395650014331489,-0.009407271509211836,0.004576359914139398,0.4416744035144922,0.04172067629422599,-0.00950661257209737,0.023563415459699512,0.08707983101521352,0.04159936248758629,-0.03800832661266468
0.24079075976034017,-0.1083541015015043,-0.1371971426366295,-0.0963907247118948,-0.43520810826008294,-0.014214866290988433,-0.19089638820184449,-0.46744024172632764,0.0060749827964610165,-0.27348825221507483,0.09109323957251905,-0.004631887158078994,-0.0339011357319276,0.2598536947955507,0.2185421549175556,0.29382196170914576,-0.14749024534949062,0.5660142313907891,0.31253269840097286,-0.05410415406581969
-0.03577960279198502,1.014919749211623,0.03332383275506933,0.03635356408003772,-0.5099293330242483,0.004340704767069183,0.6227828404970714,0.46106240909462903,-0.0014868881576606992,0.0017924260099438285,0.357825861020456,0.025623839442921174,0.018690382774955865,0.876854259685383,-0.4303409419091043,-0.013404122500951222,0.02752069733769674,0.2562143471544364,-0.01984426415354012,0.16710941677298904
-0.0015978316862224166,-0.011549875731311866,-0.011990253847494853,-0.0017049136261513154,-0.002844818227701341,-0.011711631851238408,-0.015374366157288998,-0.04469557731981879,-0.0019609983226936425,-0.0018272991948755988,-0.014375221630940125,-0.026015522137731548,-0.02542787432780329,-0.01256368580314236,-0.01713869112195269,0.018975366760262413,0.01577748596243567,0.05676897000673996,0.008087088993438405,0.029150529531955908
0.033598396880068424,-0.0021995600665601165,0.7423494224893442,-0.007021642432994767,0.2682176065824528,-0.0024631064794443658,0.05218878695343194,0.3406625495763795,0.03437456294046141,-0.02023708734671558,0.4162065669244927,-0.008080380259602378,-0.03385194549910531,0.1031594400095832,0.22717153080229652,0.009683731511302997,-0.02323675978771093,-0.0904607581367286,0.013438501712305193,-0.09443691444272281
0.05289692142367232,0.2220309182662854,-0.0544301295717451,0.14841678073503983,-0.1743113240107347,-0.002686411209026348,-0.08506580080361892,0.11851901307758113,0.35220949229509746,-0.040451883006059834,-0.12874027214403727,0.01382849464267571,0.0001882861237116661,0.3079268768736582,-0.3350273445687244,0.0845990344609548,-0.0348098917146052,0.18219396056170886,0.06867721566515828,0.05108059170547133
-0.4197766153981565,0.5489644812604585,-0.010472485045567059,0.1404056411168675,-0.043283305089978553,0.011428232980678483,-0.00399318425954312,-0.05982006353179909,-0.01151240034073174,0.4995068008172419,0.003954270262320489,-0.011300136868346007,-0.00909173398699617,0.2737488175690552,-0.6122719049546294,-0.029902682505072702,0.6431926018245024,-0.1606173818773841,-0.2134805654206691,0.36875726551225835
0.3270496288690009,0.4404020767156889,-0.003839790403019033,-0.138670871272946,-0.3211245822331472,-0.013223427833586215,-0.07809919944830034,0.03586481211804136,-0.00831577318255522,-0.05425839164545703,-0.22370364553108177,-0.0030490623132762673,-0.027598955707639213,0.3946752653545656,-0.4916349062663476,0.04192792343140482,0.4911450435698404,0.20711883001470213,0.011565663539165424,-0.10420158282297155
0.20646211884454208,-0.07744709667587074,-0.4627748407746324,-0.09358057705271643,0.2592074866723934,-0.013398162004468693,0.2625879892947985,0.9997074927485874,-0.012729692445360392,0.3150695828147996,-0.7799257572926959,-0.003988225981715692,-0.006183912210923383,-0.25260382725282265,0.16316982737560368,0.007201618976285961,-0.1296794054409014,-0.22262910291160704,0.3415363675989345,0.28824777446903005
0.008370106939807404,-0.028516816380891128,0.01833514184354456,0.16004425713547113,0.09004512391389677,0.005175145354348803,0.01975643996287403,-0.005643770408810973,0.0019139222343421457,0.06627043252693995,-0.061611150534281914,-0.0019500763439393495,0.023159154022419297,-0.06579186247445429,-0.09013089527666748,-0.029284656096481648,-0.04603002505102112,-0.07571385873676,-0.01092220894335516,-0.03280330082541266
-1.1754773641692653,0.679217217373213,0.19382523051896433,0.47733844404185866,1.534955057436321,0.39745112470220906,0.431405696200354,1.1836674572880415,0.0037195585130255383,0.6308390942478952,-0.9895002617564419,-0.007487124746427024,0.8112634785188716,-0.3892006880075243,-0.9934612815638251,-0.6037241743785747,0.947618509029259,-1.5483589622458798,-0.13116598977164762,0.7739822717851098
0.03898455270234899,0.3985509255614239,-0.07474140040514946,0.25141303569237666,-0.26565425815454863,-0.0025148462462916323,-0.1780018297822259,0.262946908899707,0.6326451467978924,-0.09966929644972967,-0.2673226693645479,0.004529548116944343,0.0174885440940228,0.5460809653342402,-0.5862941547937196,0.10515599721207626,-0.03492533411272923,0.2659186407519432,0.10858190685451408,0.124010109972748
0.21973580746443605,-0.1649682549888053,-0.12080223363558311,-0.01432204239955228,-0.3983694675850011,0.0019765545476772162,0.4474743972780776,-0.5538874493986965,-0.02231788221590946,-0.2747710445935739,0.0793993546479321,-0.027971139409173236,-0.01369092027590629,0.2315455162427499,0.15967232168251635,0.3399032054854164,-0.13763671380735948,0.5400934405091832,0.31309185752416324,0.5955798985089349
-0.050117473026122475,0.29078930080069043,-0.21666721588546067,-0.030186680502818107,-0.21348648067939996,0.135401015701954,-0.23189867143462292,0.12869178368413467,-0.13744954352398203,0.0703183116024144,0.8653505532495204,0.6382315536224463,-0.009734051082163372,0.4588602373554983,-0.021793949501252165,-0.005069116698920913,0.04060983578867514,0.20124093773093496,-0.028436190543143267,-0.19826879986619228
0.1370205326252804,-0.0759985060785292,-0.10604658485749802,-0.07763489249360676,-0.32243373179782203,-0.010449086144148047,-0.3095711978990632,-0.34881775496792294,0.001480667066896787,-0.19746250387375688,0.08287440989981316,0.01986032991939455,0.004028115244466059,0.22212949878547508,0.1341465076303851,0.24976716131154048,-0.11254903663505327,0.7542507541613369,0.21661005554926144,-0.035843159020171045
0.6315032541552343,-0.32613912893540714,0.4921287993535096,-0.2738945504647464,-1.5573547153306282,0.010929748928746787,-0.5636669576598252,-1.3309576985536957,0.004696810632101995,-0.8086156926782074,1.0814586843341234,0.022502270680622685,-0.0202177765383217,0.861940771960773,0.6259489134792743,0.9432869059627365,-0.37713018012666055,1.7722623759348894,0.9289139997843495,0.5748820425652532
-0.023404243611862965,0.016026603235112687,0.032188027764320906,0.023506218154763694,0.01035985378060844,0.007322572307657782,0.01352150552289338,0.006483279268497685,0.005665169819433674,0.0020180471172896383,0.022975874055350634,-0.018808245534842373,-0.002029386055879922,0.0017335466798777547,-0.006928694224330636,-0.03337941443924876,0.0026594907053927083,-0.03818331708113676,-0.021528688922716633,0.002247518427253712
0.026825743171603564,-0.04819845449220856,0.8810697046782265,-0.0022390149456566547,-0.34184866398185754,-0.008781327048801782,-0.05603596808395003,0.03927944771615758,0.0018302857492239629,-0.0019775576087799566,0.8980540981971692,-0.011254271258936096,-0.0004803675761835841,0.07189356651880346,0.1258162907182327,0.012638570255959481,-0.014005296558985168,0.196972072525923,0.010915558230301922,0.4535892854832851
0.011779594221725448,0.005786803775153579,-0.005710145998374655,0.00763560752816083,0.02131809223013746,0.0068663244100228265,0.0065024306467601715,0.01845385633570737,-0.000938481868908346,0.024033799411237292,-0.024460346563259183,0.021887333884452527,0.004564679735070335,-0.002768773656790547,-0.0063225651133141355,-0.007028295096778083,0.0188167818044432,0.015469258716302907,0.006418225774986756,0.0023469867495100726
-0.08864357453212736,0.06775177693942593,0.2249266047907477,0.05845925448215501,0.01763513243537613,0.3997541200544021,-0.7520779784664814,0.13130901896350294,0.019988325849792397,0.08665426776152407,0.010955832192044594,-0.020901714196949993,0.0027062902273761796,-0.2050590956233302,0.4803496637907471,0.007974814256704288,0.08297487678943999,0.8498333934892313,0.05595416941793484,0.07008719594633764
-1.2310097310217563,0.719118461319372,0.26008313918523995,0.4912432795410511,1.582370258319388,0.4206938583109022,0.4044046149899286,1.1927294837229063,8.931957275355729e-05,0.6615087862532082,-0.9353829330351301,0.03068767307062633,0.8190135435704382,-0.3923033493088086,-1.0031230854647768,-0.6071114204836079,0.95864367774655,-1.6033072076035495,-0.1637732478885137,0.7938242827403524
0.5906033555866657,-0.17764044893826433,-1.040384453818625,-0.24540702960625377,-0.9391174625092574,-0.02067757982197519,-0.0902186596966702,-1.25284120224031,-0.010048298297170626,-0.6965584977854348,-0.8706560401360436,0.0070984016258371484,-0.015952022633075047,0.6874567639956518,0.33124868110936045,0.8474148905891772,-0.19518325885832527,1.3465087124227897,1.5893746975874479,0.09783416559618126
-0.06696703193437781,0.014579313345527811,-0.008561326707677452,0.03277328235483409,-0.11281715774829225,0.010948162164808171,-0.03782795470657656,-0.1183612473881917,0.015853992516491767,0.0202973302994195,0.1706385423305086,0.020441487725222078,0.03421667844540859,0.2391877889439183,-0.014014648464753613,0.009673740349288125,0.04099941466453185,0.053755230874690536,0.006070285274549756,0.009226912814344032
0.014794822670284494,0.01390750747955879,0.05339408142074586,-0.010969086031729884,-0.03044883337120197,0.0011814701105040237,-0.021045140569919355,0.03707049072271014,0.00422185497692814,-0.008331814399629604,0.04598186047549688,-0.013644398578077647,0.007991280982363807,0.030077974924791778,-0.005096390634257667,0.0028872205916120287,-0.0138011062974794,0.03141926273053417,0.008744738639909216,-0.01757547286059714
-1.1509743331644253,0.630303930097492,0.2169188499299043,0.431920596866509,1.454313939268116,0.38768972152146797,0.1589546052902293,1.0979800713330645,-0.0117647223007205,0.6285808255294543,-0.2711127932097254,0.023202722481743234,0.7405192271161519,-0.36826346100521407,-0.9159624708971111,-0.5983353519712439,0.8877574619883922,-1.030144630714604,-0.1911048314887598,0.5572088446456035
0.012211471962920018,0.023118656858331293,0.5171622685809978,0.005114997182804255,-0.24593507536795567,0.007288872791923394,-0.09388575751648452,-0.015127810187888873,0.003014331465019263,0.02193205440197862,0.5253094654053649,0.00332098273615872,-0.009515861424546655,0.08029849647590408,0.040297549757943626,0.010686187042070512,-0.013816024002273306,0.13448626875015351,0.0035994783145368693,-0.10274695910039262
-0.7206199523539185,0.4081355117891316,0.12501957041223088,0.2691823867455737,0.9895917545307569,0.2595326887852563,0.2620609059991771,0.7695853206349171,-0.003124828061550098,0.47168443760432366,-0.6500247617307076,0.03176740404617235,0.508421021090876,-0.2934424322746402,-0.5585790603819369,-0.3863693850591079,0.5636327248067338,-1.027454912760267,-0.1295606332833831,0.46988698393193173
-0.23624145724679163,0.15965436596309288,-0.029906577302115014,0.0914977224486754,0.4054547614638331,0.002171226979425821,-0.3531557636917173,0.18798236838415489,0.0001571646337588141,0.34138323342210314,-0.1936248691067486,-0.0007802623725225843,-0.016030537378577927,0.04542373471407954,-0.251560650014806,0.013118018915295305,0.18336196874490424,0.5995012949278243,-0.1144907369897288,0.14085721643551438
0.01930505139662842,0.09123643767443976,-0.012836503352475711,-0.009675742559275582,-0.05632160102678266,0.00563802684299034,-0.008342801233971499,0.042118171063191504,0.00802534394198711,-0.003150776167968338,0.009651887988505579,-0.014488354059707418,-0.0018988133774697578,0.07260328120711194,-0.01213118834276037,-0.003956744054502218,-0.02692802047845456,0.04638464873724913,-0.011130578232317292,0.008293151226501917
-0.017581612347671246,0.49043012079301734,0.01789012183142401,0.007080455163525461,-0.25648541015739224,0.003169294953688616,-0.11156172270690982,-0.03162124361565552,-0.019630531826201628,0.0003204201714622308,-0.07551898719910825,0.007682608314255335,0.013156453395990326,0.4095510006703411,-0.5652933471106741,-0.009826827521687826,0.5726225461968988,0.14518335732277102,-0.03221879064125316,0.12559747650566158
0.20105367352776313,-0.13382742297098463,0.8366089016147537,-0.07240382091111641,1.02909021968008,0.9112505546731403,-0.7610773050018508,1.1515464726291327,0.011827698231448514,0.2843463685591982,-0.38839248997443154,0.02261672714242756,-0.0023531096322636264,-0.7834221653946232,0.5746475085641956,-0.00917288786426796,-0.14939552987992677,0.15797335354538514,0.07184161891915765,-0.38346633331182994
0.01861480931502997,0.8818852215114191,0.010274819505629787,0.05942712584557715,-0.45359644461283194,-0.011765801640115552,-0.1066663214015569,0.3813707462858466,0.0007945299003402646,0.0030738216042178893,0.22403319712320785,-0.006493010812393238,-0.0025092841870035156,0.7794643036383119,0.5855173094693022,-0.024343833979676634,0.007338109712683628,0.19451885777376815,0.0023886687308512494,0.07891058653788222
0.0027861076138009605,0.5870823073137101,0.004235302056383509,0.006474866792047989,-0.33405795524914667,-0.0020982269785277167,-0.09224270374200262,0.2771788050545814,-0.012436334921809287,-0.019859179834960813,0.2039695519235157,0.013317810717926046,-0.021581691110303412,0.5375193612601726,-0.13300701684689478,0.012714663202649974,-0.0014795300440734998,0.1552652747223022,0.005393587265010349,0.05796305136636857
-0.011759695669214261,-0.01757443010636495,0.019384907985813184,0.04705501792230067,0.008392058578235667,0.005921506449469074,-0.03326842199927262,-0.009509379401513907,0.011319837930518377,0.00732850880187538,0.02141535681096156,0.01330917449752959,-0.017717504497428906,-0.012109537195843966,0.31968603604273915,0.006159542739669592,0.005116515689947339,0.0017361551127296026,-0.003989679685669132,-0.014960114239368338
-0.01259957904534698,0.02118369457197275,0.002160749684296843,0.010897713632317008,-0.0010883073877573333,-0.0069662879744565075,0.0007064728178012264,0.015598735117575044,0.0008701251448984537,0.020249931553181975,-0.007028009156467093,0.014471123251397754,-0.006022575083886448,0.01816927315621418,-0.019738846923769295,0.006246914995758681,0.0040157855559496665,0.010902165657299845,-0.015033102503739163,0.021182354061130386
-0.047821301568991385,0.18566038579106242,0.06756905836103985,0.004592665977545866,-0.06256401065701318,0.12184886528607887,-0.16936692848542817,0.14195412721813103,0.04351830217191728,0.045455251519715134,-0.007874243994824108,0.021203961846842503,0.02596741545471835,0.09879879321825444,-0.05363631814620232,0.01192472287253762,0.03463683410332399,0.13538709090503995,0.03639060303595135,0.12548873816256542
-0.04646223520682082,0.04641165577698558,0.11754515649795848,0.0015765781847974537,0.03975139775779641,0.2124897127422171,-0.23360698265794347,0.08798234703297078,0.006520244348931149,0.05680423777887058,0.005889508266986665,0.0005258020699427412,0.00819044680130793,-0.13513220493689215,0.09122763973289034,-0.005125424306773482,0.0694411558822457,0.09772557831007615,0.019985833318765453,0.016863674754056573
-0.0012538790199417959,0.9940417854012977,0.9951360377708415,0.6632735403980782,-0.6356390823652991,-0.01333144055707082,-0.1369745977729599,0.1274585628158946,-0.02123975124762957,0.00984193255203046,1.036738752167013,0.0038919773026613504,-0.00819819995682171,1.0032240588659684,-1.0302526508999554,0.00018103363616994543,0.23073534653105487,0.3242697882539359,0.02318158467920227,-0.1127160309153684
-0.017536230648571127,0.027521699778757958,-0.004089394065320044,0.024026958510229398,0.020986997487293827,-0.013411541300363341,0.018892492818427697,-0.006203548189070541,-0.007619941340500235,0.013878358985864946,-0.057562643296738464,0.020408111815223968,0.00757325538722446,0.009793419410764089,-0.05745823664938394,0.0023721944559628397,0.022038541463280336,0.005318322764020208,0.023805785321276446,0.04383421897483428
0.40568275368570056,0.502222288523464,-0.3329739484458129,-0.12682337969860888,-0.555776773050475,-0.01636902148935234,-0.1864398836685734,0.022123830251481142,0.018957900721219275,0.566274235808146,-0.07504068026814445,-0.03044064267013876,0.007568523989657456,0.4993339468814672,0.21622686825168086,0.38291609948127614,-0.3204155653420821,0.42777042607780785,0.03617432829849218,-0.11790581449514079
0.03341328698971481,0.15323966612088968,-0.5675034730092114,-0.0007004499338687416,0.10030106542964246,-0.0006966383312513335,-0.07367340132565361,-0.012476245170534478,0.009999207938809755,-0.0011680327992197182,-1.0014821961405491,-0.01401787753312202,-0.006090563054989361,0.09076176696764511,-0.19672591028290998,-0.016984273614460234,0.14137188314346905,0.7560591822427243,0.9286881880564456,0.23067143408803423
-0.008507502513766921,-0.015020552796499751,0.0731276064532277,0.4050615424094584,0.15062069734061997,-0.002826741685883429,0.07757993428255536,-0.10304426600592397,-0.007582171650949083,-0.017980003693367882,-0.012291927990030977,0.0062598976048735665,-0.007261337513982188,0.010331860516541426,-0.36628334262404594,0.015359776704680198,-0.010917294684639778,-0.07557040627593203,-0.007291865449038334,-0.07209993059212519
-0.407284827884181,0.26857805980066535,-0.05727904709533408,0.18898419504060268,0.1255007822395323,0.009635705744282609,0.013054846669109065,-0.08182755517668583,0.009680630955639043,0.5123878067855117,0.07273402583035003,0.02527310069700276,0.009773430499948768,0.03906120331133808,-0.2927391035857814,-0.021466745689048872,0.3054154488273438,-0.2019864105566463,-0.2188813601807513,1.2809270943667321
-0.4482519385624542,0.2503914844557108,0.10068349808162524,0.17914572383776325,0.553436461862643,0.14267962296914324,0.16471867236600343,0.42285102521441287,0.0016681066876650203,0.23976563036204168,-0.3422793874378093,-0.017745059068180923,0.3172789924600941,-0.1387838432567346,-0.3773444476491761,-0.1885149950831296,0.33519273978432484,-0.583627473822892,-0.051328739085143765,0.288021441435371
0.3093411943943335,0.5959753810923785,-0.16661947591558976,0.3235039326167913,-0.4565880941813383,-0.007632519157110271,-0.24912205810060023,0.4931269866661163,0.9451381307566592,-0.15153472237228396,0.4229311130335996,-0.003824379134052561,0.014038879338182406,0.8359353736792915,-0.8244050565911643,0.19528798211149126,-0.2321755877957146,0.42172976818464086,0.197794424392573,-0.23298518811452468
0.19732898321271206,-0.04307070522748029,-0.4444514606412422,-0.057245691561493166,-0.36281987339589244,0.013064397544050095,0.07899483350483404,-0.2606400947930765,0.023594423807257986,0.006669081576912408,-0.07124896103572592,0.00360037253031658,0.016209783348044318,0.7494835300007505,0.13925992372905854,-0.010287008062188996,-0.04535593861718334,0.14142194204624553,0.5067039386639313,0.09713309652284517
0.005802411532057669,0.013104516045406484,-0.018426890509953935,0.006923784404600291,-0.008496804850598614,-0.008938040225377614,0.005567981968250473,0.059892181591765514,0.020024542129006416,0.018884258547990453,-0.04204846953972644,-0.007055314964335106,0.002908012840347708,-0.0026712167096241326,-0.01564356343531702,0.021667705849167496,-0.023589850268293105,-0.007630781734712934,0.023318426266269114,-0.015000373096728456
-0.024785579564324686,0.1292000700396719,-0.7080978513890113,-0.024270744501580517,0.20812507890241064,0.007725551150992349,0.38243620804876877,0.013893577765146669,-0.004462341921398993,0.01508725716564168,-1.147226779289576,0.0006969603261940457,0.00969558052389265,0.00799079414600553,-0.17686049184751604,-0.001428593727621696,0.13526106820913053,-0.12616827756692103,0.8631092649532778,0.3239684708780266
-0.019948508432504425,0.03057664405533277,0.0031782786272413818,0.015140448315628725,0.021925385327424784,-0.01686709466182325,0.06259661105271945,0.011264996224906697,0.004387008597946203,0.007529650739338581,-0.0566260742178272,-0.0018056420310680063,0.016108774626536038,0.013281837647152616,-0.023123474844068695,0.004006301873247668,0.022087368099966767,-0.015104987563711826,-0.01819162406215688,0.03965623402760559
0.5078695964253868,-0.39374937687572853,-0.06360350244053833,-0.19635613370141597,-0.0793718648799222,-0.013957113142330346,0.005657953161939698,0.059626742507469785,-0.022724929314873382,-0.007461478056334641,0.010621213514738537,-0.014169164038361957,0.013925952969767582,0.028792165506309274,0.5000754115273197,0.007503398949038002,-0.42008234520185295,-0.005524558485930983,-0.008772013393568624,-0.43869007927730025
0.015206140880512666,-0.03628052307916768,-0.0210354702736772,-0.004891161756670162,-0.39086813848629925,-0.0025125258751442655,-0.08279478983829351,-0.23473395783920148,-0.024817610600028638,0.0021390026510693027,0.4986942353420197,0.007501767044836777,0.016884837831019767,0.6430036669337814,0.11579615310671856,-0.01850770225256294,0.0008309206855659965,0.16290571668420117,-0.006824037192404934,-0.007237744157320886
-0.8122579778536113,0.7283249714659608,0.23476532109855644,0.684872722543361,0.09884370104011546,0.011585748480259405,0.01275509531446576,-0.11927301396610625,-0.007459447530340165,1.0052874347670098,0.4078171213326961,0.023119723017455303,0.023450154823553192,0.2566520707164214,-0.87952430809429,-0.010068520305834435,0.589577498154042,-0.34308294865848593,-0.3614995633841141,0.5291786737348287
0.013579322219386916,-0.011735699339674855,-0.01395087454382616,-0.009376330793373529,0.00030555591655074925,-0.021517924382465695,-0.18639926341664956,-0.04868896912003244,-0.020246145932614864,-0.00720957074254594,0.01019869479383739,-0.0042896930489131554,-0.022336391196443706,-0.01238382430272036,0.006887635519104254,0.004602568505882978,0.023720240248263125,0.7282344714780866,-0.021712754471171748,0.0064984580380924115
-0.0047094143027313065,0.025554263269003858,-0.03504469812972201,-0.0033023026247535627,-0.016531175350241182,-0.015744650473587696,0.050351070353922604,0.00585319845805959,0.007934929574126415,-0.0077727456998316815,-0.029316657505531737,0.017064697158293625,-0.0034397804908710573,0.01934929741951965,-0.0313170130882298,0.006685024777178862,0.01158683995865036,-0.027532318606621656,-0.0009266820181046808,0.0032970115801343753
0.0033217663589739247,0.2500766350432053,0.032392408575797754,-9.638737036658448e-06,-0.24340426603126958,0.026588665455265635,-0.079024415966451,0.04658841946415806,0.010240099280279753,0.005526597507286429,0.2683132781885531,0.0019380432839301363,0.004073439596014543,0.39981225611531684,-0.07992319248806691,-0.009139972692328592,-0.004992524562823257,0.12872372777188326,-0.036238095204555384,-0.00011637098751973057
0.005190426398070391,0.046019657976175944,0.019935105459135762,0.02020757267097019,0.028700775270041577,0.018817175223949406,-0.0033818469727744933,0.0366063250046115,0.01972892764476603,0.034319302845961394,0.9140899122238195,0.003906655083437224,0.012040714647078163,0.022973522145492357,0.004241738303097209,-0.006677792922238742,0.01941813554908263,-0.011611251300787374,-0.012164264875629039,-0.25453691984027077
0.010470004010771371,-0.003200262241663184,0.017173663055317537,0.0024990072841574573,-0.02075517395359021,-0.0013779859300174033,0.007754389264793347,-0.03149827718325438,0.02533950879262751,-0.008506625255603332,0.013874902775209983,0.020434956637754215,-0.014950317373043158,-0.0009734156069813905,-0.034048374160041035,0.0007356054850920528,-0.00625546364481395,-0.009161517018315593,-0.0023688462218568723,-0.007672636789359829
0.05385792814251993,-0.017968662461943133,-0.04626798803439001,-0.0036606278139725158,-0.06010652242052441,-0.04296718794495639,-0.03362357070355752,-0.05960087159488881,0.013627095562781534,-0.06051360817036462,0.01817757872841259,-0.0035005319506420446,-0.007090578233807569,0.030375146346919412,0.007645457357614332,0.04765718757425574,-0.05488568172151765,0.06056031942047405,0.03638977414856556,-0.017567338510741177
-0.15759540509409084,0.07578525299952911,-0.0896905684883535,0.06478875301016845,0.16849255586253206,-0.011497429713637791,0.08044357343709353,0.024564743332323183,-0.012966603118631273,0.6456872476992769,-0.09339293938186066,0.008550441434072307,0.004896888030651576,-0.1809256768512541,0.002627379339942419,0.001131027677973762,0.08256929932522665,-0.2834417298943726,-0.24068749739186787,0.09371650392024132
0.002837068324698315,0.39054060980273636,0.03337064036132487,0.017461983445363233,-0.21270552524425596,-0.0031424255040535774,-0.0026104441582506244,-0.018064154284192554,-0.007221429594168723,0.01648822488087289,-0.03359000656284603,0.0073242492207278576,0.0032346470326296423,0.36084523648654104,-0.47191825297862944,-0.022587776610809348,0.4488606765129358,0.04874702396627744,-0.03805938023149374,0.0718442435946506
-0.0022634139473424637,-0.0021456015883097044,0.011307170951400072,0.03390678382444097,-0.5232272846472729,-0.003824550161485177,-0.1296063732081966,-0.366610250906852,0.0062291742324714116,-0.021696993600526113,0.6941546716203092,-0.005225217175578429,0.013859530796872792,0.9160300858269941,0.09770378875163183,0.0037916540086085806,0.029820501169520276,0.26236811652711917,-0.006252214566590671,-0.06027527166839067
0.7157059823063312,0.13840578559176214,-0.46483729332424356,-0.27520567306661325,-1.5228629077276983,0.001870528786989976,-0.5767437861748157,-1.1574740061260518,-0.018855431708293943,-0.8411258987243165,0.32284968157786914,0.0014954269895997528,-0.002821393427481558,1.1708651201538172,0.40159152505839946,0.9668465857365288,-0.4055924578489455,1.7968581535746788,0.9657974927188375,-0.14584314904601323
0.41185610590036514,-0.30193337117602576,-0.048078949433104604,-0.180944560572663,0.07865579575206758,-0.010762072414098402,-0.2654942042934994,0.1483044321481483,0.004077328264561631,-0.0013906604537271012,-0.22591008968360765,-0.018744720999549113,0.006396080138219845,-0.2690941296254474,0.3643489330155813,6.342026835079711e-05,-0.3181904048189154,0.5587411002778667,-0.01633919319012074,0.29634872037960136
0.02199006787452268,0.024968450929422403,-0.026811666437496277,0.005869034114249766,0.4039767407710938,0.0005072736677481241,0.13622910789075077,0.2700593894345895,-0.005598340648876171,0.014854706869632863,-0.27124195498843506,0.010691231921409718,0.004951150797667768,0.03926766195752261,-0.1346000656714162,0.0059069559485261,0.006066133216325086,-0.1888728032807148,0.012060842539834062,0.3765731113100253
-0.003116604924912241,-0.052458608908296955,-0.09280843528636029,-0.02523006406130371,-0.034279603546166215,0.09048637515720076,-0.11911522010804156,-0.02839985060568717,-0.06100533605428536,0.025782685962857127,0.32235820015591476,0.3497082066347628,0.004113885028068344,0.0448760979048564,0.10546664861233111,-0.0020037816905857336,0.013549891412351895,0.11000909784687626,0.024743824391100313,-0.09427071787231175
0.03705213361757572,-0.031363072721389385,-0.02670956046778158,-0.03837874293889822,-0.03791950541061423,0.002707748207766005,-0.02657726807235855,-0.042402968076477546,-0.027016870454606323,-0.0253160887875602,0.044315302076638016,0.002759341891863292,-0.012941346135870078,0.007874641062993912,0.04061579790749135,0.04312631115556275,-0.023128885948707024,0.0594546963630761,0.008829274472040812,-0.004740421617596059
0.1328226667945766,0.09033032655712067,0.12583746391959905,-0.02367598654040439,-0.0652324495132306,-0.005115284134509686,-0.22219911026607686,0.069595539215583,0.010763887218569386,0.001566706128064602,-0.02596267999552112,-0.028367654170471483,0.0009037536064029688,0.04001907327353974,-0.07864584354387083,0.015059297283707598,0.07927017946938955,0.42996084052644895,-0.016597004166806015,-0.06254815665826872
0.008842402826943537,0.012926357950985312,-0.022510763867518106,0.009816635088746216,-0.08965064941852642,-0.006732018822778743,0.1836728409783177,-0.05389569727023409,0.013344312083553581,-0.0032607771669026504,0.10530345488397544,0.013575633716253178,0.0217682345291791,0.17080114534619456,0.11450782579561873,-0.00014687408209725777,-0.024959144042684824,0.03363376801009263,0.0030681207640841125,0.5327009376146973
0.2435914362797941,-0.15148391882890885,-0.23841182628433338,-0.12702392837872953,-0.5971751183472531,0.0261873931417397,-0.3020793278755155,-0.6897009604104938,-0.019338978260018336,-0.2924595706843613,0.20150744201952195,0.11092495908646281,0.009756396905170142,0.39289966962956796,0.788976206767634,0.4450688247228266,-0.1071099471616149,0.7822333770252764,0.4043517177347987,-0.06226873131959472
0.003615885996179291,-0.0023437218436494003,-0.00446675008850579,0.01850724524616461,-0.015874814846120733,-0.0006984639150591559,0.006161380960887751,-0.018588905600258346,-0.0012562766461968718,0.01195326009707604,0.02513597016180702,0.0043229301568458315,0.01665952310518726,0.008263802807497963,-0.009487217761022371,-0.013120179571191723,0.0193021813150544,-0.01454003646736028,0.0024980873275103725,0.01533366803747706
-0.559843919210573,0.3456993026351361,-0.019505751836574506,0.20883116681888542,0.39110838523341035,0.02643732202913998,0.21129232847922236,0.08537496659512492,0.016247378290669884,0.6692979732764925,-0.06737460867952329,-0.02024477670729876,-0.00027995422913942164,0.03109849557995684,-0.4253573834231892,-0.004655384079866008,0.407029125480957,-0.398001816215268,-0.29358461936895536,0.3892462536677272
0.07122293903491198,0.7682592849882369,-1.0906459780912625,0.39177906215261527,-0.2907563116050661,0.14311948276486924,-0.05127189523424183,0.3280268918652286,0.881778643493225,-0.0971666364760566,-1.1888581925890536,0.503305548346068,0.009315645825159565,1.0608125667020394,-0.8940993811531838,0.1573514658616324,0.15792531766432386,0.41389526401731747,1.0769105602464257,0.40907031086965134
-0.01224903489621881,0.7640904904591658,-0.013507331248668882,-0.01575775857168489,-0.4623436858176886,-0.023607218538153184,-0.12418450406071235,-0.10071501139999502,-0.006122115758922595,-0.00881217282609303,-0.107550320499285,0.015529002598972223,-0.010888277547265327,0.70206707102116,-0.688820309859303,0.02442483681410127,0.8791417807007174,0.22345348948864965,0.022220993367180215,0.39638324288489873
-0.00851480065154824,0.07049251614128092,-0.4028241571799777,-0.001109314341315362,0.0981151492414764,-0.034321108517076024,0.21040959734527945,0.007671325776490183,0.007745077934644977,-0.00012911973787935313,-0.6112037226764244,-0.012152774933672297,0.017864481647099015,0.012089881315739105,-0.12674687615934527,-0.0002738639473298212,0.0899379717737243,-0.04953191289704381,0.4678488096084278,0.17391478901861812
0.014615361159574443,-0.0022982979614877587,0.016958724926341262,-0.005189463299338101,0.0002616036806965434,-0.002218410557261962,0.30300644915860353,0.01171166974215799,0.00744049615719255,-0.002309386307651368,-0.05155660276952865,0.001973424186794583,0.005645479543704722,-0.007119877333573341,-0.019325124646199638,-0.016148136723169056,0.01556211982162935,-0.0044965939881886395,0.011307899952692407,0.0453039570487038
0.0013290138589929805,-0.03407328511317636,0.2789287898290337,-0.014576793160551242,-0.16202262503997453,0.041795556901846255,-0.11219884992453029,-0.019467976656890637,-0.056789360395170685,0.008813661873215308,0.58538466791072,0.21300239905564902,0.004899915901374056,0.10546541048941462,0.09474980576767433,0.002926559180340273,0.008805277644883801,0.14538777944072845,0.019050767436860343,-0.12653610354327638
0.4000640537963208,0.004200954490921656,-0.25274153010876277,-0.22742826766265867,-0.041048402593904985,0.08588212388570438,-0.09892073994775955,0.3410369989897603,-0.08496309542075321,0.3364354733391831,0.06478619677156441,0.3403378060871557,-0.005327791130286983,-0.003091166663371539,0.4082755280488709,-0.0032169076622253793,-0.36768740576303466,0.006957039756449844,-0.10264700873200548,-0.347066316883602
-0.02833822265047916,0.01688871411631815,0.11956425149542689,0.007866673695776065,0.003215848820503386,0.24133889155467164,-0.2670584316291185,0.11412898084120561,0.001078582676011305,0.07667198402942246,0.049673686649641814,0.02050575921938683,-0.015402160635021648,-0.1335682822735099,0.15274248710861818,0.0061049300663248195,0.01650497752395457,0.16257153342049305,0.02022786931954475,0.007198758874102486
0.021117847958014965,-0.0124925025017978,-0.21851476656426516,-0.019205366243203688,0.08191848589461927,-0.015180389107538442,0.10056065512843763,-0.020777253817195696,-0.013903241431983588,-0.004324075714180557,-0.3062827292914797,-0.009444797133042181,-0.011489217784406957,-0.02015430164773231,-0.05307716006301613,-0.021459358174531637,0.06046648595746228,-0.06164400903318536,0.26687359622984397,0.0773928177775559
0.004881464993368598,0.020795990376636507,-0.006114363252556545,0.005399243241799898,-0.010586700422284798,0.03302125224209433,-0.014131036301737482,0.0003848524309367162,0.004495045916350407,0.001406702845224916,-0.006877547439652784,0.03667142892827151,-0.0056576570669335784,0.017925239421173716,0.03608409897434754,0.0009945666034078303,0.01579090750677501,0.04796470562885437,0.015150295327167562,0.00426656263129478
-0.0020970083694435496,-0.02543493959558886,0.9221948365720047,-0.02110125986652813,-0.32387899121756825,-0.011000709348731168,-0.06039370028080184,0.00249636240088762,0.016034526149000757,-0.0168891573179241,0.9016140850026994,0.01940633072466349,-0.017176029105886496,0.11852573707278442,0.06622696572678971,0.022160709652282472,0.0002676617643327349,0.17831027624364762,0.03441961502923494,-0.20977142092912093
-0.1676082873886332,0.40295032810476855,0.3716755259532092,0.05445215489282687,-0.12090681085896432,0.6271542086552753,-0.7553195222271715,0.24813638665583918,-0.003415924565867523,0.19193544294359174,-0.002271830896982425,0.005461705882015191,-0.0050016655042995125,-0.1149461054076848,-0.026108532706293295,0.007507751811562487,0.46380071244892845,0.5274944517665164,0.05100134373535525,0.25758404970102233
-0.03492013837055725,-0.08776871044161183,-0.21050282408618484,-0.05638104905293788,-0.192384102022782,0.14510091383763785,-0.231245699078959,-0.13781284720606468,-0.1437565572860444,0.04564652843190528,0.7084655810771288,0.6386946806794693,-0.003709989369568377,0.35244955577519654,0.19758065502157374,-0.006655834851865258,0.03418871082874526,0.1925227948696149,-0.015930064268975728,-0.15291023035018858
-0.16992511105064786,0.8245510094930187,0.3423651669143706,0.14103955339209356,-0.29250641855355414,0.6145360341169344,-0.7696949850455046,0.5397803821040956,0.01600420926466333,0.19088793680369054,0.23084092955847463,0.005165753878259969,-0.00401540314050402,0.2723733278596107,-0.07937519665722444,0.004862131748736731,0.150522014775458,0.5645852598077122,0.02593972027012486,0.14409053071560843
-0.05047100542297266,0.015380977110975717,0.014865490608017073,0.018093516736224488,0.07728492730826884,0.02638110121366732,0.01749309211748161,0.04297774942541606,0.003969735651677197,0.02524134475054683,-0.01772921421467214,6.233405470530608e-05,0.01195714608374758,-0.0244755696866166,-0.05965432770467187,-0.014983528937956611,0.031184131333985753,-0.08965780246468122,-0.03709374644955481,0.02116857557579247
-0.0554735448459043,0.002776599135135913,0.02126083013568034,0.021946105088824094,0.07404860178168104,0.021229433214134803,0.00029115910689545227,0.031016600608519778,-0.005037840404900929,0.034272109948207924,-0.03906760004452902,0.007302645051435047,0.015082859515012145,-0.0553689138311583,0.3499594227418615,-0.02831187634969162,0.011424542405460581,-0.057054961226537644,-0.014244567428859396,0.02671020346038519
-0.06984896907733225,0.42434724572091476,-0.17378971912452057,-0.030775334656819798,-0.2832154760964134,0.10499091958771102,-0.16036663906587723,-0.08406626421200955,-0.12329659981683587,0.03104209668945744,0.3158765923647418,0.4605060613087749,0.025512987491316648,0.5282157758338005,-0.4345051204460377,-0.01090019989544433,0.5782422528715511,0.20762455545989386,0.008747101842624422,0.03053663567193647
-0.00972817444446333,-0.01090548950086847,0.013519865509025921,0.0062884708577885615,0.02417850427773262,0.004541712328756966,-0.0025172827626999063,0.03662810764578732,-0.004430041645906275,-0.028376924101473158,-0.009183004233878078,-0.04130508698985155,-0.009670335015507375,-0.011016447815949168,-0.01598000821103195,-0.0010910058782334217,-0.014422545170352904,0.005755162783276728,0.01616572732729044,-0.013627027919722933
0.021138739054343905,-0.01664289206938016,0.01744608337870459,-0.005040771463714124,-0.03175909008558274,0.003265246266563585,-0.0020775830155167485,-0.044873709191044074,-0.00926750249177936,-0.028787711939776937,0.3991016348555249,0.011482739047078017,-0.019531260202744784,0.007678809942031697,0.025156461660660163,0.01308215781395796,0.005908596491780436,0.03825290829239806,0.006287042093649417,-0.12475379722982416
0.932024734530088,-0.6714521968259568,-0.07806480827026324,-0.36877348721466063,0.04889106538134663,0.006205577260440057,0.016362948453626885,0.2828469377583216,0.022618111178977874,0.016188932003240123,-0.2771582019024545,-0.016596783715538542,0.020183225567209646,-0.32416688808252414,0.8986825859724688,-0.007064677928161655,-0.7596708962191038,-0.01646107665330613,0.03245992615450015,-0.7209816460132786
-0.556574252045711,0.3652592401770931,-0.05954625820523552,0.23168356193594522,-0.26418266901800036,0.025303062690909862,-0.0821118868527299,-0.3223525274687113,0.00014326492507567724,0.6450650114870297,0.581317903942344,-0.01300144946850969,0.027468106095504912,0.6807100401595665,-0.27653519776948043,-0.016570723024328382,0.41834000197008475,-0.055573190689020426,-0.23673613860913756,0.35452783034778257
0.03723431821647972,-0.045674345639957085,-0.03155811748082147,-0.03631931945902278,-0.2751121122201001,0.006605317185557012,-0.08168674538443395,-0.1823861492681038,0.004947804276847481,-0.03650946101749535,0.3242061008064233,0.0009308132398167792,-0.02341898551261735,0.40762434192207603,0.1135734937904757,0.008022272780159313,-0.03506677330678874,0.16669553362193373,-0.00413148251339902,-0.039911579534829794
-0.21911404146456784,0.1563156388679245,0.5009177219640953,0.06909154469352681,0.09683222989801202,0.8257189934089026,-1.0624140378386229,0.38724741734997636,-0.002117506235394157,0.2542902831474907,0.024175931783525447,0.006671171375072589,0.01416746124711744,-0.5050208099111444,0.3929823575265533,0.02415449510892961,0.18220006745577574,0.8068444160062704,0.05399827656029587,0.15095131727876637
-0.024974502381398353,0.010133729428369282,0.032769089240480144,-0.003734586266878048,-0.5660596502201442,0.004246639831128042,0.46111725208567594,-0.3678677933822271,-0.0027441544059715103,-0.010968137701317694,0.7567850476019694,-0.05247326573178366,-0.0201860105991936,0.9603548584118938,1.0667701173709876,0.0045567070357420605,0.018602376510020786,0.2655541354054934,0.0009078343567732017,-0.04278389810963986
-0.7269825887825073,0.45344007685920223,-0.3378662197675649,0.27357026869936707,0.16248963840596142,0.06162121443837765,0.06169304416228854,-0.1559605247469788,-0.047378093428716114,0.8945519299406618,0.06093532562555027,0.27316602101996634,0.004956026535946014,0.10603416117081378,-0.4284614302222646,-0.021762081997801504,0.5786591505515497,-0.3362920039062412,-0.14103543739727534,0.5114286532105273
0.6402966450304652,-0.45855171127293987,-0.05253425774601517,-0.28166171414204866,0.14780001967115827,-0.014388466432286095,-0.3041852454807664,0.22470128568794429,-0.007643013648762598,-0.004209598741167437,-0.32321261737094503,-0.002248388000560992,-0.004238084105058388,-0.4395466670309553,0.613000918115519,-0.018846724770762078,-0.4852919200101161,0.6114743463682359,-0.010213114482147989,-0.502362242048865
-0.6471225474090382,1.2503955820375414,0.12474015898809632,0.24474730262418373,0.33741352400849883,0.2005928659876663,0.12996046309694523,0.5768141107323058,-0.004554201125173629,0.32501094253515905,-0.6427453028751607,-0.001908070992731277,0.41466533515385484,0.5857036835665036,-1.541955283292232,-0.31849461524333705,1.5057614084165163,-0.6240863596269719,-0.0847044110856473,0.6369330455904926
0.7018372141155326,-0.3191256073466615,-0.4841145980173766,-0.2687514759040678,-1.3123619533363455,-0.029078150717648018,-0.5293492664008932,-1.4036127624502797,0.015025144115203613,-0.8702524784927191,0.16125006181269871,-0.006337392238103066,0.012305112242918748,0.8327175890674785,0.572855165761677,0.9976323056213142,-0.411496570601388,1.717656506706187,0.9975913274680992,-0.17894283003664105
0.02784859014581393,0.027227992540062897,-0.3466539077857864,-0.022548143729377797,0.7717689454892546,-0.002344308544203739,0.3336244521029894,0.41637187807229686,-0.013665147706853276,-0.01733396724836543,-0.9079305087061039,0.018120031071158726,-0.0263536351143616,0.02647010490100057,-0.22575832931064474,0.022565167640184423,0.05034943547266348,-0.3747367265786262,0.4081081722800768,0.006480315289768257
0.002499884545934766,-0.00641079451459933,-0.023967665470209985,0.0031159525049662545,0.003951275790301672,-0.002449377790789147,0.0014528458880838074,-0.006686211526870713,-0.008100678940840673,-0.005363620537966929,-0.013810862909187465,0.01864092814182859,0.010520980393149588,-0.013251418674304754,0.037571538539958885,-0.02550589712039636,-0.013483989862074906,-0.019480658306289055,0.014165340164490616,0.0030172419203313445
-0.8314751361664285,0.3912343511882877,-0.29621231559427236,0.8635502542962252,0.3359501148761853,0.25827312579448536,-0.15587378948037472,-0.370669334243233,-0.18796416108367506,1.0474089317433393,0.7968104192030583,0.9318963913134655,-0.018622761085973237,0.2144810070159555,-0.8327188307974871,-0.03397334342631527,0.5947732770029335,-0.3193690244160713,-0.3639048273898448,1.0684150625735278
0.016710540524474383,0.7812536195579772,-0.019507690131403403,-0.0005717989760836762,-0.4336803471253217,-0.0029647249036457305,-0.07103677719383727,-0.07339398438514508,0.021183895009823123,-0.00636871033398559,-0.1402752029816268,0.019643745875776306,0.008581987445291707,0.6962862214950188,-0.8901203723251389,0.015766008238259892,0.8716482755789627,0.19270960604937562,0.017711639961969873,0.17960158877478097
-0.003953321041185721,-0.0141670240534578,-0.004095134543814383,0.02292896319825092,0.031065976243400413,0.0010526401351927915,0.026651410524207737,0.031572010872096566,-0.0155183619282717,0.01319907342276169,-0.009444479815438587,-0.01952083665024731,0.020281800785877668,-0.01048264534807795,-0.019350536646527028,-0.012883642680445444,-0.002576854966726929,-0.06091363330595012,0.014492102371496693,0.0012098109963308776
-0.019083308616708025,0.018265739359696144,-0.017193081340114005,0.0648521864206292,0.029407383368952864,0.0018808137935172919,-0.325864529671072,0.1686999653148206,0.003076205008929844,-0.004757162764568336,-0.04857169587812912,0.0076375112407223306,-0.000810688084835226,0.04074500525378286,-0.05055961885898477,-0.0002508146500557846,0.014012816210505387,0.6614309632060165,0.008349784309348489,-0.0009948769165859864
0.008475015230568044,-0.005796764861198236,-0.11567569528475802,0.0035725013776759067,0.17071762402219914,-0.007983859058089335,0.06223615865230784,0.7946979521480959,-0.003893226776726825,0.5609577007505685,-0.1617866665580196,0.014754474360099577,-0.017156143974339604,-0.22913291919510348,0.08933018245978994,-0.0007840452738353317,-0.035810778843165386,-0.2618556320751664,-0.18653527410970325,-0.0032362080858358328
-0.08580632101166023,-0.0881826527123283,-0.34887858496323065,-0.0662499585542113,-0.038648104959661665,0.24250554955635736,-0.21069811857330595,-0.039546318244752986,-0.1870758994014409,0.12147193073676613,0.8180133357310893,0.9958170869662418,-0.008312226002912895,0.2369830342014488,0.5705455059470608,-0.036568560097683354,0.05238640596923613,0.1373107142309204,-0.026929121317787526,-0.15559684618367015
0.2772362503721723,-0.16218938993017878,-0.12675433606487632,-0.10969755786482537,0.21744309077136692,-0.03247140607972404,0.00037224403549512147,-0.07897746188322428,-0.014795828769552398,-0.32074944368283925,-0.024617837078624073,0.0032851569459088088,-0.014262594010521299,0.2550551566453064,0.06572475907045439,0.3586066765557279,-0.16334943953657918,0.2663919666510281,0.32523870466520194,-0.32034190234926857
0.02404015948967527,0.015176576508676912,-0.008382600600847246,-0.00013605691858916292,-0.021895900543919745,0.0037853066899916406,-0.00393786820048482,-0.011269996820681586,0.017297324586339848,-0.02414106522851841,-0.00043492243497357877,-0.015546140104590371,-0.019347490722588147,0.01897652043104182,0.010687511155343403,0.010026416223432708,-0.025411712450106604,0.020920679463551715,0.030427015272887954,-0.0256485354085195
-0.7985649581539994,0.5183621936855853,-0.09895547208349016,0.27746389058316695,-0.3600779575735634,0.049596018522664674,-0.0903086493632775,-0.45111781244105703,-0.019773909312119864,0.9895901894394902,0.8874168243447219,0.1456327633131407,-0.019766013566128934,0.8078022412501817,-0.32759160456410474,0.018447655456814593,0.5810552070472986,-0.08034096518395148,-0.38431721113063777,0.5082687296940077
0.5525465410962455,-0.3157711286589218,-0.37152829039961616,-0.3042893353398665,-0.02118486477196483,0.2315042171043514,-0.544651942430252,0.2940996393112778,-0.17247088356391327,0.07058420074809231,0.45762460216715267,0.8815478832269664,-0.01480623345410201,-0.007153501655743086,0.6214093233033197,-0.04921222341990354,-0.4560038533580402,0.7310430260820943,-0.03440410051092724,-0.6186035270842596
0.0033353073939613067,0.7865797936551896,-0.013042036119213996,-0.01313012232022424,-0.42330963776823355,0.010827438290270405,-0.09723572138276484,-0.036143088512474185,0.0018034885182284482,-0.017722949766880082,-0.14421610898501513,0.00599410465385792,-0.0091880187169753,0.6704104348224516,-0.8668022042576821,-0.015351096722814228,0.8732536100545168,0.2392678739570334,0.01972727240477628,0.16776246905149486
0.01659439983360914,-0.0006309364632522539,0.00981661724109533,-0.0033589640706709286,-0.015822004196420186,0.0019898289075144936,-0.4590544759959203,0.01710501028906103,-0.009229479077939607,-0.009607444130519,0.045312738506080565,0.007830840984696162,-0.02239969153017729,0.030883920554727124,0.02347516581086114,-0.000252290466525743,-0.03375141057722392,0.9189425667326446,0.0059431787482895765,-0.024359806325341
-0.027936201032076703,0.8269781866917317,0.004447397907506369,0.014432290671667389,-0.4453404613033817,-0.02482322871672603,-0.0871268102449358,0.36928785916556456,-0.0036238594657539156,0.024419631408092862,0.2828791049377316,0.02730770740473743,0.007630526154663519,0.7452216705657455,-0.3637468353126071,-0.018419064491935744,0.010260921145095622,0.17946418676942613,-0.0052429359972540526,0.07221041900217381
-0.008653964119165292,-0.007150137470738033,-0.0030933346133818007,-0.002997887488368548,0.029384096650711112,0.002673309464467248,-0.3254763289876414,-0.0026675192990608197,-0.007372541440632604,0.008217675273424081,-0.001162640961479845,0.0035848651022249503,-0.010886410958771391,-0.028782844140867455,0.011967917877981408,-0.006869603763125108,-0.0217454738572015,0.6386987381663903,-0.007097373395670561,0.011380936020189221
-0.08029492965528506,-0.06447582922530078,-0.31254217236700216,-0.06643338812431639,-0.04018898725857869,0.19992136432883298,-0.23496076984806202,-0.0704794094937873,-0.18203402496280152,0.10395146346879766,0.6802395296609454,0.8431877729536679,-0.009248711871446378,0.18911318749045045,0.14784325873903392,-0.009278242400286855,0.0531179694279453,0.16467313141310488,-0.006757268500481214,-0.13974803461152346
-0.06317520835890988,-0.06681293588834127,-0.21790521346059497,-0.0229300751411617,-0.03646062888512726,0.14507315246010788,-0.13556778213832885,-0.034118115624432246,-0.11245207627565115,0.08681312263146372,0.4934661223443165,0.5890186655036225,0.0020795339855147693,0.13291654131217653,0.30488522954515535,-0.027683981448913687,0.02231284408976489,0.08993289996962942,0.0013824371999108338,-0.10182068802490507
0.34136898413692524,0.0017105337293064622,0.3289492750030107,-0.1175196904526657,-0.9132050841373335,-0.004010386432652101,-0.3245217972833086,-0.6175813393197791,0.004468738674270946,-0.4459106008509823,0.6810533323565476,-0.013739727598470988,0.015388344508518807,0.5995047160179131,0.2381940455864008,0.49373714150073916,-0.15851941422797625,1.009080625583503,0.5106773210976059,-0.18651423677621823
-1.2302614526744493,0.7572543111241423,0.1805682932270235,0.4835725783490574,1.5790497578961087,0.40352193009433457,0.4559741315182653,1.1935232682516674,0.013722570112028053,0.6764310010428113,-1.0984293994150585,0.008985499475893555,0.829795865505542,-0.3612900602318714,-0.5922439326162641,-0.6615941769580214,1.017130157344793,-1.6213457370594706,-0.08956918023298581,1.1792033820874586
1.1241359971725668,-0.7062529733945802,-0.351058706621615,-0.4510530150658458,-0.7826812541686595,-0.010758210333706312,-0.5033021655146805,-0.10739942963603494,-0.03514017899024777,-0.6265257619568496,0.7069229160539812,0.011194564109226316,0.028681973836428728,0.1595753308117022,1.0279731411766013,0.7235364225538885,-0.785771303465084,1.4559190253910779,0.7140902727713246,-0.8914659188116013
-0.07767985800055927,-0.07715181513637777,-0.28223886476657206,-0.06744056346965319,-0.042355897321689484,0.22030551782665114,-0.22804896223929705,-0.03891244292425122,-0.15910976915756883,0.05513111135288533,0.69168138968048,0.8259536184339424,0.016243453142095604,0.19122667312701808,0.15953404442602928,-0.030776021963753928,0.04229253489345364,0.14393011619248192,0.006420653382340436,-0.14313219429258822
0.028265842447578023,0.8508001252419854,-0.031957029691038405,0.006856136795882706,-0.48435326779623933,-0.012159701509333525,-0.1421944732289177,0.3941758689652777,-0.00415313239437508,-0.003770478549965834,0.24672861157197776,-0.010738055405135286,-0.018630331392992226,0.7734402304272587,-0.2936617115201558,0.00747013076313972,-0.0036907880806212696,0.24548954935020403,0.028118756075933032,0.06203770574309652
-0.5520288832653801,0.6527831719750237,0.08208649942534241,0.20325513176490315,0.5083074389077278,0.20135276356054144,0.13156905764881205,0.4597136364943897,0.005292409228753523,0.28233774042751225,-0.44503388042869557,0.006529363214517463,0.39059132779885203,0.22363580630551028,-0.8585015874288823,-0.28751892313252525,0.8315177402535741,-0.5942415158171565,-0.04866368131041113,0.42970062424361805
-0.02371128167600174,0.11379484536351024,-0.49462699016819706,0.01977314763385231,0.1588688641377419,-0.026955212906910494,0.30088203040244094,-0.005501907769517055,-0.01216377430962871,0.04443801919886554,-0.7894495421164875,-0.0038334409899469287,-0.0010586108593686914,0.034090932865516295,-0.20251792680807154,-0.008096240411015098,0.13100443425551242,-0.10714483394282844,0.5516419769454495,0.2020700108709727
-0.07511683165077326,-0.05325382827490918,-0.17731508805503396,-0.03626071979019431,0.3153409988391701,0.08821953984716129,-0.03189405485158728,0.19048260915726756,-0.09705244775785046,0.07926934172507955,0.23221756754650233,0.5050036733412129,0.009095692698703592,0.1423091744241686,-0.03789504120658212,-0.016341557895961277,0.04810014041746718,-0.10219615781578417,-0.010243186989975195,-0.13172818070964543
0.03434172523764135,-0.03845080853633693,0.3604129104193175,-0.0021349343392646526,-0.15746105144105435,-0.011787302289054658,-0.05416863367729241,0.010343898532814819,0.005997659442347656,-0.036067466450617265,0.3970720830745109,0.017131600163823358,-0.012257664394672525,0.03526572165848995,0.07125075961387875,0.03162265886928449,-0.024851509962634,0.11597770081902845,0.013731599905883213,-0.11554869876763726
-0.0030178268252709344,0.01226934624610071,0.005161170460001494,-0.0171082057226517,0.001986581370063313,-0.008013873236230831,-0.011002437109561405,-0.037185285543020946,-0.0017492332662230022,-0.016092185877027113,0.002340521709384096,0.0003963063902798769,-0.021772176474275484,0.02382662357197983,-0.010336056461569694,0.021175548043473224,-0.007510981696728675,0.022958912660951517,0.005073625191825845,0.002909713115840244
-0.0006858844312740765,0.015623282812985645,0.6376564667274327,0.4292039840336934,-0.05962211751956068,-0.024926251522725408,0.044298377798023696,-0.13977297740495395,0.0009633749990368713,-0.02134302896003433,0.5282545100727359,-0.01700372620537574,-0.005656647802865577,0.10402585943385576,-0.34198229400106767,0.003802544595137479,0.005922689019759311,0.0003404947025362655,0.01954600298498467,-0.18261745006894653
-0.3580036409864427,0.7688674642392873,-0.025091042628739534,0.16432580040915942,-0.21428136839122086,-0.01828159954726888,0.37838300947011266,0.185690600310259,-0.001966764798852877,0.4263820841566405,0.17196429254388162,-0.014002026007943386,-0.016496153918030543,0.5207741807963103,-0.4430576399355917,-0.006996507016719925,0.2735671216247347,-0.029528045695992662,-0.1776820623145889,0.3280781903084174
-0.016414299601056847,0.40892301360008954,0.00863946369620015,0.02522525041774845,-0.21439820638193893,0.00987072829933518,-0.07408537812509133,-0.016318126214967733,-0.015164897223691414,0.02005636533944187,0.47327159531567947,0.00873360562730328,0.011601276047695288,0.34457535365118885,-0.48961407795714434,-0.032062134292873384,0.4904002782429973,0.10233475130896687,0.010352804398720352,-0.055856510416742236
-0.04354617382948384,0.040995842623036266,0.5377908119088615,0.048190383671678494,-0.17613367828536908,0.011059111553061551,-0.04499794557795042,-0.020444079962967453,-0.024925922707740317,0.01949203734966812,0.4942243665694173,0.016630195822629916,0.012590774581087706,0.061012439955620834,-0.0017076009510156847,0.0008604830968605469,0.05879227013305284,0.09306943852359326,0.004472004295425484,-0.07670101269615386
-0.2571787479900405,0.238667899670555,0.19841451743815788,0.13548428189563974,0.49023859538073217,0.9701236311371272,-0.9938822202114774,0.5536286541640831,-0.00023974081345859953,0.3155167753221763,-0.6711435687745722,0.00729830958686821,-0.0022150498680235556,-0.5673376508515646,0.2279401642893146,-0.02017414027497551,0.2921925025206927,0.7194320152896242,0.4842749654011444,0.27200146891264115
0.0011808263648259915,0.3334696092122404,0.9566009078730925,-0.0016449283729043182,-0.08987952532983084,0.0001755125946867461,-0.02036355113481877,0.4233869669564223,-0.0031400477287982943,0.0030802473274819794,0.7832276714340218,0.015381702390598653,0.01522029891961623,0.40084729603585273,-0.14010354132779976,0.012886637210658126,-0.012592469880334554,0.023405897906974248,0.034888860885609885,0.4912547442228032
0.02450735046038566,-0.024644039514366875,-0.014079147836491002,-0.02303177809637972,-0.04340455940173614,-0.03949322332069406,0.02397626161070342,-0.0394465716439242,-0.008987825198694626,-0.03674964770719977,0.034268737636030194,-0.02049095650215441,-0.007983451833546606,0.04831304616265465,0.0015132698570845676,0.031900118683985235,-0.016322777241077006,0.01644216109112526,-0.02362133886830326,-0.024555021604536736
-0.012530714324964687,-0.0031376525352947325,0.002152478742897242,-0.02423336372701495,0.017359116579850377,0.01854794723105572,0.00388325018366774,0.7169237175022749,0.0016106801479918373,0.00992479189949469,6.258380578918771e-05,-0.007689408313809432,-0.0010162012017627935,-0.02588220660854936,0.008143965756020378,-0.02379254539987348,0.01383105135422895,-0.011965464392963508,-0.02019362143976486,-0.01519764229514076
0.02125654017936021,0.27067122271709826,-0.15157058819658217,-0.027626277314659796,0.1763647954738411,0.003686323899643171,0.08067266014034727,0.2915841626472818,-0.0015496141354087818,0.9409277710235675,-0.25961495955153974,-0.002738183543025316,-0.012821980531418167,-0.18204635905793218,0.005545613666582469,-0.02271512119654865,0.05558441189512891,-0.3882780112645312,-0.36314085987314365,-0.021022249312680708
-0.029925875951139023,-0.0103455961055446,-0.024630546484604814,0.019842763754700583,0.0634356120041137,0.04850616018042339,0.021649793318137232,0.06149556781196605,-0.012141337494957272,0.028059020396668646,0.008462141534698793,0.09590009696864096,0.041498661314774074,0.015578650517480766,-0.01270588893376507,-0.025800824892104873,0.03351445058179043,-0.05405896383336378,0.003783310055424602,-0.007573240953284734
-0.8803888370838304,0.6165573940743445,0.271671820437795,0.36480555688196875,0.1576458940031645,0.6812867930925418,-0.7223258817600344,0.091592352049531,-0.0029369114962964505,1.0893435360194985,0.6399295548502896,0.004325944011188902,-0.01354154576196426,-0.28781461553923016,-0.17723630695815934,0.028771342934887836,0.704901083710153,0.1746947664136532,-0.26987019789639094,0.49459705869072335
0.0202796136174656,-0.0059670919302569365,0.013077691135956727,0.029704325400488438,0.02540125046702609,-0.017570038297100174,0.010757987393940507,0.021050576373609613,0.008353312708459213,-0.0076240377044863835,0.6502546027697749,-0.027642129350271504,0.010955904704116335,0.01565155892535953,-0.005231338863621333,0.0009652654795896669,-0.01812780431820304,0.0043278472954513285,0.003581841584549522,-0.24474214977910339
0.5228099587229091,-0.37257589913309785,-0.04420014062492257,-0.20605719898515493,0.19512681681447216,-0.0038775657948979777,0.06336026400385333,0.26105134899652926,0.005861642719294703,-0.004795076127188793,-0.35997248858555747,-0.018073080273838575,0.02221974842425936,-0.37541863500613715,0.4787029361017006,-0.020155607044207657,-0.42507626278984967,-0.13117143420714655,0.005593376767688154,-0.3874697734926308
-0.4317332244241287,1.1504867479558964,0.25836364032098535,0.1985275207132191,-0.5692654218380157,0.011079635373168134,-0.1557841626592533,0.2444285153380327,0.009133514271713546,0.5313217601088716,0.7038910287084352,0.012079282027050692,-0.014653071884687913,0.866029903722084,-0.5423246830355528,0.013043665027531426,0.3064434878313269,0.12628754244548998,-0.21756007890031034,0.34145255849401474
0.0816515094661653,0.379996879226194,-0.0864079202431398,0.24438160131250908,-0.31870054920104257,-0.01563598199797002,-0.1303257530228138,0.22167015190529155,0.6171686084110696,-0.07226266638391951,-0.23028027731741607,0.011614852569808536,-0.022695270224336855,0.5450677651244445,-0.5727360184697142,0.09183825049068363,-0.05135744454416479,0.2539423805867232,0.07543886487895372,0.34549582099288983
0.01724733334595447,-0.01701037134646733,-0.011931705938533214,-0.013401003925888529,-0.028932298823689515,-0.012838137636651347,0.0005125930813035086,0.3641143456032738,-0.013005184795962344,-0.025075821167119046,0.03574248034296107,0.021465807367729774,0.00947863038723267,0.039467096993079084,0.03256697682236247,0.026694250536693546,-0.008142864920581333,0.04317602082834144,0.028145079679668863,-0.011348850148157183
-0.8292557510347287,0.5652952202478717,-0.10168913368825426,0.31879265918751754,0.14047217095992423,0.015781839648974158,0.06869931225142949,-0.162903648334017,0.007669403359349827,0.9915297096089153,0.1012123869020515,0.006160852818616285,-0.0020237344318014,0.07047193023331186,-0.5439961877026359,0.008290955032065011,0.6269942212046263,-0.3832057095040904,-0.36436426788646464,1.1629954811430006
-0.028906876883871002,0.01057490791839625,0.9071036910592233,0.014184231148191208,-0.29078725188530685,0.020979646386766866,-0.10494747909870825,0.9518085384003135,0.007990722887070624,0.02166755533240495,0.8360153330315204,-0.01872836954283261,0.010525184267679202,0.08249898074726245,0.06454649158416152,-0.01296507423042887,0.02927772386710356,0.13856470632766363,-0.02103656648215851,-0.051921752386924584
0.02852785530728698,-0.03776761062541367,0.018247492766891867,-0.0002417201762425613,-0.004122815159394276,-0.021990013025146797,-0.005542624896485054,-0.03201259302743429,-0.026150557936102353,-0.01284528850207163,0.03158859392179933,-0.0012117736291331546,0.002822861810106738,-0.010318067293343846,0.07791026460091473,-0.004683409396806424,-0.005164861698877504,-0.011728167862826292,-0.007868060853343831,-0.04004575444835578
0.1275682594124688,-0.0633089369107102,-0.03101473675970865,-0.030442829572831377,-0.3149523027523043,0.007138128320610628,-0.08624844944315133,-0.15115151181687864,0.0038263080060283046,7.686710749726775e-05,0.4279750673086182,0.014966769948416173,-0.003900675714905129,0.4771662540784739,0.15260502548057803,-0.012630022547861608,-0.09909579795000463,0.1535780257748799,-0.0011390601743129789,-0.14737462801835355
-0.06232611679106691,0.599027052635707,0.31516885139011436,0.3436469450075335,-0.30239258179626166,0.7851127560216848,-0.8155725729860661,0.5745239783541803,0.734430699818877,0.08021008950241233,-0.2555700182420044,-0.007936522705676841,-0.021213442434850273,0.22568902737019314,0.4335921449253707,0.16809282443419604,0.09228871324471839,0.8718758323067453,0.20543300231753228,0.24966623512188685
0.04041114976881137,0.6512125038633098,0.04617424825634283,0.33487109556532646,-0.645597292127814,0.325391568179146,-0.6661784287560277,0.3087522511639046,0.8176678219787414,-0.05614614651208603,0.0185449301860738,0.01309633562254335,0.00317633730538228,1.0598625588134107,-0.6238389898780423,0.12974283758024402,0.08207644445846186,0.7164703986661041,0.19754124092185396,0.204485846049548
0.04155077582675856,-0.021984959155782226,0.0038171885350024946,-0.014554148427697424,-0.020244928924321344,-0.05129631760069374,0.0415235938026788,0.7664483533297769,-0.007245712100941935,-0.03140071998228804,0.06501752204102476,-0.01744508972499664,-0.012391081944826444,0.008671501595027616,0.004257101239593489,-0.0031023753163967865,-0.04122232418784799,-0.0006112928541257049,-0.007007199126344095,-0.040296101833103046
0.005559330028641815,-0.026382328826415214,0.4438615540927231,-0.007287421209849787,-0.6608756556380391,-0.028186646718607194,-0.1566390991377399,-0.34373564661719247,-0.008232370558038275,0.014190969697082884,1.1019296828934697,5.6599989347048355e-05,-0.011874130070329494,0.8413077683352665,0.16538600076565635,-0.002389194525531064,-0.017449173917447307,0.32243217303695426,-0.022783261559911585,-0.14133185399446505
0.40608611020496543,-0.19378286523593455,-0.2988366923593921,-0.16323764751750466,-0.8607156339051081,0.005796040857116998,-0.35258270202472475,-0.9779305993555623,-0.004747216488967601,-0.49167951688956496,0.12898677275863715,0.004107090877761616,-0.013069707546876974,0.5243431750478215,0.3600552592740637,0.6661659367138978,-0.23854918714734194,1.0998191541982196,0.6334662983061373,-0.10752656425330534
-0.07245842648043946,0.21648005218903563,-0.04511281297506475,0.15758815826880135,-0.11228303907756562,-0.007553857984526213,-0.06543506872440354,0.04469542955108073,0.2662852097818094,0.10714762572590521,-0.044534007400218026,-0.0032338453780735195,-0.00829775850558661,0.23230822341412416,-0.26940523060488697,0.07268662839260862,0.030739218806532215,0.08430644244989514,-0.024829046816527336,0.12129142110447332
-0.040417162797981694,0.7095466371203334,0.8457015390405329,0.004107325754553333,-0.6627368820542504,0.006878057684713103,-0.16908442103369223,0.3244453041184185,-0.003027098616546785,0.026864965951288657,1.0241363224085391,0.011893084558033824,0.001185265350992574,0.7185450118283778,-0.20576098674539917,-0.01308916045132979,0.027375873276978928,0.3094932963433674,0.007728035910189179,-0.08831499225567611
0.29034642968683344,-0.17842469219548018,-0.22335233303162155,-0.1398819947370662,-0.5589623197143303,-0.0030801166557755683,-0.3817102263342813,-0.6286617607006479,-0.026919152698501595,-0.34512277891983784,0.09831784103897477,-0.014226311044088308,-0.013829019132413354,0.3234702392966918,0.25494936344117397,0.40978007479727735,-0.16062827615740882,1.0804153939955856,0.43493670992250055,0.40195345839131197
-0.040968107819739405,0.05049797945308379,0.03359465274347843,0.0015713312946787697,0.022838405862256342,0.06032212679008684,-0.0712170143381157,0.018338273009634493,0.006895410126675092,0.04782034890492868,-0.03311576844446428,-0.019119289246193057,0.004384010069543129,-0.039773284984386134,0.028181160740994977,-0.0070926162023629115,0.05415441513997303,0.017770581300044705,0.008420422635705666,0.038560613579686855
-0.011554628970031667,0.8097130879055338,-0.017566817612009913,-0.006966776016260862,-0.41169734145454673,0.00017148068045127161,-0.10286860656417404,-0.049908499315394414,0.018360639086304337,-0.014437176937029464,-0.16582234064594395,-0.011877606577670726,0.01523923739901652,0.7047380597183783,-0.6665979237480745,-0.004193845764553426,0.9353472448863663,0.17892163180511825,-0.0067296826722616715,0.19557275587478176
0.006977168760416684,0.017052710522358662,0.015400948256266474,-0.0033855950740068856,-0.038178789073409734,-0.000432743366613161,0.775049079600825,-0.0354028412103949,-0.008408248459644472,0.010289175852753912,0.0376084533457767,-0.012589516531688962,0.005390710274598523,0.03303607831309319,-0.003286068722918426,0.016918050525281794,0.007915830532185392,0.014514396748246125,-0.00410567133402988,0.004125588743429109
-0.0423320668525548,0.001021554502556891,0.13631798075749543,-0.002964125256357749,0.0115099590170235,-0.0036218318018988753,0.030580741540993446,0.006755497920507739,0.009770348678541877,0.04090274536958889,0.06800483894506168,-0.004812609651150678,-0.019519474217986044,-0.041794036192364825,0.012005838822427967,-0.009328025188755234,0.016760926153832595,-0.0609482046469001,-0.011530133162726282,0.8742091428746828
-1.41728002444684,0.8279627695176798,0.28090601432443146,0.5507202141124938,1.7958864852713083,0.4748254994840424,0.2726775403971909,1.3507300171674674,-0.008962934177895232,0.7482894724679662,-1.135238097215595,0.008753099389172073,0.9670374004064454,-0.4357159104583298,-1.2065186297374269,-0.7095840850857676,1.1393287120857924,-1.4276589477703512,-0.1800037105158015,0.9621383232542055
0.6619559334147366,-0.48189860140211105,-0.043896593085550134,-0.24032363050331088,0.13958113765117128,-0.007543113172529771,0.037035445708414126,0.21704854303321824,0.004121873446333457,-0.01794587781072617,-0.3364574732826853,0.0005682251792740733,0.0005303186624893174,-0.44452527347480325,0.5998181081922853,-0.010369500116894099,-0.5523925957183603,-0.07489863226017307,0.005530910132741942,-0.4957985770443911
0.12775427894898805,-0.09376956787814703,0.7176144321954645,-0.05686936177280107,-0.23874366463185734,0.02077313175672734,-0.07698165401145628,0.0990194346749191,-0.01867285522667364,0.014914469025187262,0.6866528574427619,0.0017236513225207303,0.028145762974046966,-0.010518713700034947,0.16992373803103505,-0.015842901291239088,-0.0816442345453313,0.09577005129977499,-0.010012454135235205,-0.2444731182110322
0.009502455516367081,0.019308307162581063,-0.022614419134401695,-0.0017526133571820635,-0.0011133373758846505,0.001231758885846132,-0.008670600159549477,-0.006155342735465379,-0.0023121343074125533,0.007335974228392616,-0.029207663744336487,0.020662830365925745,0.007437346840408065,-0.0076421881950510615,-0.017742890368025125,0.028268123452941503,0.014299153970252106,-7.326009276118362e-05,-0.006901652741717532,0.03032010192368599
-1.1843176326508351,1.0087715658244214,0.17358163348729133,0.6924460198418838,0.8265260205220213,0.42046796631960504,0.15836628582720044,0.9800818745940925,0.4328267458458803,0.6143371019316248,-0.3865625365279651,0.017610923190731535,0.8356528592013958,0.9756184730075392,-1.3298957088394805,-0.5481897053785266,0.9273912331110093,-1.151489422041286,-0.09378214585566237,0.8401222774187489
-0.013766142184817004,0.005677073814045534,-0.020304123431962827,-0.007346753848084273,-0.0020948353121047723,0.0038904123536790966,-0.2015673377497426,-0.012989443572086843,-0.02226122341599522,0.0017091941811537273,0.0005849763453083532,0.003815731670344106,0.010504774894209578,-0.006437939050652697,0.02529629625971696,-0.004653369010411354,0.01629867465978402,0.38349150748697913,-0.005274284259193416,0.7200387206194592
-0.012607574677628615,-0.0029488757015274586,0.0061006573812720085,0.01586658541226261,0.017826891325490198,0.00011958315968365295,0.01464043881747825,0.014910819593477686,0.01467860955358294,0.012212179663060393,0.00828836795789437,-0.0037509863188856865,-0.0003877162535303961,-0.01836849500498522,-0.01693759318870594,-0.03180432576718199,-0.014215106564680304,-0.04416168263973359,-0.029387324121100573,-0.017767589946582393
-0.09898250511904234,0.04509734602125091,0.2916723884376892,0.03240484284422504,0.8265479380985554,0.41685977400416946,-0.10236383795142176,0.6528102002670539,0.004895309625033122,0.14928178264473396,-0.38227362941047754,0.022767172288215922,-0.0026235959151074298,-0.2507015724254583,0.040659660990538096,0.014988197879331444,0.08765593565259941,-0.08529281206627798,0.05005081502390624,-0.07363954111646386
0.589056274452856,-0.2746820903349196,-0.39954650263194397,-0.2163317362548825,-1.0761938777562559,0.017435421382645283,-0.4260107677052882,-1.1071153404489098,0.000845866764164177,-0.7113692293750257,0.14643816141796365,-0.008827759405793806,-0.006094359144699095,0.6605472306047515,0.48203001417200236,0.8460322139783703,-0.32986419653506627,1.4383963751988225,0.8132426289745823,-0.154099516258581
-0.007557692401750245,0.12260371810625403,-0.550454175145883,0.35506633581845043,0.3059486399532999,0.017304436317795536,0.406107982291366,-0.0875830278294276,0.005562374362643085,-0.007384872389383072,-1.0266402855597572,0.024090319849397496,0.017973511436203113,0.039183840841423054,0.33241200184187375,0.007163703662242876,0.15597563201189152,-0.1538349404018619,0.7344533818271924,0.20488030116209036
0.033591517036309894,-0.03308941286097761,0.0013399368391603106,-0.0023804177508029625,-0.043523405489410846,-0.019379764300175236,0.2873179977537171,-0.028628364305003214,-0.0007868892359518161,-0.04356503330494042,0.03175907955525943,0.020086800373382098,-0.008071820341758108,0.016530883927894133,0.8335311078521868,0.042532014259585575,-0.025966669497118143,0.02304237588918013,0.017144942728508673,0.691501150839055
0.01817360846934381,-0.010029148774667419,0.01164658617540569,-0.019378423436378203,-0.05545373399982984,-0.019103860801631796,0.010406598977296965,0.6869097723607751,-0.018153420475308935,-0.004558311934066165,0.049594860228233534,-0.016655942817192737,-0.028683358989584736,0.006745636138234846,0.03475462258545685,0.01224327747812988,-0.0063153308125943955,0.048520832039242075,-0.019998458820611777,-0.011411920380528644
-0.0007322366839239321,0.017068994357286527,-0.008842481684686012,0.01596411936140548,-0.23824242404399995,0.002216335935596515,-0.062357256748081034,-0.10576993421557489,0.021724321206740088,-0.0068564872454780525,0.2562544921780639,0.011997195338468845,-0.002670270746941635,0.3424674510309767,0.03832616835050949,0.0013682034033985126,0.00014212238306477581,0.14500526881350712,0.008386563671740396,0.014271647066566402
0.03821280495796526,-0.05501737434313904,0.0014309341740149605,-0.003974074952679007,0.002202343141289519,-0.015358722988269758,0.8439083684422344,-0.0021440820157416986,0.005530440219556538,0.0006675709208049975,-0.0044779252197582695,-0.00597743556448459,0.0027701691975206746,-0.014227887600195882,0.016407296841048344,0.008919424838156265,-0.01137544487229691,-0.013604096378398404,0.0020266193369445572,0.21417978296606824
0.12001439246617493,0.5468929358800712,-0.1257092352353997,0.3659869223893485,-0.4331114238717066,0.0031588563556530537,-0.2390164611025252,0.3067583908165271,0.8912880764241465,-0.1532963830967897,-0.35296004822649335,0.00890952020836709,-0.006400643489937638,0.7574712800712604,-0.8548984299567202,0.17108998221412833,-0.050485503818925366,0.4100039423964209,0.17313977071294556,0.12796870993220183
0.2993238141745017,-0.17362194540671344,-0.23132058885894036,-0.11551827011961066,-0.5768706227255102,-0.009657280790154309,-0.20551272891332134,-0.6129895344179624,-0.001372696642001076,-0.38477527335642375,0.07622917235392021,-0.0028465768221192797,0.022436378704558203,0.37486619320229336,0.2244297071856598,0.45914229396619466,-0.17118012946791247,0.7381076864408643,0.45998783620196887,-0.08293848959677544
0.002024517972422717,0.25056871888528454,-0.0004686461702320707,0.48229555853794626,-0.04403985146880674,0.016534555163016308,-0.059777589656766425,0.04771231464130361,0.365868354008085,-0.030876713043765824,-0.19885531952331392,-0.003017078468063917,-0.013047740237740258,0.3321142855967218,-0.6844945440061276,0.049934189473826274,0.0009727249954287779,0.09372505550745044,0.063342190584864,0.10791150809575935
-0.02320048236955594,-0.007099597526615754,0.032448036505347486,0.006787269941142898,0.022365709893792197,0.02470357261152653,0.012102165454391666,0.0274219295908735,-0.015029104513419095,0.01985804063234028,0.0064661410312199024,-0.012275008803408701,-0.010055224290035246,-0.02143821555822971,-0.010911823390017294,-0.015476620775198638,-0.003370242335141618,-0.0521078568226232,-0.03238969912734087,-0.004896671538832532
0.37080402941224233,0.2672288557544767,-0.34607338287831035,0.12495381984039461,-0.8650529606880984,0.0308400747138668,-0.46261028016672046,-0.3773594148775597,0.6519284049429046,-0.4728397133612093,-0.11097560797229891,0.07232520945393085,0.012019394275951284,0.9444866106143112,-0.3736978765952099,0.5626994521917453,-0.20063439283331186,1.0561433346948157,0.5587743214243637,-0.0010292776267179782
0.7962876435321583,-0.09539157973328478,-0.1897677206756199,-0.32554388137972146,-0.5056826070729266,-0.0013262371579937943,-0.16737482602658438,-0.02709877044117112,-0.007959592745415836,-0.2813851090928649,0.7355852872512377,-0.02198618593355279,-0.007954800382524583,0.24939749028844374,0.5567925722899704,0.3220791596845192,-0.6153587623477823,0.6026834363197703,0.3025394199590719,-0.7307866213492857
0.4594214605828049,-0.3746517703026145,0.4120502043609621,-0.2662439477487743,-0.1665730497114117,0.12858189656029856,0.10716246063637799,0.47318231645660086,-0.12313390221044031,0.04932284242603848,1.384547288983576,0.5633865816498913,0.014517032989254207,-0.08186109569127684,0.6208714516281995,-0.009938215084946567,-0.36968287244653925,0.13770068918137676,-0.013536847562079209,-0.7812765719053256
0.019353559842696984,0.005563229311262899,0.2112333498484086,0.9224858611922254,0.3427489520589554,-0.005452184442830123,0.0706126076107181,-0.23688782242288997,0.022856340565139615,0.0017143866699490659,-0.06376214123529053,0.010389756972232793,-0.0037888648840227416,0.01945556752971481,-0.8456401984042458,-0.009340298306980023,-0.014455391701840814,-0.16626427777420844,-0.02054234120876934,-0.09574320348519362
0.012067044781058286,0.08669796730946693,-0.6456301399223666,-0.03382000240399493,0.14727898626771355,-0.018328612372401187,0.33279570392766744,-0.04028299577755988,-0.010681586332065816,-0.005375917935616203,-0.9732468388474201,0.025270865471127196,-0.008246148422659149,0.03590489565010496,-0.12675772005988428,-0.002867776622801468,0.11096358206526846,-0.1271163415746625,0.7472001164330209,0.2630411516153352
-1.4485440325668026,0.8539870800681112,0.30563153251885977,0.5967599023922433,1.8361948767695957,0.501757682512494,0.4776666437010825,1.3871753376219704,-0.007693625229722867,0.7731860381592568,-1.128410791778096,-0.004697398570276664,0.9905750024921985,-0.47554863187089585,-1.2037698163210895,-0.7568357272763653,1.16365671270829,-1.8690991344981063,-0.19401525326222085,0.9686048067905563
0.5583047694519099,-0.2762946246038474,-0.35380519588938103,-0.21271911752255002,-1.0295325706365983,-0.006524331308367293,-0.3861060631968083,-1.1467873724906898,-0.007359581732701131,-0.6648440147681371,0.1833507791718856,0.0028307577405820112,-0.015033209413454006,0.6220830281667569,0.4626259145828844,0.7839508052475873,-0.3050626625813401,1.3724101870830554,0.7583678693521154,0.12532005939290328
-0.23837273023412398,0.14851970428527303,0.5621527677486152,0.09311577838824657,0.12908087018150846,1.0016531021382138,-1.0635427631218335,0.3929403063801927,0.011439805000819238,0.3045348913706916,0.037239190188508735,-0.010525329174909611,0.020198220800200978,-0.6297182188350398,0.4674144649370428,-0.004292298499014091,0.20819061363287136,0.6551866402073889,0.07008885698747469,0.1393959977665265
-1.3421834857537653,1.5440461840150732,0.2731224464098949,0.48671594243929606,1.2650799308649314,0.4447910022069873,0.3487788749796118,1.2459569154937293,-0.011392119224990624,0.71403611171551,-1.1528749434911965,0.02424926901759513,0.8865605662689959,0.2516597671386028,-1.9584462981111337,-0.7068017271964344,1.9283795392868595,-1.4879190630680892,-0.18700939547734233,1.0843300409366847
-0.0012784776177707843,0.030247281319809388,0.39032972871079674,-0.011101225108320747,-0.1356576629268778,-0.0006055583419625457,-0.10975027897141165,0.007061888066164041,0.002928648088898423,-0.0006816523476883673,0.3662503081465525,0.013141979068162526,0.0011895633209945355,0.027130124986891872,0.033487999470451876,-0.006735142594904559,0.003773589221512304,0.22647670350215457,0.0010280311956326303,-0.025923003654214568
0.027397757810156513,0.0029986535731969938,0.003740961486786502,-0.011914487800618816,-0.020502110004315243,0.012264969654469032,0.003685142528027499,-0.03822595821079045,-0.005108660787265247,0.0005715511430583065,0.0022038869815971373,0.0009046360528738575,-0.005874986882802106,0.01696321200163344,0.015519619795988959,0.026463675526667056,-0.019487220036744905,0.05170802390392786,0.004989968037717944,-0.03562309335340075
0.02355634090835819,0.04203043715301524,-0.41706379089171197,-0.00537405920193346,0.11324950106628968,-0.011113618698472912,0.237387378038142,-0.02807319127281515,0.012039227344908974,0.004963916287263406,-0.6566336486285667,0.006916676301025497,-0.02093634476668072,0.019558097454718516,-0.12228626478752917,0.0010023158999294475,0.04461194632277504,-0.04293883127991398,0.45995846470758,0.14395120301842224
0.08257830119238524,-0.05180657180373357,-0.02534820637057496,-0.052249419820263,0.556665502156396,0.0037363468683586833,0.14483176251068308,0.3838726685724554,0.017336782700376866,0.02808976455519622,-0.3666733641990124,-0.007354057794154424,0.015090391369596098,-0.06460203677582325,-0.019747572694250388,-0.006261320666783449,-0.0702793470109151,-0.29192251821663473,-0.0066378395099745136,-0.12772309579584026
0.3548641709355007,-0.1292649779960139,0.05526617614171374,-0.13926661609994717,-0.8525243499027544,0.6272817766493397,-1.0920036591621753,-0.05994894872793978,-0.008738586095826041,-0.4514135094828479,0.16132472950273238,-0.026938667935980435,0.015775172730517508,0.18093295676025478,0.6969067872597269,0.7231051144454768,-0.1598986770094205,1.6463837288862502,0.7443558626979404,-0.05470960618171371
-0.0013221830110247213,-0.017456197526254682,-0.012197268351900901,-0.02305399367405159,-0.027285367426124724,-0.026512080788789805,0.0036287578440313555,-0.033550879882079575,-0.015450419400880513,-0.018644538439100973,0.02524260911018405,-0.005023583154722818,-0.01152636644632889,0.010805708364344354,0.029817932063075172,0.029495369133285904,-0.010313171252759127,0.015176699605582756,0.012807618008834377,0.0068052697071643835
0.09353598798419571,-0.12770399501232688,-0.12795660220467872,0.11759973402479718,0.3867701116261469,-0.00407250786380615,0.10282811405950751,0.13290596744669353,-0.016735851630937444,0.7797251913080573,-0.30446287387891896,0.024596671297338994,0.017204497812379246,-0.425982556524301,0.13496922407931594,0.0037962694296563362,-0.11988647050705804,-0.446179981262972,-0.30529643665508965,-0.07936062774394412
0.02210791317172907,-0.013140370551647126,-0.09964215645314702,-0.024030446535222474,-0.07971628138105431,0.04600279432117147,-0.05356524624007959,-0.04384539501884257,-0.03133875694413568,0.001499691991517226,0.17540634291592036,0.18500527511521886,0.0015815367091648654,0.10918365037823174,0.05456870101828237,0.009442482919702415,-0.00023182562384890457,0.07629521295704453,0.009031256233593857,-0.038423474675809546
-0.023762981309844788,-0.009524311546856387,0.008478349381680548,0.029324714835257663,0.020007694027094507,0.00981134848376551,-0.0971801552545577,-0.0063904586070971155,-0.007745915702330554,0.020581032710001914,0.013622807596959862,-0.0019166280409910574,-0.008922290040222273,-0.005489863827019596,-0.01756980383551,0.0007810008521282902,0.00964708127683008,0.16871131706981735,0.0052470616155636494,0.009264897090642748
-0.03402302844081299,-0.03559515621198424,-0.10158805945248207,-0.011463212950470794,-0.005718896463782527,0.11934994852190249,-0.12847592480722775,-0.015595982112281585,-0.05446863808928163,0.041775614701743014,0.2752926259673323,0.35718328018114737,0.007183697978730304,0.05178801910510981,0.057168719034003994,-0.0037992124735144305,0.03809518136782987,0.07227302246148037,0.0014015885311593089,-0.03691301067819736
0.8047954468336211,-0.48380187707337025,-0.37394948417865276,-0.32502198648849256,-0.8878943308997674,0.025495230497944582,-0.3314765886291506,-0.9418919402721797,0.0006176702886250933,-0.6305330282368853,-0.03321467188249659,-0.01974408026398407,0.002071632872404263,0.38242599486375256,0.734173596578259,0.7368636813245013,-0.5546462633786127,1.2239386708351476,0.7297791443682756,-0.3772693258585908
-0.012720830276482917,0.02629684102294086,0.012741958088573587,-0.0026252106249433937,0.0010387483863180617,-0.003883046592079838,-0.0017277443469225304,0.03915180497057248,0.0103701746079023,0.02156065906499196,0.005318893902825854,-0.0012097318890744932,-0.0007220949624280812,0.0015842455256736918,-0.0036918450650244346,-0.02006328882469916,0.025760618505967704,-0.009173791003606534,-0.013165121829035658,0.012614650912258763
0.5375667483608875,-0.3780308585938662,-0.025051210667570278,-0.22160090728572443,0.19208574730630174,0.021071569527838514,0.02294856439011516,0.3097583947080405,0.015599102364471666,0.03294847711412069,-0.3124639822260838,0.007179547503446499,0.03410675656938593,-0.36716649357624453,0.46085032060292375,-0.025180920501568352,-0.4326300053501062,-0.12058009006921332,-0.014265003006749509,-0.41102209600030026
-0.051988154945202814,-0.05203946009674345,-0.24968238268803877,-0.033124470998557795,-0.6135958768001888,0.1726817313627462,0.24280645059581984,-0.3586610507843402,-0.14778445024290404,0.09555505831982115,1.3114378652582388,0.6672447728834261,-0.008495907713853017,1.0721598913570758,0.2742018729526374,-0.024647590252217036,0.04292602205978584,0.3890610620872982,-0.01078314134193957,-0.1572566597383227
-0.01651579642479612,-0.03149880200943768,-0.11226303435464094,-0.03380868498859098,-0.03324807613572138,0.06698164222915969,-0.06582227599992131,0.7597692917442936,-0.028185948254622485,0.03607026038762865,0.1445408760319832,0.2494981930690851,-0.00651649884888033,0.021686276060636,0.07040354986448104,0.00351313767572282,0.010610167091226464,0.07746004044094512,0.014495795335554304,-0.02187566086257197
-0.004071822735374204,-0.023074403076712054,-0.007991024994648415,-0.016940484493172384,-0.1501431701063418,0.01691437221881305,0.12349663519886442,-0.12096444881817495,-0.018393615561814375,-0.016211501195207294,0.2220849295373009,0.005055087262435513,0.015169552958698868,0.2368292634545132,0.038547842901707735,-0.0026955286640165024,0.01054275877227427,0.06549854571609262,0.02757273760394919,0.0007915529182142764
0.00020903613667780266,-0.037461653964521516,-0.009330490596360043,0.0021267928483369304,0.010920810210841849,-0.007644226651401746,0.002207344428124987,-0.02911705813496518,-0.02751398365227125,0.005972378999170165,-0.03113489330751272,-0.002490563196189958,0.002188882088768905,-0.03271754374298253,0.029102365969940265,0.003101455242901766,0.007512925083958167,0.01807563058382372,0.03568985662130838,0.0012588978757634062
0.49102048849253355,0.1055035618713337,-0.2584800583176059,0.47888498814864855,-0.8384293178809015,0.005441098926224271,-0.3864280918939278,-0.4256142308112152,0.5396961236984968,-0.6141371358873452,-0.14205555320275032,0.011819986327696898,0.021149194083642693,0.9446752822383693,-0.5658330098612495,0.6868480518420355,-0.29611316318245784,1.167751085030884,0.6884258364290808,-0.06364609080087734
0.9570238435818672,-0.6830418244855971,-0.09476339670401789,-0.3591429009147403,0.2187269462580273,0.006949093934317735,0.05184103247588878,0.3582949474590413,-0.013705850599658441,-0.023045577716196707,0.10258637551012353,-0.009796952418893771,0.004836557905241374,-0.5978163097841214,0.8466723253227659,0.03461443628657124,-0.7723489225079088,-0.06592921365026855,0.016725980211901574,-0.9057108462899119
-0.009532291117945384,0.02111905756286199,0.008075481191732573,0.017068073733133068,0.0007517192548856227,0.002425632198421247,0.010810706288988503,-0.013506548630433381,0.014960413528024779,0.0007964441625783959,-0.002037067992984304,-0.019782346963564016,-0.0035622752773425844,0.014216879039787448,-0.029479848368848257,-0.02133097408595699,-0.007802213665157418,0.021621328915146194,-0.007612397033838604,0.017217075496968333
0.012345573717058122,-0.0054334211748459866,-0.006938768547683177,0.013980326287947093,-0.10714549699775686,0.006133044791503,-0.02933995782097093,-0.10401594963442415,-0.016573351679195398,0.004868952747606992,1.061495480889029,-0.0021900580528062385,0.0028994992749712695,0.1766919436561466,0.012302834825209583,0.017905111523804362,-0.006267100475624166,0.05782267173369169,0.017579933965497008,-0.3145124363241739
-0.026705685370611125,1.0097833272966141,0.02166819827771535,0.0191285682039248,-0.5232566097614717,0.00678674697756227,-0.09614981249624602,1.071353089871997,-0.018043313502260523,-0.0003128782474353612,0.30167655675389965,-0.0025138490772054142,-0.0015168665552662188,0.8812818437080724,-0.39221823145689244,-0.028918913602278037,0.004829799386268031,0.20823159801074623,-0.011721448055343664,0.7424786583819049
-0.005198313765790208,0.3917448099777454,0.007792412583028997,0.005606478414819075,-0.2254953209586675,-0.013529701090573637,-0.04926584591207203,-0.02833800240929979,0.005771800986195098,0.01795984924174417,0.7596542270278626,0.0003690033848304955,0.006666908396732167,0.37328964724562536,-0.4538040719449148,-0.007280671757728025,0.42397775909444485,0.11118457097888221,0.0013639787852139087,-0.19778440909555342
-0.00933804517544593,0.024185742941300693,-0.013632444101996852,-0.004048206298774613,0.046176469345267646,0.0035794542249172577,-0.34344137765551275,0.9678758510917692,-0.017707510047487537,-0.005450737938048529,0.04930851013350004,-0.011563725204162576,0.019985106812503206,-0.027270796114807393,-0.01688756710162454,-0.01098814619582202,0.018704980261431033,0.6318576109821932,0.010797157858125687,-0.0022899114895469424
0.008091160848960516,-0.00256213210619426,-0.0003832649619889034,-0.01730036598683322,-0.0010622229223843406,0.0023041822759144403,-0.028267261096187875,0.25141696910423916,0.005293017746815598,-0.021293562417923375,0.016624663367831412,0.002599598667056064,0.025687012496707934,-0.0019803243323115883,-0.0031472423794997877,0.014807271200664334,-0.00648318554207202,0.02174596938489776,-0.004013340801533061,-0.014133210323057765
-0.19251521773599664,0.1524338306878873,-0.011662678363974704,0.09580176437276602,-0.08929439878191332,-0.0009988334531226342,-0.01254861610022203,-0.07653547965173359,0.001519728339075881,0.2089767197841806,0.17744740911018464,-0.04023505306381875,0.002638930233873326,0.23739270986645328,-0.11654335183432968,-0.0005589711311808098,0.15375476811894134,-0.060802858280248985,-0.08531866075617021,0.15091441703247765
-0.285209821997255,0.1697733506450742,-0.06614675530103441,0.10579735122998957,0.09191284561653842,-0.032096721407188285,0.07312169628871489,-0.04257935681245967,-0.010245794299897824,0.3476763591754849,0.0025697882752318928,-0.008850091698723986,0.007170661744236471,0.03415541089869911,-0.19785094496671685,0.0014956727226695266,0.1755134252162258,-0.16986749679066224,-0.1354581513275796,0.18363521768775248
-0.026175434960150783,0.33899501144994765,0.00606535074836392,0.006711107401878949,-0.19046331931010035,0.028705700700077996,-0.08671570542042412,0.07908670732580467,-0.014246917718555581,-0.0016384064623665164,0.10678916521616781,0.0078294341440012,0.0030762381427046678,0.27266950534194345,-0.10537169754154539,0.018258683699878535,0.013523902173219146,0.14816038088410213,0.01675012329058944,0.05705943764888029
-0.02213542819238762,0.13481072214325943,0.020025727674562475,0.01365580691338288,-0.1990244509588004,0.012033576071174376,-0.06587716546218926,-0.06686414361465118,0.0012295362741224728,0.013030421352101735,0.17189911466459556,0.011467795521529002,0.007218465354444556,0.3588191947549188,-0.09748460062080445,-0.016333899751170004,0.17567813111429656,0.1012846496234962,0.012325031020694429,0.04051427408483285
-0.020606295236611012,-0.0016714886576020915,0.026629502587301734,0.01936467226683076,0.028110831431451377,0.047781367614732326,-0.04532435695530125,0.04743223002887723,-0.008159845903412883,0.006221638699422864,0.024210268978658977,0.02467684218836473,-0.01200856176024038,-0.024547792259562197,0.022773690615940503,-0.0005949790870179959,0.0015634532956338475,0.004543748752207711,-0.026546961602682096,0.016283221001871084
-0.07828800400758146,0.19646012911706634,0.1837004820119766,0.026806478263262358,-0.017252491270484314,0.28832309344456386,-0.3437030761965376,0.2169729241232519,0.007524874797866653,0.07494996048892134,0.04030151310237612,-0.0006248941095414206,0.007402629130777712,-0.0628081451861787,0.07140377692791974,-0.0028778904297132556,0.0658927965907844,0.2063487606833255,-0.01744829023723916,0.06518333566388793
0.636468266382442,-0.07987797243774677,-0.7376890140319611,-0.18946735951376067,0.1973973094964129,0.019397112968736016,0.32114751916272405,0.2560705091242512,0.04456520812830599,0.006370321253553314,-1.3966046608846892,-0.011387871200860517,0.004186363233928593,-0.16399150876452928,0.07826991515478463,0.03016526994559141,-0.1171635291812216,-0.09062412991421051,0.8024957884528194,-0.16655938617500807
-0.029898351404780928,0.01783108591643698,-0.0031950182048043506,0.02833057389331687,0.05194250028328846,-0.0004055815434837566,0.014481446558833311,0.006529680271117947,-0.016430216396312723,0.017987254358208075,-0.030712624593163658,-0.008310841817893379,0.00657782144779325,-0.04277828042369025,-0.03474871799414012,-0.017468134129348206,-0.0003550968777857495,-0.046866807415717436,0.010444444032481877,0.002080210219875673
-1.1225707029628167,1.4952136209990108,0.15069046610617975,0.4676598679353274,0.8800443714650705,0.468502175414159,0.2151265732787034,1.18111149234127,0.008530567635098074,0.48546625627182605,-1.0926250600299405,0.0006459406918969471,0.8761912510041623,0.5157188184393461,-1.8863363517163494,-0.4226271426278505,1.8592736293020566,-1.046051237928537,0.05660647231817079,1.6740137657546292
-0.23961731913829565,0.1753867917976029,0.23131121706761737,0.08588506204838152,0.02342809259035287,0.42551376818069103,-0.575341589892565,0.11524916117488246,-0.03766885105661047,0.28416495172315465,0.049480280607075586,0.0008279247286597912,-0.007137417316487254,-0.20935150486033427,0.13333333860158803,0.007630261880630899,0.19054725446676196,0.4075126676336043,0.01262832321840527,0.8388463714330404
-0.48188071385785236,0.6462327413775126,-0.0707240620685739,0.6356371724099769,0.5659471454973135,0.16022084501418674,0.12204605545661469,0.6327981215693153,0.5099374066155979,0.23159813161071022,-0.8433260750358746,0.004393350251166857,0.3495370552236818,0.2948253899448985,-1.1775727127854008,-0.1675740828385753,0.43032849271130025,-0.5491195513180268,0.20153499832176208,0.5898055277482284
5.8508229597716574e-05,-0.0018645865322762384,-0.010499950750064118,-0.01963904319385715,-0.35346066474992904,0.011216231677587039,-0.10731289962090092,-0.21081852581512928,-0.0034792180409232536,0.025282237872879768,0.5012911891534181,0.009569191864957294,0.016527194800314955,0.6115843503913213,0.09915556342118645,-0.0018698308592896952,0.004475716841579635,0.18409310697896683,0.014766453896878192,-0.029056133009449012
0.010356188269853506,-0.0019437640202969921,-0.006530097554471172,0.004254694107481718,0.8572210051171841,0.008999858959853044,0.22745226687128461,0.5502901063756229,-0.018218527163885258,-0.00935287861710618,-0.49580299311669246,3.2327032067589216e-05,-0.023640172412882063,-0.025644979565811958,-0.1938767348812513,0.000296904417908602,0.010903404722846462,-0.42822985398009916,-2.473167453418421e-05,-0.17224146419071262
-0.03771363898213586,0.5716857397805829,0.018860922092230798,0.010143200085619433,-0.2670718535921154,0.003896805887963043,-0.06562837500830196,0.26552134329534477,-6.0567721098764554e-05,0.03735124852603762,0.14243711235042786,-0.016463352265354222,0.027974738713064093,0.4762672373910506,-0.24119549799393045,-0.014102592359527572,0.023791160090714792,0.11014100898480063,-0.005124912724323838,0.05941106484472899
-0.018163638944244852,0.023147786914273605,0.13484486520863687,0.870310019783976,0.35084721956318715,0.024475520361112772,0.06221643771167821,-0.21170124242047686,-0.006794707157479656,-0.0012124595540366281,-0.03820237309134258,0.07288962946717442,0.005013982391727018,0.03355627714432095,-0.8083781620231183,-0.023271212783710294,0.014970288794823011,-0.15468526881767136,-0.0008599896689173783,-0.08662058585203804
-1.4361826548361691,1.3850284631278542,0.03709456226412705,0.6744332975625792,0.8497640763369734,0.25815544935500373,0.22694056289534875,0.8589686063914445,0.20721642093101686,1.2135989660036848,-0.5329557067997899,-0.0007444590931135406,0.5229017829253952,0.3010897956104485,-1.408303416497643,-0.3465795198780909,1.091954899683983,-1.1373001262618476,-0.3545477775036545,1.1019106458949341
-0.06259815643554242,-0.0838895897071422,-0.2119849390545049,0.36564673020081107,-0.41964648828743073,0.19814869497850848,-0.31030861871755233,-0.48171211074398274,-0.15861199044016647,0.06448944830974633,1.3405980768166201,0.7796259377836934,-0.009633631183039055,1.0788074661927711,-0.08924768274288908,-0.04510451471659682,0.05126868182805436,0.2928375299540348,-0.011915494851694216,-0.23069719790898277
-0.004030194415241573,0.18777556513272348,-0.044713497414761556,0.1081591302348677,0.03562973408429938,-0.013795606040947749,0.0066697741768976925,0.7342736057157236,0.25131449947718015,-0.01729583089401856,0.31055557361853703,0.02072473489792747,0.0012359503804628726,0.19860108563521078,-0.3003341639091177,0.039509025792270176,0.0039997499615389695,0.010587032631935438,0.03140453000905383,-0.12424377845490042
0.2542812642339352,0.10302470758936018,-0.002129073315440948,-0.0970310703126308,-0.0855308189490954,0.00016928947093231787,-0.03218826265685073,0.14187654345657563,0.00013940156466776127,0.009890872727765822,-0.15134217880420495,0.004729400758095361,0.002071662083987607,0.08252489417223498,-0.09667385290733857,-0.01916133188699572,0.13487105066698046,0.042497268908051763,-0.022254619952298445,-0.1548124590113997
-0.03250279334414098,0.0032526926870456658,0.017840846876827077,0.025024787032297848,-0.013736153356425482,0.009995991538086765,0.4039533124030302,0.0038622558981698976,-0.00746860243428551,0.018705627769491605,0.08276294095689996,0.020318483074213297,0.0036053648979012787,0.038480498916347375,0.015018523714835228,0.014311403806137598,0.016775877994366254,-0.026278488921157677,-0.004651021102686636,0.0009020402823643383
0.011829397996464139,0.1734824954561992,0.011408728091647044,-0.005506050411313479,-0.12554997392660566,-0.029302795035362275,-0.010664590746525388,0.011583029125521796,0.0062848766150964495,0.013453205796173023,-0.03211170715061629,-0.022943862960382297,-0.02856415666820997,0.18977494285082566,-0.23093111843903807,-0.002166846288115401,0.21105283635393512,0.028484645781619817,-0.002130265569562193,0.03124190565016643
0.3692161504325838,-0.20458201432059528,-0.22832189037521813,-0.1472948891584046,-0.6867514459123839,-0.016941331120323127,-0.2922104329932624,-0.754662338360981,-0.002228862774417862,-0.44261987133054226,0.12385094154006068,0.010846747214805132,-0.00608153436508984,0.4481393020157513,0.6944675283710093,0.5142484275306385,-0.24094797356393788,0.8896983629552647,0.5058768088602661,-0.14027469545254972
-0.36589827234702155,0.24121863462758686,-0.042734704925710396,0.15408548857407225,0.48140582931102466,-3.1812512122886185e-05,0.14031011843226426,0.18642136823097627,0.005036611185983818,0.4663146882083844,-0.17447472325524316,0.015508350536278538,-0.0076620998466319125,-0.008892557578147178,-0.3106914439622193,-0.021065468625430996,0.2577825038223253,-0.3826585510302418,-0.19504233407933638,0.1797253621521398
-0.05231589033774059,-0.06904015081207591,-0.1719611555481022,-0.03058844075236578,0.024523769349149564,0.12590214265525126,-0.09561172176012911,0.01841652072505567,-0.10447204085609568,0.07613837976149228,0.3513304690016492,0.46550581163292687,0.02220400972397889,0.04763962233647168,0.10892511322869618,-0.04819804633990198,0.03428934321900173,0.020238997182170492,-0.017028930397008743,-0.04541011224765326
-0.013774636045741138,-0.0031023921948157103,0.4534239970865316,-0.004961487928144941,-0.1232968255468264,0.04332264776636753,-0.045638106377566684,0.05389961309347941,-0.005018035131198015,0.024812094401239156,0.4101658300684036,-0.014810250961360433,0.007104983135625945,0.01742635922218115,0.03466836894939632,-0.033521429970026724,-0.019084680232674664,0.054893706125158134,-0.012888202242943743,-0.10211705617347343
0.022609397021422912,-0.04386088944962413,-0.03044476179518514,0.0013525926582792233,-0.023743257414760945,-0.003954930696957373,0.0010188305053738449,-0.046328170967387214,-0.01640112584599916,-0.04523152988654467,0.01237973967654254,0.0020158538253767146,-0.006107192363758349,0.0008367157733771106,0.025911550251887613,0.012937656145458873,-0.04671149242924542,0.02114716794511902,0.015204234414231327,-0.02548825216313033
0.0194834118942318,0.8635338414559395,0.014403575933084353,0.021404881168534468,-0.46605628438440627,0.002829638907632261,-0.11509266022480312,0.39493583040257546,0.009466975697664966,-0.009409425778293809,0.28056900625670445,-0.018982626753667634,-0.01686535475152655,0.7774635878658895,-0.3114910880194401,0.004587340319938996,-0.012624338605728161,0.24720635520601641,-0.012917698253188191,0.06821576166296135
0.009625862695644832,-0.011763171900538544,-0.038778158345496194,-0.02234594813699563,0.5734050343509536,-0.020363087060784768,0.18181160965173945,0.355162970797477,-0.006483232677879063,0.020220093486431157,-0.3763253730724361,-0.007768983217390701,-0.010401064943911707,0.028292799802543685,-0.1252486019497518,0.01917910637594795,-0.030194233375922155,-0.28561203185086914,0.019272493127733215,-0.08709278051399524
-0.14825207509811664,0.1556756310562084,-0.3782658848222843,0.048297888909981386,-0.7210801097264901,-0.004711905862797102,-0.2995781284302791,-1.0573815447827433,-0.006038090123173559,0.19329719271350476,1.1286522428749832,0.004877512088148968,0.011213110298096277,0.5691402425300081,0.00644984662464105,0.6545678954501,0.18965430327629548,0.820706065618113,0.3428472284535871,0.028945338500982264
0.7234616825728465,-0.020125607459886546,-0.15819535320681843,0.037234091909843975,-0.1357362542309901,0.011807631224235907,-0.13438407649489978,1.242209299357055,0.7342740043285303,-0.12583553229162248,-0.67792433489556,-0.004283535921131478,-0.006613923178416797,0.20549035277016478,-0.13266972139241504,0.15629679420573894,-0.5619448130134513,0.2431524668835428,0.15768887375357965,-0.35803757620352095
-0.5623875620772254,0.38310177083528174,-0.008406813426628214,0.43006841658734263,0.15872178024648803,-0.005883500149772276,0.047813106138091574,-0.16518769596838492,0.008485149626285776,0.6941686830500994,0.1297569378477589,0.007956953443650796,-0.008805553531144785,0.08830462158347359,-0.5355894403144125,-0.008853930858183805,0.42835388383938766,-0.28032292004078263,-0.23201873189125571,0.3623004494242643
-0.0062187971703431665,-0.017839237137546992,0.0020094098514888553,0.003987689331003247,-0.0057580225886220025,-0.009938497563454024,-0.281447703371861,0.037978001808425345,-0.0015033953297572018,-0.010945956114560475,-0.02775204638901297,-0.0009390371143623063,-0.011124221327269118,-0.006393325897873578,0.8703012741884811,0.018608343116823835,-0.007546342672079877,0.5618415532426407,0.006748485095715243,0.021719815656644208
-0.013508504488645368,0.08403740329941045,-0.01623360821886861,0.008263676370866679,0.03575931018052925,0.010665064130531091,0.0035834768043953823,0.014638585068731686,-0.0018596110350788619,0.004539670710492874,-0.05063319835012959,-0.013098664548186143,0.003358604464582788,0.032110669869283154,-0.12265512350365569,0.0037698339278679507,0.10270509125301316,-0.033629097208939446,-0.004928810444649075,-0.011561609657634381
-1.0608017578974713,0.6199672152173608,0.2187993780593531,0.41656967617946794,1.3824585126573272,0.38019904510794383,1.1637076992425475,1.0214826906078756,-0.012792907205067696,0.5488958094704752,-0.8918295248895377,-0.004188844256470221,0.732993183587177,-0.365728967630811,-0.8781447038808937,-0.5418309435521336,0.8213312834777495,-1.3723786227152035,-0.11003154223213217,0.6924584882805367
0.5380166147189123,-0.26783938004435226,-0.3803364692616084,-0.2024998509431395,-1.0671379006716035,-0.004774171870885347,-0.4273657524120717,-1.166155904326532,-0.018457254569568503,-0.6781948221789827,0.15482773497638336,-0.016231444421316413,0.022988230132997757,0.6540172560096976,0.4693311722111422,0.7924811653483056,-0.29635243687889495,1.361424157588366,0.7943615424206623,-0.11820060866403924
-1.300900363553419,0.7748254765641281,0.2792404199388284,0.5210608429632142,1.6676997766947133,0.45462750393818635,0.430350782302963,1.2798609472745142,-0.0028367831149027755,0.7142741398495986,-1.072347988025419,-0.013821074541937487,0.8813492742559728,-0.38121795465223385,-1.1095982955220012,-0.6631444491955217,1.0692215589423772,-1.6848495892113822,-0.1500383540016119,0.8747517665443766
0.014340732724365451,-0.029187210237879624,0.1922371809332372,0.36750028126343537,0.23475071275634574,-0.011655579568123407,0.05948202143247547,-0.016873609523710403,0.01135571573406378,-0.018270866793306816,0.034252246678607746,0.004239880893937184,0.014309356104007048,0.021894405553620492,-0.34133550044907174,-0.0008471910959995752,-0.025979934338741385,-0.12020783274107315,0.0012806614688184496,-0.10634052828009599
0.00011601053116720543,0.025979111994523893,0.0020808464738808867,0.042029309306277685,0.015556717042144504,-0.002430413183567329,-0.013245351544074305,0.0372063759138839,0.017930729369196256,0.02401955811637445,-0.025572988798531978,-0.014548547247714127,0.0014059152053236355,0.022387166494273684,-0.047601744874584476,-0.03123079450346216,0.023718772441787293,-0.0035993710419219317,0.0005365598729985734,0.005537403415815946
0.021775392125275964,-0.026294342016598717,-0.00848367231305459,-0.003375870411981836,-0.015993655634647438,0.0059049016663586884,-0.012703860379734077,-0.017276819737461754,0.0034321784693309883,-0.01900371456349408,0.00043372412289640824,0.01739042763400489,-0.009340809905658288,-0.003190785755445541,0.029383281105413918,0.01514747317476459,-0.02445968345851926,0.005257933433120291,-0.010839924630216099,0.003949806697514989
-0.6284018500843457,0.3264199988892914,0.17882931983203712,0.21948762360285368,1.2082559161599469,0.3280680205564672,0.28100032706604045,0.9535558323583886,-0.004900167756029136,0.49763152011346945,-0.8323884334845417,-0.0002718074453603317,0.5992770654382651,-0.48332284063908915,0.4156578404204607,-0.4418983255636769,0.4593181471904181,-1.1578917624820337,-0.13742769388360693,0.37191019250157975
0.03740846353023099,-0.00996709419466716,-0.014229745022041562,0.007107912264836216,-0.023641113904589513,0.015953010664347594,-0.017328664951135508,0.032561791742988594,0.001231525769078987,-0.032625784042365,-0.0077048574512503624,0.015115723624415052,-0.004133096482880207,0.0153755359824892,-0.011014054039934839,0.014640946825566938,-0.038163923549252604,0.0014715961325167566,-0.012777259118440012,-0.018750803869521694
-0.02695307390285633,0.07226063132250614,0.003080624149826683,-0.007709653325753443,-0.015221002888573771,0.0030429150247910444,0.012881172875348016,0.8699470216221563,0.018442275713561156,0.02693314179694137,-0.010158402637307079,-0.030683374188393644,0.012859590090280273,0.015488652480731266,-0.04475879047861387,-0.021661936634506433,0.0329194577356503,0.0015825494858017347,-0.000779718376960589,0.037367417907879376
0.029101229599272603,0.33677253318593264,-0.021669273155351866,-0.005643345504186353,-0.202173251633129,-0.003211474876010749,0.8869844666580086,-7.301382601205414e-05,0.0103889041378674,-0.005386793446720047,-0.05980792749746631,-0.005570282511453179,-0.010812000341828089,0.3150119850825427,-0.3943381533531097,-0.011466548759958126,0.3702357586377724,0.09514528725068923,0.014696285749520598,1.0099054556065021
0.03167417520709405,0.025229502779140104,-0.01001476785377029,-0.010927202421443086,-0.018030803104265296,-0.0043697299910059485,-0.011536099684562255,0.02093042784020941,-0.02369765348598037,0.013712188295131952,0.006616607457900244,0.0038402271405650512,-0.003535717284961175,0.009173786072346153,-0.01720323971787421,-0.01808810551219907,-0.007724543702274066,-0.016433944083615863,-0.009997798203717842,0.00409712513595421
-0.1730537130770768,0.12757284451219295,-0.035416913618992685,0.07433569885558826,0.7692744495148587,0.008488875038029075,0.1685600690436646,0.4117013646084237,0.01785377450785264,0.2666586941276793,-0.4123178378216631,-0.0026298294850227765,-0.010334235667725077,-0.018891685318935446,-0.291250203837074,0.0034879580845166213,0.1260127420780758,-0.4356424469235125,-0.07967428799984153,0.04664132349077286
0.014930186825860144,-0.004023399954966331,-0.02329639968870063,-0.044953029041749755,-0.38162722919072894,-0.0013135003153561895,-0.09735001241499094,0.30915567484438355,0.004889756649956476,-0.03664957340731599,0.454655237047027,0.016240072293004722,0.000951186572979882,0.555546067448501,0.1317153940133498,0.0022552416974015556,-0.002521229326166009,0.22508208788248182,0.021009079769788785,-0.04916121702706221
-0.06937524584440054,0.1375894745121216,0.12349028392608867,0.07775034435326245,-0.00788299355722378,0.23778590651135767,-0.2759136803510339,0.19083090644106826,0.10608603958034415,0.0523365306388011,-0.014096973240984629,0.032250716320145985,0.00842034920402743,-0.017098575477897924,-0.04430311602367778,0.01969761963946795,0.06110099124549348,0.18073506349064922,0.05412304529237158,0.06823512493495593
0.007652713681845584,0.5376837655510965,0.0011149067751711024,-0.01862674703804943,-0.3057832412129484,0.009879730622919249,-0.07233752504873492,-0.022102509604247752,-0.021599770891430267,0.0035993339307669146,-0.11394481397457773,-0.0023487457959701715,0.012928277066315552,0.46177846391967153,-0.5922663073240563,0.008693665254038838,0.589214779901907,0.1458844863453191,-0.007984190852301135,0.11249741456429245
-1.4399536143408345,1.1057729703888006,-0.0618815340849773,0.5005193748681925,1.4939929252034094,0.6941007615934682,0.38369050949750294,1.4270173752856985,-0.18813516160376104,0.8495423489975154,-0.2887919861260037,0.917586797269922,0.8908754381814102,0.06132896883290199,-1.0731099184404613,-0.742487036863517,1.1672060303155791,-1.523362944340504,-0.1764493224150451,0.8036324347660972
0.023488571500717065,0.17893436558996223,-0.03513097001775787,0.12003547226562701,-0.11223927417214834,0.01195964296953711,-0.10233117618024744,0.11865948781098733,0.2705629207263741,-0.043037645090380265,-0.11133477162242439,-0.00043532889673257103,0.0005463700586595759,0.22865096250688094,-0.28527773948356105,0.0557581786188531,-0.01825361854401102,0.12670621995505293,0.05251994293264678,0.4680337142900813
-0.35507830235180965,1.0034210375785315,0.7744977725738714,0.11220885135511043,-0.7166136050674259,0.03598679059811599,-0.22716062871013923,0.283235955200025,-0.05692719407651573,0.4308093051108796,1.396224338838512,0.1894794647171858,0.005528313240900899,0.8888719755083465,-0.3760707400966773,-0.005140905405841249,0.2840927441804158,0.26455149006625817,-0.17484690076703727,0.09464211470813551
0.03077555652396168,-0.027797984932107143,-0.024555402579704504,-0.014994901795254506,-0.014961281695005926,0.002474783618670415,0.007976632056143091,-0.0010933176045977433,-0.011317545209493286,-0.017989714415478437,-0.010541660703508338,-0.0065883560450498615,-0.0018072003118085427,0.005989947509575502,0.028992436971527587,0.005038999154942072,-0.037664945390072015,0.005356252224256431,0.019129250482388768,-0.007407468548970532
0.9527210258693991,-0.695315257001356,0.7152469705693211,-0.3893195276007393,-0.0630969896578987,-0.009455371518698092,0.016799915373663595,0.37797734418051193,0.0042615333143034275,-0.005559572576322487,0.27183996426665125,-0.013956021819752525,-0.013587823503495935,-0.5197672946962884,0.9680549342230391,0.000632411188210941,-0.7959671801882547,0.0436555621224652,0.00449313569749534,-0.8781564061166259
-0.006955847398495485,0.030604291037044675,-0.029824174847666036,0.024067419530576152,-0.03173721344971775,-0.0064733385925447515,-0.0022998056386848067,-0.028356956713510052,0.03182832587479345,-0.009706488545357418,0.003456296224106442,0.0013315021781093537,-0.013597439538802162,0.035838452147886966,-0.03924529510622612,0.013508808726091889,0.008663290526033884,0.027252793318497764,-0.0034165137735659937,0.0197606530280455
-0.4464139945106721,0.30406905003909374,0.13080288168677973,0.98043846670329,0.3663816280303805,0.020128531810157668,0.06379553368857066,-0.3041309551681361,-0.03308689806636605,0.5685764012053984,0.0423289471130819,-0.007048744528047191,0.0011764594093847326,0.07435605378273241,-0.9822426673390734,-0.004557383290211085,0.34423374296566067,-0.33397738872801724,-0.21508029916676397,0.24208752006963363
-0.06842509092143219,-0.04452506145769831,0.47303907008430013,-0.010866280474377425,-0.21102553950024902,0.1335941200740287,-0.14626386609975375,-0.006924161136511654,-0.09364010710321276,0.06395382580238448,0.9757685633954917,0.4571134961062926,0.01545548718387197,0.16350216763718792,0.1105011662738312,-0.03977907627733621,0.048039740811265594,0.17011762480837572,0.001595298123813177,-0.1582989574346256
0.22958863707955682,-0.1253813737883817,-0.07719765824185779,0.21809646396745824,-0.2821151114440934,0.021644938497116836,-0.12112921780635025,-0.5287078626353242,0.002606266391932475,-0.3011897585289433,0.013950673259874306,-0.005647737640006048,0.030529460659711925,0.268507537420391,-0.08020270341109068,0.33962663308499613,-0.1350573918658272,0.4671911557317096,0.3441367905791935,-0.10041777116642066
-0.34968827398106256,0.2092106740142982,0.07826371907222421,0.1412032717806133,0.4678486128701374,0.13431426260179116,0.11615514581112646,0.35438729453059614,-0.018263349336378545,0.20601452070764684,-0.26791677632266025,0.0002255319643942845,0.2147906454832148,-0.1613625132476747,-0.2963304823756542,-0.18802715902580802,0.26989587157681594,-0.4745547722866787,-0.05894294771705248,0.21734104437073234
-0.002420103554520615,0.02295438925101323,0.030085573215908528,-0.006543708371016684,-0.5046369358925675,0.0113350997371558,-0.14115522443438794,-0.3009438256227116,0.006025925767754679,0.0036003168172720245,0.7265471066760639,-0.0002874011018570788,0.009029967234986327,0.8469192912130196,0.17072851244385073,-0.023033180993118647,-0.007457074459030987,0.21679691281035351,-0.009206256095318568,-0.035961852677818866
0.031839250533577404,0.30922929065584825,-0.0549621942617361,0.018604577452667113,-0.14068087853559236,-0.004607651374399847,-0.011755725534202103,-0.00906218818618115,0.0054720864063618185,-0.018708483119208745,-0.13491814780728376,-0.005015929245807155,-0.0025264299573112266,0.2661552929638577,-0.1243611975334058,-0.004435480109312327,0.35492575397497117,0.07978231326990248,0.05216000117860127,0.0772750031668583
0.2729424200418286,-0.12852811774515926,-0.02050499658523345,-0.11282113514795994,0.06628828616629152,0.6919206408771661,-0.591215495915336,0.3173400250083066,0.010049651204875951,0.2236969636085351,-0.49131375014881173,0.006998971164338824,-0.0044379202059649635,-0.335421464765884,0.6450775437811136,0.008341788473228334,-0.13702703022869103,0.4783590872936366,0.5023296337437377,-0.08757154814817633
-0.7097485786475247,0.3932026976959748,0.17502560485769908,0.2857335429696693,0.8963215110686111,0.24788567789337865,0.2211297626093687,0.6538366961848708,0.020740796878073044,0.37321370120115777,-0.542294687351009,0.015698531649158298,0.4660874976616075,-0.2212953584010815,-0.5964953959374537,-0.3461583983440593,0.5449105558442823,-0.8823340612858049,-0.09850947577823628,0.7756173150899647
-0.5728595445401289,0.9476232345043506,0.10932821916703891,0.22319976579065404,0.23495098148731805,0.1967401446661903,0.07626961091668835,0.744083229716348,-0.009302694229599767,0.2955717909126718,-0.06513427193483476,-0.0060420740188960416,0.36916242603813526,0.633974503826774,-0.6522681752080954,-0.288764169772561,0.44314503126139815,-0.5102323347979572,-0.08156601942538923,0.42935309585571324
0.012337123957153742,0.4230115468170471,-0.5334721660859669,-0.015567642951669715,0.26180761861341173,0.008651822407714702,0.28386087522856907,0.1297885108016089,0.005498347135906111,-0.013643872029923173,-1.0703179431915424,-0.018003779101184857,0.008613032365303324,0.3547819631589167,-0.5716439262216148,0.026486923909673537,0.4628328773978783,-0.11635769482961392,0.646158895038412,0.24038441625736837
-0.004826151040067702,-0.04464196259150092,0.01059551302033825,-0.005473936291601422,0.3721628538775104,-0.03296305041237484,0.10538630088819727,0.18861803687269432,-0.0066091796896903185,0.008377525465820207,0.3010413147129592,-0.007262557136401072,0.015571951291150958,0.30676643610765303,-0.07738704126853363,0.016074378206389406,-0.012931755421856034,-0.19973807986248407,-0.009406768079279893,-0.2253474898303316
-0.0017511018302421681,0.025569948459761294,-0.009887511916669377,-0.0012617888007706926,-0.0004397238711803895,-0.015174488401373245,0.009855251493996017,-0.002820488109398694,-0.01697150802332825,-0.01755038820370666,-0.05494750822955824,-0.0008603587556986723,-0.021052324232024272,-0.008029844864102803,-0.02259526965888673,0.004374489836939971,0.012797786731428,0.027684691698446,0.01104330539926023,-0.0037523237130237816
0.019258663666603663,0.21482665297481454,-0.05254304387008812,-0.003678598137811061,-0.1388728642137181,-0.003372405399442592,0.27834479054899613,-0.06802036629916561,-0.028602754837565934,-0.015604941402966716,-0.04363483736441707,0.019523119571808776,0.020601835561714965,0.2390487987909424,-0.2905813126461182,0.015854099685110017,0.26177230871406315,0.06724589945722509,0.04404906891211882,0.020982575645968712
0.050037423308872855,-0.03264384686592357,-0.013864705145380816,-0.020751048433946886,-0.029867221700246593,-0.003163007042338708,0.9213077412652623,-0.04791247133981492,0.013927526710222805,-0.04705573090862252,-0.011220157497894373,0.0009690386978024931,-0.00554158103599655,-0.0074936691419663,0.06610694441246677,0.0008799062351708756,-0.05726389131954251,0.02477593083238243,0.01058284343006377,-0.04564192412614583
0.011759094932706583,0.007875496104010598,0.06723126374287941,-0.0016820413735356495,0.007560378353417279,-0.003454368358420507,0.009871318587090158,0.008069894914329148,0.013192437438150503,-0.021968758470040508,0.06303042988725144,-0.01958015621599144,-0.011583333668821907,0.00028762875789152716,-0.004692860504514199,-0.021066817675409227,-0.003709997294621426,-0.027029162988247025,-0.011780857658226705,-0.020219730231987438
0.6944979029363743,0.18279115036807375,-0.7041696300459435,0.06884754938068322,-1.6075403014401402,0.13373828318460124,-1.0926821045682384,-0.9909037831308422,0.7430775521079167,-0.8764358558475963,0.20995797528302007,0.5030521784771279,0.0105701278385348,1.570594462865125,0.009164584744925318,1.0496255982850895,-0.3732295639893573,2.470769357541979,1.051343593309786,-0.12846281725233258
0.16139587090418656,0.5552744152290784,-0.1515540888856684,0.3858369413372881,-0.42342124092567807,-0.02502192747463041,-0.2480743080454128,0.32186401788085583,0.9389629044392047,-0.17723472318706662,-0.344552431253047,0.014155249694982719,-0.02394750375190679,0.8110313055884789,-0.8828984721863413,0.20020564958669546,-0.09508527769617907,0.427234665418031,0.1616791074050653,0.10316880521267145
-1.0320838606914486,0.6038706687092317,0.17295730838655732,0.41862322538160995,1.3111597838979512,0.3691411283765225,0.34376670372031076,0.9811932994802859,0.019512263484834917,0.5422050504146313,-0.8737992421976666,5.7494093266550464e-05,0.6827014623732413,-0.32631934164597104,-0.852323352631189,-0.491962188954577,0.813631035992321,-1.327159309745885,-0.09421471172209445,0.6846408443982505
0.02297812691277914,-0.015591894604996607,0.0029043753694378617,-0.008375672836942367,-0.005965145668721773,-0.0010441382417100613,-0.032995239205519805,0.00775299231705787,0.018771900311591302,-0.02768713428694827,-0.013369278338013971,0.017572270647241588,0.006982574946907082,-0.0019066424728528472,0.02325613718256225,0.0005401132469079108,-0.008919330502476262,0.01595340834166803,0.016759734027028954,9.149378128424715e-05
0.7796155790915538,-0.02128032544365837,0.8470067974218821,-0.304147346844549,-0.37399353434688304,0.13531946352336402,-0.22438607457235787,0.6398833053416088,0.0011764040425022455,0.08640929125659873,0.6267336818377219,-0.014740468032070408,0.01600215304783078,-0.05979047649158394,0.6435382212413259,-0.03188133104928288,-0.6138072405989262,0.31817225113562636,-0.0031978728197598963,-0.7213722116523457
-1.3368693613910965,0.7833372587515238,0.2793453478087935,0.5295051058061028,1.2209373193264055,0.4891348985311054,0.3086758909359672,0.9939163600863774,-0.006215956611636739,0.7235041980315617,-0.14910822882638727,0.027895648187686677,0.9164003985694076,0.4019358882189152,-0.9677914000206337,-0.6932179362373948,1.0572788598951828,-1.4782968884070233,-0.1540568945405814,0.7405984284441585
-0.7256519324442352,0.4532232658669623,-0.08239625932361641,0.29192485999206863,0.10914575997619345,-0.015786703336117165,0.07589707269082935,-0.14781800648187632,-0.011917462325727077,0.8526566557325241,0.09501852832529564,-0.020949328679863884,0.014383191830805222,0.057543579318236796,-0.44360451585178906,0.009982615883894534,0.5111064858200436,-0.3270606247898193,-0.34344525360230804,0.5249613187155605
-0.018042682092193632,-0.004434948968981348,0.038096250826330266,0.016513731579469112,0.04658441091064398,-0.005032871498454213,-0.01657461378164568,0.02495604491191707,0.0018313745063409247,0.02769127967791026,-0.008325506242362408,-0.02006188985065443,0.012293157514793557,-0.04309447479584735,-0.0048111803524746415,-0.02893292305642472,0.0008817670692476791,-0.03345463426413608,-0.011088677453238771,0.013792304723521583
-0.05026660953727395,0.8473660528087348,0.005616242608296568,0.009441387233159567,-0.3925206395225269,0.014972713650314157,-0.10145259311628865,0.4323170459656157,-0.00819649107240249,0.023097307835940335,0.2331963981843745,0.003253122465273829,0.018049636801989285,0.714947051681088,-0.34381165712448525,-0.02718788995702818,0.01727524046244035,0.16220705223443307,0.011449650662991816,0.0940765994019212
0.03684597249722852,0.1257850734855439,-0.7091472261122768,-0.014321335501261629,0.14313055838991032,-0.0013531090733935967,0.3098438201482779,-0.025935518745406238,0.009637474097227101,-0.028604519320342643,-1.09166826673319,0.0004907494165907128,-0.0090437395002215,0.0486622949852887,-0.2194382201798531,0.009512123363895321,0.12012560197121505,-0.048463411872726334,0.8322900091716278,0.26948684111449384
0.026305015383181973,-0.008654286259281298,1.1209915642071584e-05,-0.01863275854286611,-0.01561221027957183,-0.020818345422670123,-0.01544260098536289,-0.014981373577653306,0.015582502276533034,-0.011376725713907871,0.013610864413514313,-0.02033166124400704,-0.01743857202447844,-0.005481336953269145,0.012612328867706616,0.009577895779432348,-0.048674969750333016,-0.0042174599977009,-0.0038885439254445348,-0.009679500859616347
-0.5336296545093788,0.321813359247284,-0.04558401919248538,0.19929724905752183,0.12383308036908619,0.009307432912140451,0.07306875669358745,-0.07771164628248264,-0.001838304805753796,0.6489659928765198,0.06380612787595209,-0.029405630289950833,0.03500251925157569,0.020709689502788984,-0.32745009249414814,-0.01825177639151979,0.4012553631458213,-0.2847791693241121,-0.2363545191693275,0.3823616464527183
0.05337228437906352,0.06957280034660956,0.01810062532828466,0.000574521699956582,-0.1176683402155737,-0.010784161962365018,-0.019058433093271793,0.13413754414934848,0.035179629894995824,-0.03983252717408623,0.7838047398517609,-0.002307389640899934,0.00861161628443129,0.0917478375836953,-0.00045933450761102834,0.039791455795833826,-0.053046364865292635,0.0724858051360897,0.025979388932004112,-0.252883366591354
0.008963976367501222,0.4477029291375156,0.0017676622974460363,-0.0038376105169703988,-0.2765542961217242,-0.01363445149282728,-0.09174338607645637,-0.050829428380664995,0.021148311054243942,-0.044041697305274186,-0.031426687503718014,-0.018166399157630783,-0.024441250590071656,0.4425618358246209,-0.5259016046888918,0.019192816442328113,0.5124017440692827,0.8222956715173347,-0.005867854019511516,0.08555097926921194
0.15045662919850478,0.5771656834326857,0.01272614274918257,1.1451323685386159,-0.15928314645956285,-0.006675958107082767,-0.1900275959766129,0.15754381209436827,0.9849821176399128,-0.1892124304825549,-0.4387827967173471,-0.0013058374688763499,-0.002269584207060682,0.8758870328899531,-1.3426393441043403,0.1816122595185307,-0.10536996399990574,0.2940227699849426,0.18670448414789542,0.07541345313479891
-0.20269700208058716,0.05777086740173231,-0.14179431139206777,0.06603693942710914,0.1873842193803867,-0.026368597727809463,0.11180715564046656,0.009822989784374129,0.018583827489619755,0.8542834030251943,-0.06688538032069148,0.019477328483973703,-0.008685064421911174,-0.20534687022333536,0.02632556968900723,-0.006243943552972272,0.09272407664340944,-0.3941047878627847,-0.3335656324428398,0.12759455331327227
-0.08130506950466332,0.3903634078664084,-0.31235247633003804,-0.06570043116140567,0.5194578865508526,0.20883648049976708,-0.09651093981006723,0.4296663501359291,-0.18755296440135213,0.09808439171086866,0.1460154855922277,0.8896431932203429,-0.002054400360123637,0.6487578932036134,0.2761699214726164,-0.031557856834877544,0.6201806043219859,-0.13087873767602962,0.003932177123514631,-0.18244495462139013
-0.016087813499492287,-0.02959520785635849,-0.006915083190699535,-0.010909794997810054,-0.4366653320020023,-0.0023081206168120852,-0.0969916907800282,-0.25371834982122254,-0.0174078496717534,0.00404720241429924,0.6105342956935024,0.0005135775230831244,0.004848642496751451,0.7146187392661595,0.17482590552760766,-0.021582034149304527,-0.03320930744425128,0.19098768529550159,-0.013221337980807043,-0.06694497620943167
-0.012349132607981683,-0.018791927979403197,0.022729518343494806,-0.027852985537564993,0.02619141746128979,-0.01141953544540365,-0.0662353222520096,0.006773195948790233,-0.01959692354050348,0.009257249456997726,0.018579693980505838,-0.010702546890453525,-0.004297543162574768,-0.029614561991202222,0.20663543066306247,-0.03312012226727552,0.020753395912100923,0.1322806912076029,-0.029126006134193166,-0.012775159643750587
0.017583414572695927,0.003862411644110098,0.005646551044129431,0.013092695201721228,-0.013057735141860309,-0.0023846881032337924,0.022820213115995965,0.006815191163854086,-0.0009055631833055043,0.0022380258893420035,0.01613562234359459,-0.01318564873982758,0.016820260898265358,-0.007501764698325161,0.6289846085302043,-0.004665721426960109,0.014596815563229242,0.035755167608983354,0.006354908218052088,0.6924844856642026
-0.007018201981684336,-0.008602653808912734,0.03225984747534763,0.014373790959466585,0.3936582668725308,0.06170481092145119,0.12051850725547984,0.34865102160983985,0.012580181965323066,0.14746806874563187,-0.38023825801796196,-0.006310848503841809,0.16130491201544037,-0.24395077296036238,-0.020391998566233333,-0.13911821374899974,-0.007912158624809573,-0.3804171525245171,-0.027201890275139428,0.010900906079182966
0.011906761638004231,-0.03336754382519465,-0.018294793062362553,0.0031073234755966033,-0.018012660869307234,-0.01120439668377518,-0.0003446396826860959,-0.04847041257283502,0.022193871364460188,0.01903215065277926,0.03309156000039666,0.0012605262165640272,-0.01073251727068662,0.01442860720611324,0.01625818303167879,0.02707200018643785,-0.01024213972512826,0.03461119108191378,0.00904506646846209,0.004621555938165571
-0.08787702874515747,0.08680780037435101,1.0828245508285532,0.01954860320724286,-0.3186125991867095,0.32776879063161146,-0.46790128070165427,0.12117417096467957,0.0007319789222958459,0.1036661903441066,0.9054753581622241,-0.01814735059525841,0.002268986660092664,-0.06712858201801697,1.125955043964016,0.03540795278489027,0.06453132349240721,0.4395386399573443,0.02359804945206543,-0.08758369796547115
0.04774473127159699,-0.03442956948494345,-0.007845804872658147,-0.029044719225910946,-0.0344076925702795,-0.019118841852184806,-0.012931647388316595,-0.01516716520612045,-0.0008500180130141845,-0.026740201456341303,-0.0365456204639894,-0.018016563266560138,-0.023654772519353585,0.011865590195059585,0.9914209769502408,0.009000704648973193,-0.03405185630680552,0.038308557659151365,0.02077238091757975,-0.021668364096282873
-0.01214772520086179,0.006511562967741262,0.0017031192330906487,0.012721812268196648,0.01720957030078134,0.010399817865985837,0.007381629502132047,-0.008264614698630171,0.021720369836072728,0.02215231709953508,-0.03592457972387304,-0.0029459546978117222,-0.011296983987443117,-0.006937128006558722,-0.03307840106533543,-0.005181194147644602,0.02608897296590862,-0.022329115521909592,0.003994348725743833,0.023043557197579695
0.03291951112299212,0.06614905982865815,-0.378127534502227,-0.016460665411114024,0.07872550996454587,-0.0013438517257999133,0.18707605098488367,-0.00407411409836459,0.004060810691280488,-0.015583353325693378,-0.5488525638703173,-0.008506661503693815,0.012617985744745742,0.038999109468235094,-0.08843723263939074,0.018570272158710023,0.04151087858834333,-0.022248984841963807,0.4376259521705132,0.12009228333480948
0.10257116771594706,0.37758178793187436,-0.11964961458812265,0.29345651742496254,-0.26910319153480333,-0.016595158741980306,-0.1542496976301166,0.28095135980124764,0.6687765778389836,-0.09357294219429517,-0.3180384642069907,-0.016221761454770407,0.004162607523834131,0.5822779130663315,-0.6294244138744763,0.14033359120940594,-0.09138542257201326,0.26428239592834696,0.13495409973427522,0.08413744767065105
-0.006567869288799055,-0.025564719144763003,-0.09277475144738209,-0.02300543515980886,-0.0003344456885346344,0.06968685353253776,-0.04555786194361697,-0.003834272887183042,-0.058935017235370486,0.007277913390063926,0.18621378065592883,0.29304376708397345,-0.005020801184967557,0.03903377806586249,0.08837089406826935,-0.014313825871532238,0.02349434481757088,0.04099578174028873,-0.004366279081538093,-0.03389896219897322
0.02753554469748741,-0.014654693714272844,-0.01625799796777913,0.0009840225344760964,-0.009649274165828402,-0.017536669014683107,0.6755877760517466,-0.024830575954421473,0.009732714473746535,0.01779260556169287,0.022505614430192753,-0.0034554931232316354,0.0004765640928439752,-0.003931924897700919,-0.027673223832730236,-0.014782770979324143,-0.013780276780855742,0.009292009509231564,0.0007662182904291403,-0.0015112081202561089
-0.0102565219316967,-0.007176734331442594,-0.015547719459114255,0.009875022400395124,-0.004520032004347701,0.005060841119752901,0.4775615697683871,-0.03911387356759995,0.01216265893699495,0.00022391517627022225,0.019361730524017542,0.014290136724875061,-0.007010613261392764,0.009126386629361424,-0.020421413279252374,0.003310566660245916,-0.023126094415797147,-0.0001733928834885103,0.019818326695870334,-0.0021294168057161365
-0.5191122490034173,0.2907593003627084,0.08910116933939177,0.22686335669248267,0.6837695591449172,0.1731091466942725,0.18868421040996305,0.5132847018193094,0.001805501733001793,0.2907774230392137,-0.42657710985831504,0.004843584073519647,0.3416863559211484,-0.1944370019288618,-0.43659855589107127,-0.2749311409746939,0.4086542224487569,-0.697207010467218,-0.07028634400474548,0.3739586430445722
0.030753656723244628,0.11778644157866074,-0.30033267048671647,-0.0253688748096645,0.728811963189178,-0.022971411861412487,0.3047205585143982,0.41473301746336433,-0.01566484875906046,-0.03966940418133866,-0.8341788746777934,-0.027525172030282288,-0.004453351432217643,0.11052972394248282,-0.33843060277968323,0.003134855129233163,0.15237736261987836,-0.32252688212247765,0.34380409922339994,0.015430963572043913
-0.012491406590275545,0.033264844658582926,0.009166394522930646,0.007071108536040989,0.02859749895165697,0.001593690527272194,-0.00012092412648870158,0.01658380396563198,-0.005605486918188136,-0.0011905621013718094,-0.03384769160624311,-0.008338251249965498,0.002564291885360845,-0.011852169592488884,-0.037496476235284786,0.0001493471238329016,0.04013004868794362,-0.03702770500056686,0.0036221922692274778,0.028039493020748412
-0.5950154671797468,1.1493821056543343,-0.5248415686815994,0.8753134207102771,-0.06385186537510786,0.019380070986409793,0.2483711449722891,-0.1412010381861621,-0.021782000971669515,0.7269025485697753,-0.3925751583637034,-0.001449356722237248,0.0022499504368045918,1.1168890794454862,-1.3273844467404579,-0.001668298941671354,0.5790688415217476,-0.22443555397392462,0.4748602205450551,0.6576015181234772
0.2751866327530094,-0.14727310866857274,-0.0657860845185069,-0.1456399412232151,-0.6795661078401936,0.3517752118436901,-0.6923764426636593,-0.6441429571941791,0.0005029436186754464,-0.35683746735057587,0.10175372032475018,-0.010448638999015703,0.000985547399964785,0.21835479421345627,0.47735851659162293,0.5623270196172951,-0.13357771752198783,1.1689864942054715,0.5685046412595682,-0.06684981192542187
-0.1344068570993947,0.09394154212338418,0.30908838310219094,0.04110397466884366,0.09123694162924711,0.5812515545305084,-0.635847980754436,0.26495975040711267,-0.01713499965993636,0.16113959751402837,0.02621218872551631,0.002648540835265115,0.009393310530494943,-0.351254254629287,0.27108321932876295,-0.003021119509833323,0.11079835658614433,0.4069068533977569,0.023244886837215078,0.08367079651151024
-0.12421075101945289,0.09816679871128141,0.26403212740710924,0.06844521913393276,0.024150819820821595,0.4959747195597128,-0.5370489062120524,0.16990539477148273,-0.007970648201899171,0.14520400479926704,-0.003893325410373834,0.015974552229418168,-0.004052833816571346,-0.30966160301300394,0.23366394801628726,-0.0008194224986348576,0.09735847691641077,0.3252462978489439,0.062004865242590794,0.12014597624035377
-1.3180025790068408,0.8041891447516384,0.26855779863999385,0.5443884242397012,1.6855666643456915,0.47387706961499104,0.7664264227513812,1.3018643450163823,-0.021074805266837422,0.717313792944595,-0.9270894856137379,0.0057548321641518446,0.8942375476327814,-0.41488731593524136,-1.1099635376050367,-0.6719920903605975,1.041528126846799,-1.7183338958211734,-0.16526597737954624,0.8631119310728508
-0.037162605304961224,0.03107156524121176,0.04715046729146898,0.022294149944827105,-0.01985199027760542,0.060425963476891345,-0.04351078615120787,0.7387894331878991,0.009062491819393843,0.02182279735679581,0.020242612993820224,-0.006629042407017637,0.0268956624730924,0.008643207143234247,0.09925639697802016,-0.0148305817990554,0.03719014464713524,0.014818852235541233,-0.02202926611755661,0.03271309396870782
0.0001881071364951527,0.018874719158079326,0.009789106416261073,-0.024862842715526298,0.21333645935235113,0.016137717580750652,0.0731476984007084,0.6358323964247182,-0.004420980713717146,0.014588159909830355,-0.09626213937320029,0.017035039679227034,0.021764162635208223,-0.00010730626771765592,-0.04332652998108,-0.015447971038686663,-0.012697198063214067,-0.122038540278056,0.0063762616686161054,-0.029011697345244346
-0.006840380887702377,0.005388889667245986,0.010259507000526606,0.009133170892957622,0.03451088349894914,-0.0009285305573600499,0.1687846565118795,0.6397739042230982,-0.009350608856704504,0.010552876236904906,-0.015500281852914757,-0.008416698522606587,0.004632798108620942,0.0005323172371452679,-0.03006026350566094,-0.002677446756433393,0.011196434129165276,-0.002930665884533853,0.0002183400000694011,-0.00970798911963318
-0.011148771589126517,0.004495421714072051,-0.02338104615778639,-0.00367329162053211,-0.023579435471948778,0.009050178226678775,0.01709385101581635,-0.023128747665386733,0.01234841716659072,-0.0011149917768445833,-0.025190216711631876,-0.01792776937534868,0.004275450146428881,0.005096695090803675,0.006529176924680547,0.0021946234743297367,0.0003103041629098878,0.008067455989518338,0.0076666275760579085,0.02094530973517173
-0.014248115129018761,0.011495050284521021,-0.00322695412888881,0.017224946493104666,0.23176809985270314,0.010687492589786364,0.04488769103054772,0.13171991302355782,-0.01820433817019319,-0.00726216956772159,-0.11155170783476437,0.01560930566123653,-0.011328786013414435,0.01140713646527282,-0.0871658819702687,0.01786851517299777,0.05249007933499787,-0.09295886614469698,0.027479047233559716,-0.02016327126419773
0.02350009393475004,0.0037158243272794877,0.05466923864751336,0.11665409677521536,0.2825496999007909,-0.02563041453698998,0.08979955241746505,0.08111912325328849,0.009049537522351768,-0.009922432155381184,0.007349146612038663,0.006915392266505892,0.0012087732101701554,0.2897047597650186,-0.16651447341316444,-7.946525829993084e-05,0.018736056988268388,-0.1305272567975824,-0.018067481130619442,-0.080685124972512
0.0066483097277207975,-0.02519750378847607,0.00886458081636661,0.019411501177467788,-0.02311004431472728,-0.007969248972836783,0.007001559926226253,-0.028093137893430695,0.01626615112909513,-0.004054430142365471,0.0010609042403768865,-0.010113921871705851,0.009489962237092382,-0.01878211759545154,0.3411175236356535,0.012882682338707135,-0.01844077966667204,0.0327127957260654,0.007735266188217046,0.010887073125262263
-0.007883787552478356,0.6105467948116187,0.023464138111298275,0.006273317284446505,-0.3005121732306515,-0.006485436770557518,-0.07958228827461933,0.0016169272506761628,0.00010472430783515022,0.01138593923226382,-0.09479104644004391,-0.011152979103582705,0.011310955995411995,0.5051434088656305,-0.7241227204971379,-0.016629451292483638,0.7027130292238302,0.1268768493945731,-0.011915080495292118,0.1359559036369736
-0.0072316486389883755,0.2265260283844643,-0.6183981534346199,-0.018477438076054297,0.10802743007927447,0.007048570621609235,0.9384392951929226,0.012735627190156081,-0.02635684447000333,0.015874693739689943,-0.9821425729347407,-0.014749596390142353,-0.006992349653332605,0.10401910937658376,-0.28932245123340145,-0.026360149079598327,0.27943652151566634,-0.08224504579648259,0.7432151788273036,0.26135054243309935
0.018581248826244397,-0.042736553655920675,-0.03448672817886296,-0.01018760835750599,-0.031352687576069266,-0.007742051986769812,-0.14829823420340688,-0.025523445140328945,-0.0061852815784322465,-0.015572213025741705,0.0020821141211968255,0.009651967885330445,-0.014684547446836487,0.010112325797736646,0.04454171998487119,0.007559290968647775,-0.01907688366037088,0.3378548915499464,0.024064920923544682,0.001278726683083901
-0.8317036445009028,0.45688697115515103,0.07568818161734389,0.29088266897292886,0.14334001437557153,0.1267345193349448,0.5819761311859485,-0.04595301391242626,-0.10800449377919058,1.011119624635235,1.1271087538977993,0.5080419786122434,-0.0005447409718551954,0.2084344339286587,-0.38527590683947077,-0.0343062482793664,0.6045629265577037,-0.30691764613169176,-0.37529791767168524,0.29770019116278745
0.005646910845397202,-0.010298512858647031,0.017556641201232542,-0.006079588736192538,-0.01315221649299611,0.014593270185890383,-0.4100567965197738,0.034563847719101384,0.0024816182196838073,-0.01969707884827781,0.9053937559305859,-0.012715295213137934,0.013640973641967702,-0.010424490332777505,0.019051734901346304,-0.009478535196505902,-0.012058739986873398,0.7576818262518861,-0.017315196105170794,-0.29172097816663434
0.06174930546885208,0.342298655949097,-0.09262810971606827,0.24202142633989768,-0.7660810745688102,0.014663929417632943,-0.5077657894078922,-0.1180603600143301,0.5514389745270059,-0.09282118247382523,0.5236770358338549,0.03302304242825479,-0.004643823903678896,1.37549910204422,-0.3922688937611949,0.09408922151497537,-0.06200416614320889,0.9514024055500607,0.10336725707884496,0.03984757225693122
-0.16587012147817423,0.12717750657167518,0.323389580109508,0.05116195001488827,0.08736081484028906,0.6314274198427411,-0.6651280638215248,0.25942224498253863,-0.031247277755238473,0.17910512426064695,0.0609442217302867,0.015515116463109388,0.017277354906646225,-0.36035684133133683,0.2578358191756768,-0.01539034674555623,0.135128629000549,0.39822864253121154,0.03057766597960107,0.11234532391187994
0.021592553775624634,-0.045839352607538096,0.6388210928452575,-0.025883420170054,-0.7553233373366672,0.012991822602824514,-0.18417665952418327,-0.3148408881926939,-0.022639381114900447,0.049009604536289116,1.3708540333700108,-0.007685503263771005,0.017907894848590997,0.9621639331593176,0.2673070778138549,-0.02695762324013224,-0.03906132092915331,0.3260843281154431,-0.03338053485826323,-0.2341246821180611
6.499260258446826e-06,0.6928754067199143,-0.03140710968687158,0.028068194163299805,-0.39249269943682236,0.015574462346366315,-0.1463718947670687,-0.08314115668217449,0.016980077166827402,0.032196593250637645,-0.07496711811478597,0.03839245179088573,0.003474622587689432,0.645544115070066,-0.8320862866499661,0.009642055271115398,0.8049355500733275,0.20721035613410255,0.0019497782019810266,0.16228918929786845
-0.0066358116108970015,-0.013339526085504124,0.11944902982118573,0.6133420691204317,0.21953036667851858,-0.010792954161123532,0.06683395800581526,-0.19955002957022341,0.0121148277431035,0.013066304656292882,-0.04278271350053521,-0.004950206601529261,0.013996004277438426,0.025564246014741807,-0.5488522257282176,0.007100963083798902,-0.000423079550105461,-0.13486039273360406,-0.006718204926947687,-0.05623376136924777
-0.018632750744876896,0.03617539145673461,0.9205306203195549,0.007942548045221345,-0.35173973549925586,-0.005284173755005193,-0.0977211831478932,-0.01251460789386973,0.03418198879116292,0.019350212465482648,0.9040645050218282,-0.00659594896790844,0.020163014207174,0.12885976621687967,0.025521940981879213,-0.005677268937304575,0.0005461529349455058,0.17742554369902017,0.011947811076998334,-0.1909593191501769
0.6489531773092115,0.06251703314395679,-0.046515361755441464,-0.2662608312166649,-0.1894072465392201,-0.006131968108531534,-0.03945189867091915,0.194941913924206,0.0016046384192385285,-0.01380424074175131,-0.3472987194831048,0.0075292522009412,-0.018762847202557803,0.07538283752248308,0.00823708270405384,0.01806960832486669,0.059768929087904404,0.11249401752040515,0.014862851517889918,-0.3555985304872049
-0.023185711341812545,0.032078244083590224,0.013754061512084359,0.05259038484589521,0.29632182713961575,0.02775892909479807,0.06329608585332322,0.21841776962128073,0.03766967897082141,0.007161555129079049,-0.2023832930587982,-0.004389118523950009,0.0008170687785854364,-0.008898447034544314,-0.16074810526833613,-0.019149278110576894,0.018823359327202922,-0.14508886189052791,-0.01119719044873339,-0.045908636090733285
0.0012727335318413495,0.01831404555403802,-0.012974914904867102,-0.023231745572403234,-0.020993361417811367,0.011487168521418076,-0.03564026287646907,0.7470752680748179,-0.00512229194009872,-0.02240296918219677,-0.001808234809553987,-0.015951171153602936,0.012265720649139056,0.03164633456259784,-0.00857153088497441,0.023168090915902995,0.017768712345701515,0.07529489025849373,0.001414543536942335,0.021644984286273185
-0.02066285746795733,0.8008004586894719,-0.11434809348614797,-0.00994683698951767,-0.3331278743282459,0.08184136142171956,0.004468640629882234,-0.024109717490963703,-0.07649451954698717,0.02819063587862853,-0.21154725673524535,0.2873459697188622,-0.028441806456928155,0.7502564474358644,-0.8971201749407686,-0.006158530006840308,0.9508608187332471,0.19794432520544944,0.4980940357904298,0.22304381236458437
-0.045563427581003624,0.03232246676798006,0.04950160699355411,0.03483207258741776,0.02421352869050427,-0.0071979511892890065,0.01701287297212322,0.01256785652349499,-0.004018703372748726,0.031062925847976063,-0.001782453316332408,-0.032046928405207925,-0.011007163212980153,-0.008579576443739408,-0.06681262468719304,-0.003632513900658701,0.03396094369157037,-0.03743438535004014,-0.0011210437233887417,0.0540452989142926
0.008429415839196949,-0.014270925175600137,-0.02234727741963612,0.008005039775100739,0.0004010515521660103,-0.008537665404669645,0.003590838578280887,-0.017636884064545496,-0.006235730126887858,-0.0024249759324786006,0.007665423871325822,-0.0048319493500003155,-0.012782230797472816,0.0015916817924257615,0.02721055364036546,-0.0033710661178870125,-0.0019370374283155653,-0.017910756535883622,-0.010646363204389702,-0.02350150391420255
0.007128536611069174,-0.012177262578057998,-0.005291685452742187,-0.0020041734734181907,0.7710126326983266,0.007919252485349164,0.18631697275575465,0.4489010056556621,-0.021071966952815338,-0.003340952879123492,-0.4475810142470019,0.016005369649657198,-0.01577649519090009,-0.003663617841881858,-0.17551212888936893,0.013450906057617024,-0.011219137230554652,-0.358025598032849,0.008236724418332671,-0.11927143777447506
0.12611640332100538,0.39155521505474195,-0.10244578387365136,0.2689611771076225,-0.19690008905201875,-0.029933082502534306,-0.15063622944025376,0.27285497690369914,0.6527914066144758,-0.13976068902362845,-0.3335714910653892,-0.015791944458640482,-0.0014237999970873275,0.5937612945788077,-0.6279037335006252,0.16033081899045576,-0.07216579097410492,0.26354613130166704,0.17332729906604194,0.06599164082749467
-0.02432625659131611,0.0076783712074374256,0.17648481116338222,0.8294530723815313,0.3351982451608347,0.010071218732349403,0.061703102397711734,-0.19467985983266103,0.013177145742402365,0.009716917537417944,-0.043656914285499254,-0.013001708855674296,0.018270652184307155,0.007864696303084126,-0.7780118755929648,0.007845025462048322,0.017861637819933808,-0.1530563024480972,0.00035495585177702793,-0.0818422628563733
-0.014973482288186114,0.03226248651370571,-0.009412631282498004,0.029344893691809433,-0.017906450035336703,-0.014772166996978508,0.012775711444902771,-0.01022125234512277,0.006465375451830182,-0.02807536558489039,-0.025946339297292578,-0.004241627551479704,0.012765671685959372,0.06924656595340872,-0.02426059437265737,0.006531940329691624,0.01450179670264819,0.02300072995509478,0.01348978576092598,0.0036449581924683514
-0.07521300912356257,-0.04530115903723425,-0.24003372142823567,-0.026806959336101097,0.49930768964505795,0.1886153298873385,-0.03927287081778885,0.3242527243327292,-0.13585809857205677,0.111687717628647,0.27115301567538547,0.7324435521565564,0.015272126956905305,0.12952199118919744,0.003995612664027174,-0.027664880086489874,0.06426490929703685,-0.16551075086090822,-0.031407787860495515,-0.1937755206872417
0.015569423301998791,0.016333731127035282,-0.01252203209615349,0.004254514253999018,0.8397344296396274,0.0032049864722093853,0.23423769847677897,0.5623120254577099,0.013655994025689344,0.017285454296281085,-0.5210155443627995,-3.4477035209884476e-05,-0.000948744505294738,-0.02037264967133661,-0.21806197379079478,-0.002652287953496606,0.005957461093736169,-0.44317471775962486,-0.0026126875962123614,-0.10696930141678043
-1.4213673740833992,0.9181551064384561,-0.20003477071647624,0.5571517421207518,1.9618255272899419,0.48745918157258894,0.7063161724915693,1.428313420063894,0.003439763701040277,0.7661277238039913,-1.9376531481165336,-0.008456455860812687,0.9627212991001493,-0.46101099313243854,-1.309336067931534,-0.732220807978695,1.196216957417958,-1.905763701068481,0.39544653089594256,1.1262876544227773
0.028077132344000492,-0.024881743066026495,-0.02791942774110176,-0.0050175635203360885,-0.02588675552032597,-0.016800450750557555,-0.0011425345433765874,-0.045422868342858205,0.028764209370303585,0.0035757044455514138,0.03292454573519783,0.002159345112370787,-0.030533065824259638,-0.013411596457625317,0.05817638416616816,0.028673593773797683,-0.0410940180508527,0.016789444491061806,0.006687207092623888,-0.029296962233021494
-0.22276995312436926,0.08514171751480537,0.3084639891858817,0.06179245097237283,0.06983732159680528,0.7510623804791317,-0.8233608062381571,0.27989764878844886,-0.05977027493865203,0.26009172657816115,0.23696861088767587,0.2624883985807529,0.022048682734714845,-0.372822557514532,0.35304812970238547,-0.005196450034958087,0.16096145358422276,0.4916124678872661,0.045815114768896666,0.08203288680906959
0.018399242638632435,-0.009757629726954124,0.011759099071792255,-0.01681278627750248,-0.028213641022879574,0.008359181554001031,-0.004659217881673459,-0.023636681179755748,0.002829234877458912,-0.028005544177619343,0.009520906133322807,-0.008754431892077603,-0.008728468467465018,0.00806099871788972,0.03706555808122702,0.015244011379216596,-0.00682864081722049,0.012377206116243765,0.0060696894150678304,-0.027867199698543284
-0.004667053783558632,0.014326466231905508,0.006527342555737966,-0.008306974272799767,0.13287580425222545,-0.008781158738247564,0.03840551014040445,0.07376303489595712,0.0298542150677032,0.01729648793086509,-0.09871302234814783,-0.0013593978510420485,0.010435173711934555,-0.029881758338635413,-0.0332878007921627,-0.031819876782160875,0.010448412066541807,-0.0997177486695795,-0.0004598048567987451,0.006843975111292821
0.0009004380906044119,-0.0019765587909563445,0.008092286599947443,-0.026024127009969204,-0.004773381721070579,-0.005918774146510123,0.014672641848261692,-0.02528262525158315,0.0009746679514524999,-0.011174137449973275,0.020958879156190685,-0.009216702598249823,-0.011444530234550804,-0.001989629223110387,0.0014180050378575768,-0.008627241226071999,0.00827017633891919,-0.010393962038335754,-0.0036091920619500117,-0.0015062544719355291
-0.010245273947154078,0.09269653996736066,-0.47851324606142104,0.017773954194491744,0.6665687696056354,-0.006295034790754753,0.4087748731533327,0.31828045722202325,-0.023442780053626676,-0.031045190106183475,-1.0587781614015088,0.009506242035555798,0.0011919095740739814,0.016166604026182526,-0.28661388481344346,0.013516385569886817,0.12055832307153966,-0.3388816253649785,0.5813114469968363,0.10495216349276804
0.01677809749868523,0.14976821448638528,-0.8096304017556659,-0.016587937452402217,0.5037070523934077,-0.034378665116697044,0.035536330217920985,0.189151721406319,0.01941190441024021,-0.01812230157845643,-1.4230683658051593,-0.01107186515795237,-0.0019387605123119041,0.08047450209963428,-0.337317934781312,0.020397879005261896,0.17505139327469477,0.6467522823191548,0.9526617496154678,0.251524500319785
0.5604440233462356,-0.2649097554031069,-0.4259745098388348,-0.2201881404136299,-1.0552655052872715,0.005597392718736125,0.4187631676170444,-1.1955555053870774,0.0075677183609117685,-0.7052106020298595,0.7744715696644013,0.004542773718435552,0.015598158403944844,0.6606746119961681,0.43156273235628095,0.828930126528249,-0.31594008366143345,1.392042555149006,0.8368328144575727,-0.34655643398866093
-1.2589440055366294,1.3653443093626774,0.058726774720130756,0.5102671051416207,0.55793710494672,0.18593918437945864,0.18252540518705043,0.4136045269141487,0.0008634713468234504,1.1349735124600389,-0.08284131125811414,0.0050443337918876,0.40405256169331927,0.38714895245907777,-1.6186362596870174,-0.2969893828772297,1.6274080420115598,-0.9127162771668271,-0.3802708089456662,0.8839652949835841
-0.020355887702344828,0.026361777014126758,0.020919224791067018,-0.008121011299654476,-0.02934723411327182,0.026377472125341674,-0.03090432453218233,-0.005085768687938452,-0.0013731029098043596,-0.0026979376006181915,0.014846111132843478,0.004567513337136781,0.0006978404664431856,0.01814868471534336,-0.012106301837285643,-0.01573395590097966,0.006842460637727504,0.02677515867326424,0.009226674247246464,0.024955014613579928
0.24264345155893716,0.6545353888297709,0.033226216956057465,-0.08452738687812378,-0.36832774380941086,0.005713392700932565,-0.14674275071927034,0.4941819934261095,0.02566463066386318,0.009210271616081941,0.1396301769584349,0.0018789695176959298,0.008585034370984304,0.5464507356966162,0.790385577269045,0.0060171878397269245,-0.18866492862524786,0.20312301372382985,0.004625021853153057,-0.1337479051800334
-0.0002685961671468661,-0.0006128179080376144,-0.03100105620895019,-0.0026793286137583886,-0.006041611871308963,-0.0041533777104747205,-0.007475423261475732,-0.04827476491730337,-0.003551187215776694,0.004287022087417729,0.029830507981864235,0.012895113982212204,-0.0071265538488685335,0.03196787918338978,-0.03311976577242215,0.0047039967737571,0.002438533727539015,0.02391204744948329,-0.003381260560297598,0.8260663696340937
0.44499174275985093,-0.22259292682927934,-0.3028011971956229,-0.16990842515145196,-0.620221242391454,0.004486848344723765,-0.2663882382806673,-0.7698251450438541,0.02109960635859933,-0.5482724589529572,-0.02871942174563049,-0.02151251861557686,0.01910175752321846,0.531657382466826,0.4647771887939743,0.6561467091824036,-0.24312369673854836,0.9964792036937246,0.6526048070399789,-0.17260358072356355
-0.0005065000243209376,0.02116935372086027,-0.01174428073106715,-0.010007287565705618,0.042044622232244096,0.017264132529139206,-0.12010497587892004,0.018780006852580796,0.007185818316279973,0.017035580514256847,-0.031382339094477366,0.021105687749879237,-0.00011269096401130257,-0.023423010830996883,-0.00621275535300282,-0.0016455130817517585,0.03284157795162984,0.22414733787537877,0.00029149183058973225,0.043860195489286505
0.05273686884803205,0.047223698229760844,-0.46995522717479576,-0.045040404345909016,0.018045539495842422,-0.034649485999290325,-0.11366860252172527,-0.07462644308466915,0.013145850992898136,-0.044900601502378734,-0.6590321417693996,-0.003904586799426432,0.00028144234399148267,0.06444245802785419,-0.088620711295201,0.05487975302176106,0.06187536633295929,0.6314647710250304,0.562850382042606,0.17003131516149028
0.025433204820349702,-0.03930320861354859,0.009430318264564884,-0.017054654634072543,-0.016392302062416392,-0.0017597499984097673,-0.015242447526032335,-0.05946804136472093,-0.01590301916562021,-0.036750260975336624,0.010802532464829697,0.02269409851524753,-0.0013958815425540727,-0.0006741663519770191,0.04367795186071337,0.01905298194788907,-0.013221126854704834,0.03446863077339624,0.005643899924003078,-0.027088393876059255
-0.06778167859695883,0.039353932642229555,0.007354314712123717,0.064068678719519,0.06632319599438552,0.01337399808739025,0.005821307668715001,0.048813184936727705,0.005509253825940025,0.056799386940580995,-0.03111121612609005,-0.009725435569282011,0.015770451449347717,-0.01126242515930823,0.18232184173184984,-0.020090979785740558,0.024034128529797655,-0.07142166413329361,-0.04505118402119603,0.05028494670627578
0.0011103312726557617,-0.008773454292178434,0.0029028366773172012,0.007037837199028784,0.008753415236520226,-0.005528292151755188,-0.008466750027849218,-0.005463152535785388,0.013539404657862384,-0.0266756203174967,-0.0022237504188310497,-0.02045348767710952,-0.0037301644274586373,-0.01769071258303211,0.03500079035004287,0.01694163048454545,-0.02468027892880011,0.005573506534548091,0.016467482032886612,-0.016415047966406637
0.0027861528170393182,0.002722521205416859,0.00551949670996762,0.01469205093004221,-0.025550088653428456,0.019168374038796572,-0.006291975755540849,-0.012365542601501299,0.0033190989156890033,-0.053292216378372885,8.662368487538825e-05,-0.008762308708373405,-0.008229329866527073,0.03533706336586673,0.2723793592774145,0.019144331490354084,-0.01812712476850052,0.04374403357792494,0.030422449141107713,-0.021658760503880794
-0.012956875820614593,0.012465536731721679,-0.029465113102398566,-0.00212488938470409,0.039515651866426756,-0.025595784028770965,0.04148368405141301,-0.003881129270247967,0.004291754107294051,0.026866899335006255,-0.030206845582811108,-0.0076434331802710176,0.012554880254633586,-0.012924095685586565,0.6041066109244885,-0.004156414419973501,-0.0038383122120963994,-0.04984146122648091,-0.0011407578740072937,0.016438412731809036
0.03171847885510998,0.3624381002573761,-0.09165169724727154,0.2511177225801516,-0.24646247904326699,-0.0038598836390360777,-0.1498761534701899,0.21271318952670115,0.5276886093631564,-0.07408935795395588,0.03614327131879799,0.025330168567150126,0.005485053122333187,0.5047614363533651,-0.585685629493314,0.09183715108867967,0.0012145824797204843,0.21990212699769135,0.07949261595077643,0.03252233729682606
-0.22514472282308795,0.3984477446342583,-0.6800255003370822,0.24055672748891063,-0.11806865067924255,0.1690563073347772,0.5009341095885507,0.05440927053541561,0.2742600539968818,0.2850719122503111,-0.13473283270037892,0.6581138516072703,-0.005440868206891637,0.5319900209592554,-0.5046234728474174,0.06872368934157141,0.2539380221174286,0.1572125062883923,0.37122886434503666,0.26151893851391
-0.019724674044667705,0.010086725817886544,0.003110867223806156,-0.006335249310323077,0.010365261441726514,-0.0040488018628836945,0.5559113140725028,0.015632657851471922,-0.022653029233810275,0.008176984501888335,-0.018199020237841385,0.0010335534785395253,-0.012465225033231265,0.0035651710188083965,-0.03248207459377826,-0.014833175910362983,0.014148720852017033,0.005071857883860673,-0.012185393899155864,0.02515814666755023
-0.18003692728403425,0.10263144000964451,0.8172398662650973,0.06741634392600586,-0.6532080351725115,-0.012053758495750966,-0.15122069287730988,-0.26903240664246764,-0.00986271750422377,0.2311949514753048,1.385999840734897,0.0008215416402405284,0.01043542430070993,0.6747455491744538,0.0431642490489277,-0.01031603596442371,0.14462406174106265,0.23443913441753175,-0.09758892786170953,0.14642780353391177
0.009028587262868207,-0.012072829694564071,0.4771468113429388,0.0010471424446191046,-0.1914791736490321,-0.01984066926673863,-0.04869349015359868,0.01539633758362002,-0.016686930253808064,0.018744458124167543,0.49882500915231187,-0.025853356068054167,-0.009106245441887552,0.052043866019872445,0.033024838335543656,-0.022862397513203354,0.008999010770890024,0.10159227293370574,0.01463822836865213,-0.10574014898916112
0.001649750550853139,-0.03726488722195354,0.011407595796347664,0.004972483085309402,-0.03605668576009628,0.002608375954822332,-0.005871662599551259,-0.04151861369654511,-0.03158470223229619,-0.007650382706485381,0.03420535401466201,0.030949125163118627,0.010847068850890365,-0.004088266026131832,0.03188770821831696,0.022609603863827245,0.020598708988981248,0.03659888242160442,-0.00884305899825048,-0.020271665569705655
0.206188530875426,-0.11756374887968864,-0.10638534045985157,-0.09058033623401612,-0.39474432499196543,-0.004345403642149369,-0.14254251767578363,-0.38776324272821716,0.00010372456122120267,-0.2668949440764734,0.0666144916352941,-0.012709297548665174,-0.004381661871275928,0.23261814659354643,0.19209490004038707,0.2802145728368403,-0.15692298240468924,0.5054192753579297,0.24828962620556774,-0.04441652281449861
-0.8004880547476138,1.0477911016785044,0.029448122899657255,0.7166464024194786,0.7916125343174187,0.32200824265650696,0.08174861642099963,1.2011140738958457,0.8281732472192632,0.35151116753082196,-1.0796769582727916,0.004414021542190384,0.6276780018330761,0.4555427414754151,-1.5913306577333008,-0.2906006921001481,0.6480987232009531,-0.8067851906165705,0.0363037858351279,0.774577312564535
-0.14098892546026748,0.088962057360872,0.256990299285864,0.05464597185534879,0.12510623599603726,0.4555586030623513,-0.511780263219162,0.21580922892717308,-0.012610878022731024,0.1663078179815613,-0.03624262638417926,0.0030558146521695007,0.013451873224096668,-0.3174703399620855,0.20709663631518632,-0.0183173129131269,0.11630912236291528,0.26536896641469676,0.01827695052335266,0.08747358703995536
0.014167928498209206,-0.029617981499154247,-0.008713565166565872,-0.026098594009978493,0.01567308833519945,-0.016149145922222115,0.024643850098818372,0.013453668879647645,-0.013809324226728188,0.026278275945949017,-0.041405425423848626,-0.0026935591716025133,-0.029658637986767752,-0.033132354190884956,0.02263135666440996,0.012619063502694363,-0.010517829347491386,-0.010077003436208334,-0.015574133747357204,-0.028296167729482433
-0.03083167529455657,-0.011944806506762318,0.128342716645302,0.6671542575216244,0.2841577226056256,0.007026628438934819,0.05868286146351156,-0.14161203357039925,0.0037257832366717207,0.0012050047336230364,-0.09368015672541943,0.02523840326010637,0.003097339828912367,-0.011111228958254548,-0.6386135175247227,0.010295378374965717,0.022667650670505524,-0.17867724537537522,0.01436228390598159,-0.06755202307366245
0.05235244607244821,-0.002212625543450669,-0.006337869829211992,-0.007278039918120488,-0.6182336727187843,0.0027512074522274103,-0.19410889805239778,-0.4131263725039452,0.012609774860625991,-0.006845182067719828,0.7578996293698741,-0.00757624958383,-0.006555149738489889,0.947096665675902,0.16058841291876325,0.0437582318714782,0.002982922097867763,0.3590155827634894,0.032484647812679984,-0.07837227322096962
0.10336003923893272,0.65258722378419,-0.14781023624416076,0.37514235270504925,-0.4512742211590317,-0.0008484341158022865,0.27002825049880513,0.3216442040988843,0.8966240547509811,-0.14143997823345983,-0.36951147102234266,-0.02468297779396037,0.02081366897790715,0.8854012832782482,-0.942072659871012,0.16551086162327217,0.007321941999589809,0.40346892069048834,0.17022672520383286,0.20765502936487693
-0.05118123661657243,0.033194562856054106,0.17169192927422358,0.9794430226655174,0.3961673594951716,0.012471274674983532,0.27000070686456196,-0.2783070880664278,-0.021958623503859756,0.04190342921063331,-0.020845807267764305,0.07619017534230724,0.017685561363181185,0.038608060655897766,-0.9201423095346687,-0.015554474217055567,0.0577546072679468,-0.23178924793959654,-0.014122953110816077,-0.09859105194522177
-0.030893045407683884,0.003065636983723859,0.002093269767504868,0.007856839124607776,0.022559555755924027,0.010284609479208536,0.8089454453771735,-0.025972313813360657,-0.010766042244121494,-0.0018067111478630503,0.006284809415355837,-0.0004336166753149892,-0.0033873709705408792,0.04001262902002062,0.091738387900175,0.005339766696880092,0.0372009276418367,-0.024546079630072368,-0.002325696842102154,0.00816254050217743
-0.15938112453549777,0.12305615350899565,0.2948845359338423,0.07731101198471158,-0.027804645443079656,0.5181606390631738,-0.5868017028597315,0.18586322896524715,0.020678066226171903,0.17809026349591234,0.17530668614610118,0.0010457859088348863,0.002669021849616298,-0.09094046413032215,0.20684676154551654,-0.012485537855459467,0.15740694679916806,0.38325277217136877,0.049680946950276,0.12875667070752733
-0.013208651394338185,0.006899901806889026,0.00020548958510146695,-0.007715858545244531,0.04491031561114156,-0.011093274319952502,0.014245849088449699,0.04916338291104727,0.0022759436109118015,0.013379546381512446,-0.01322303908001735,-0.0037814911176555794,0.027368920677453418,-0.017976553732722302,-0.0051262915048256195,-0.019935840214527552,0.03379739287449466,-0.041497839007725655,-0.01639275354951803,-0.003929688062689647
0.022279597039861015,0.03827277288033407,0.13269756861350152,0.618108810817989,0.21590820007631886,0.004517212545664406,0.03547686480729664,-0.18781795909284177,-0.002648497507184434,-0.014834799069060545,-0.033305750786591704,0.0028994850386511633,-0.008350560431754025,0.051932392564311564,-0.5676541957519521,-0.01226811873641833,0.025683493896865833,-0.10094538682597076,0.016668744560390338,-0.07531897354035393
0.0032465782729829253,-0.006529505656731243,-0.002215165597379897,0.028025224247050874,0.01042726166185979,-0.002592786953255582,0.01315475773200626,0.02529251754119334,0.010978753783857459,-0.012916473699669005,-0.007217839671154311,-0.019355421840303522,-0.0007567707774444243,0.025705172482236846,3.614072438272095e-05,-0.014834796248302376,-0.00022216338630494294,0.014883626069396715,0.0266284880622831,0.009698400624862373
0.5404435581059814,-0.3987122679226921,-0.034597667967884285,-0.21360689191332027,0.10853847209824818,0.024211225456711956,0.0003639896602467881,0.49720643306764123,-0.010491714549951634,0.012287557392304777,-0.13335992294096383,0.00031815263595592197,0.005875325019199929,-0.37918769484547515,0.5307537746463891,0.015521358942880226,-0.45859504693800124,-0.02270398585638511,0.007024223681444834,-0.45792836309286733
0.5532881039318402,-0.28420865123494315,0.26415364276351466,-0.23687095051280185,-1.223328933886172,-0.017244944015900925,-0.45433453366743776,-1.1446833932931273,-0.028208925346325558,-0.6563543689909914,0.7381103346049989,-0.013915694539024893,-0.018093744504073105,0.6509377658126898,0.5122972577880419,0.801720746554765,-0.2992209349028714,1.4348664417375292,0.7381586043936532,-0.2822834960034682
-0.016195642241056244,-0.009161378996304266,-0.054794540211012856,0.010013657576387284,0.006231400265931233,0.018670546366373345,-0.498647807253205,0.025786560697345275,-0.026856390939909252,0.030672916704003305,0.08994677002788339,0.09353751159407189,-0.005595325822045513,0.006553435709460069,0.0114668637518824,-0.01420374423394878,0.008983236802207063,0.9355136571298663,-0.00032504951658087877,-0.013359042550407423
0.6411407951514516,-0.45912476635731025,0.1296971679579867,0.6058352813970693,0.46913633594928905,0.0029413534182252087,1.0294731272664608,0.004215887268842792,0.025899013402123777,-0.006244158297266196,-0.3651298532709104,0.003517458974890972,-0.0186720079044097,-0.3779406227567304,-0.21470908046314968,0.0019563258780905314,-0.5156389853209484,-0.2007661764454409,-0.0017803067063525027,-0.5959273942537908
0.01722652991180911,-0.0389589062566475,-0.008605075482839796,-0.01567861726438282,0.002687443548733774,-0.010197122841764305,0.02191935038963061,0.6454337276649755,-0.002985249075974675,-0.015881437209107674,0.005601958397222874,-0.0048620396629693065,-0.02169153855155871,-0.03563605557834963,0.04255837848012035,0.00797918243381384,-0.03677471202555123,-0.017959888771842323,-0.012590423252455728,-0.011958851240765558
0.006043398291056497,-0.026026782840923683,0.2501568318140983,0.02810911844883711,-0.07482487529264018,0.0091272330045859,-0.059405800189596694,0.0196894877871853,0.013165767306860103,-0.0027900892434943713,0.2281582162691638,-0.021063759090679327,-0.006888858928399471,-0.004856143664798612,0.040498586847002416,0.022226237419679495,-0.032226860455385656,0.04316860517285822,-0.0203122536399753,0.6369054021632757
0.00858394675615251,0.02224943620091962,-0.0037436598312301527,0.005079184619222002,-0.0011875034245758872,0.01669550047458436,-0.006991101568987964,-0.02015406756533352,-0.004635750525861572,-0.007391969352276196,-0.005815785944943299,-0.000785088480196359,0.0033769905469098107,0.021181993059054098,-0.017215689952540088,0.0015155443812775336,0.028319406471174736,0.01435935247337172,0.025485023306610507,0.006699748332654611
0.4008936865451357,-0.18218054406329182,-0.282709699805621,-0.19248821243921121,-0.8154129368235036,0.021395013684285785,-0.3589111393170129,-0.879782002844974,-0.020726388628385325,-0.4923124702057546,0.9249793693246169,0.013806415175003778,-0.005679690675619292,0.48991521453441556,0.3658811704560483,0.6248415089240407,-0.21351511993393993,1.1083067094539465,0.6012236972761067,-0.37889101691223326
0.041271971909942654,0.18212825244833775,0.40379800440571734,0.12671741210048965,0.035315926850770826,-0.026908052800744136,-0.0003041645217755091,0.3132521732381375,0.30196530578283337,-0.013664121061702825,0.2750450150205366,-0.012358679110557068,0.0024687780067807197,0.6548289385965802,-0.3363732100766534,0.049882654510084466,-0.01969619033477668,0.01553486808783349,0.064887321121943,-0.08876453582739147
-0.037602632808658616,0.04650436283531883,-0.03022314160426287,-0.0020321567408977817,0.03449271392368389,-0.003998275789849637,0.8520314529244242,0.04396792796382413,-0.01794800442940331,0.01769212020275511,-0.030255902183810128,0.012151682466082727,0.02949160264253995,-0.003919055047413644,-0.03389219617326284,-0.015058414162112132,0.04115171170273645,0.1478553898775135,-0.001715560052992165,0.060897216525630966
-0.008370138773700991,0.007135465005408623,-0.015192168586793106,0.014414452796874531,-0.07467504966603568,0.012487179372127686,-0.0301970587921676,-0.027849160152383347,0.03475750092127963,0.023134546418996885,0.10378723533911835,0.0067450115441444174,0.019093640218288757,0.18036262187595392,0.030077741294918667,-0.022786586963403615,-0.0062617483660647845,0.017299031042507865,0.00998116840945869,0.877355374463174
0.4297046089990789,-0.1986668233680185,-0.30931724697110585,-0.18222981282369338,-1.103952367251411,0.01603859545720425,-0.43594740226370826,-1.099967488635545,-0.0063990749075910226,-0.5471853996338767,0.5577293033872514,0.007603633994630762,0.012003747703420897,0.9858572478091223,0.46092695413697704,0.6430527748395725,-0.24762400045493727,1.2548983956622968,0.6146523718962915,-0.14148154902440546
0.023668569789544673,-0.021888596596775448,0.011662003698528177,0.0055206146338540995,-0.030151790782373636,-0.020184937119830937,0.1509662750327545,-0.03301816414720417,-0.031106935193394185,-0.0036417164753071093,0.037512513894870786,-0.016870890994989313,-0.020386485760152187,0.006047470078599371,0.028051710391768597,-0.007351608910010993,-0.03547760105564324,0.020989029160006778,-0.004111635010335073,-0.010960265410466777
0.013998527609564009,0.0026434642075847843,-0.15212423233630973,-0.017869642455246266,-0.03346287360833358,-0.005438333975454278,0.0615475892872702,0.4513860033851982,0.001625142006085962,-0.014591985432357648,-0.14942308976848495,-0.006914575620973624,-0.015293825014695337,0.02981866804662815,-0.009947065378638499,0.016743755715583668,0.04014742440323251,0.052149948746162265,0.16254577228365788,0.049292269690690414
0.05470937999842963,0.0025630935677528506,-0.018370697869551582,-0.01555977278393375,-0.09595400788726326,0.014511827598470918,-0.22019669996014016,-0.1024533767954493,0.013542137220006498,-0.07118474611623454,-0.022437995730668438,-0.029071784587172925,-0.00975675908096296,0.062719633229306,0.7205614344070521,0.08260314096876309,-0.017077139708084183,0.48494374918059874,0.08865939238107905,0.0009637058682811991
0.07342170204625431,0.5110817898098836,0.47315125326885127,0.3482798192892164,-0.5638523999705366,-0.022832834202656176,-0.26513284746369403,0.36405918012199434,0.8341768248397763,-0.1331132873017106,0.22081229526600443,-0.007024853835074124,-0.0011061863961808601,0.7802539511644295,-0.7613454782339492,0.14274866969630903,-0.056875652877370286,0.42998390902400496,0.12638545704905557,0.03847834407917439
0.017239396921752866,-0.027362393498309222,-0.022772169570423856,0.01803901763908894,0.03462957813364122,0.01017130023844398,0.002730772881338453,0.006574660132522143,-0.027644086024654065,-0.030380931661067936,-0.025499842148681343,0.025493780807470716,0.007657331972052781,-0.04016726689755666,0.0003803540775299402,0.008551298649376756,0.009071454513091253,-0.024703644871813497,0.01715067295097305,0.018769291978559505
-0.815237386849863,0.48579496589757276,0.12921291672717708,0.30653031879011666,0.9926657420815304,0.27136800266915156,0.26148482366182263,0.7485498459629598,0.011827446545961642,0.42629978770266763,-0.6649881055633687,-0.016098347778976837,0.520102024386928,-0.2355040230716562,-0.6568303062366779,-0.390207975908521,0.6302584474165828,-0.9936468348231235,-0.07051748939325522,0.5472871229939237
-0.045842799634255485,0.0620980500004929,-0.010811039444797822,0.008487567612893123,0.01841870732456275,0.01726178933164122,-0.010530127860669064,0.06898012622661834,-0.0017426207425293092,0.02001086767139694,-0.04846509194069481,-0.013865923667223567,0.01978791881521191,0.002758488400853307,-0.03864002138680991,-0.02068488650712826,0.04968027034392518,-0.007991257496203764,0.002055480187885263,0.031668490612754605
-0.03175634871083473,0.16012173162991986,-0.3392176088745656,0.09800256115210138,-0.18296123897041763,0.1956510966230865,-0.2819580897521235,0.12006075777889746,0.18607987988667518,0.04238690560384019,0.49628096617744,0.8065527137136614,-0.0008874330195701059,0.49071466315191303,-0.17609035968945752,0.030376923282062155,0.03739128034461693,0.23672690397728535,0.03010863892403176,-0.07333146432282794
0.010605053262800162,0.01525174774528373,0.019407377002708802,0.02017994326695641,0.016491379249078494,0.002173768157252579,0.0014733673340285032,0.02052625308058109,-0.017950106424708026,-0.0014195283229200112,0.6679737674003694,-0.006673496909814246,0.022825013713680634,-0.02220562669463539,-0.017332972767044468,-0.0017958860413045431,0.014728537126488372,0.0016927060915145186,-0.013036999297798538,-0.22791288347019875
0.5413673524530767,-0.39108991677425514,-0.046912042844144256,-0.20049521016798386,0.15158187586711694,-0.006791000791846251,0.022434473214619728,0.20169056616969477,0.005497495334779332,-0.00520846594595096,-0.2973554864448048,-0.001631504445831422,0.0022684214326850007,-0.3410626430184266,0.4885767244174897,-0.0030617418381339067,-0.42722285652456293,-0.05968557355690917,0.02957808680933407,-0.41212815524633867
0.0066489841161763074,0.009249094108584533,0.8843325498884299,0.03315837703185262,-0.8330904074453561,0.014427333238275606,-0.23622475449341454,-0.326177820938001,0.023467034462589777,-0.005393936976151061,1.5000410337605476,-0.00998468990430843,0.01597928852051501,0.942390904734426,0.16446833904340058,-0.005178322729242063,-0.00030054164912304317,0.40047628448668887,0.003948989490791993,-0.1852174488457702
0.004602429012846231,0.01897184567591241,0.12004760230239647,0.5327179263451198,0.19034423923424043,-0.018060963564934127,0.03881884464311716,-0.1053680083642698,0.009637578620684211,0.0006220744187823502,-0.005787547657589237,-0.026488925355462378,-0.012635957305129912,0.023762013020903024,0.4187652006948288,-0.0015392245559812555,0.004649007463054617,-0.09802834381169453,-0.005987866894932291,-0.053736708867852846
0.004788613496085337,0.0006326023088998531,0.037310432712098815,0.018851779334663716,0.03165162241162465,0.013060154957665647,-0.016722415988662198,0.019177604067309034,-0.000508206256618527,-0.009347029361419658,-0.009917985641784016,0.011001195056980249,0.02567264250335476,-0.030453667554802714,0.016184450360141274,0.02136926072933523,0.00456366288037218,-0.00532614353388233,-0.0020247423494139305,0.0010390683954039012
-0.053317914926253665,-0.08860211202384045,-0.2774139953075229,-0.051956271679823314,-0.05960606940773266,0.20216613353605958,-0.21535261014623794,-0.0361346344831826,-0.1721515415918882,0.08048952108107003,0.6660025290210545,0.8157728811014505,-0.011626669079738729,0.16283821765153167,0.16904205361573188,-0.019896833750443974,0.027813119476620272,0.13725011922802624,-0.029875798805346424,-0.13723545128294384
-0.00963489099619375,0.004468050144696771,-0.0042218761917266895,0.01789030960349809,-0.011332033615221278,-0.007332717440003819,0.028143235013822255,0.017253116132853876,-0.0005386097121960996,-0.025867787224612006,-0.009726761252094544,-0.011449715937493271,0.002936206992708575,0.015374783296353587,-0.031901050470901235,-0.027915692175886204,-0.010824222014178816,-0.026417302561732307,0.035889950734698736,0.005502067802817605
0.016545132872517763,0.012932971846050082,0.02975780442881428,0.00043524425519190797,-0.01126726201417132,0.008205389533072033,-0.032260420904591504,0.005413605753511461,0.018085249793765374,-0.014938282386486371,0.08219000018495319,0.05490703686503143,0.023764691415516292,0.02037936721366788,0.0024853348288045706,0.01257933542547188,0.0027803592792133083,0.01366009838583759,-0.010705451084002207,-0.041557459277333536
-0.11316085932618782,0.09527361479607549,0.26719315248482056,0.049865843313881275,0.049356011258431386,0.4333679100368231,-0.4932622393323122,0.1758626865996063,-0.01639866572953133,0.12108226752226861,0.046537022343649787,-0.003086688308628692,-0.004402257033940305,-0.2725596599070402,0.6656007677878112,-0.014926257136878236,0.10672615670958992,0.28498755088378125,-0.000289550088736908,0.054804789429881956
0.48722265922139024,-0.26899789131536794,-0.342936283396212,-0.1963689792244118,-0.9020841019272013,-0.007796641497132251,0.1647729306491621,-1.0079548348588436,0.02461755822190073,-0.5906608079262529,0.13491453780923046,-0.020441644603721828,-0.0010927083654094644,0.5564646122325189,0.7469625716345637,0.717074593810541,-0.28766712082223034,1.2080347325761223,0.6742014556895234,-0.15171414862223898
-0.015545285720446923,0.05022066015275729,-0.01523910182028321,0.0067466216687515285,-0.028679604103943754,-0.0020036353159992608,0.006015909270757064,0.004636718893461452,0.025293424351820776,-0.0070802580573780345,0.05205416537927948,0.023245657525757305,-0.0028125146087035085,0.05070521713511286,-0.03251050249690859,0.006133404576228697,0.008618367952417421,0.030081124255464962,0.0015976508559962079,0.010020444778835529
-0.23872264226283943,0.1586512753596611,0.5422564157992286,0.34055968625743377,0.32750411977299326,0.9027278269386763,-0.906931464392126,0.37135531149030643,-0.019179201121434265,0.30375822692102084,-0.07412883279863494,-0.02287038921683994,-0.008825931512835311,-0.5243206135365436,0.12919753927478744,0.006631944308394781,0.21066869006661193,0.4890937035842312,0.0655653462740652,0.09147304609220923
0.9364973821133364,-0.6257707469517143,0.32454204067440295,-0.3582510974223218,-0.36294005418654585,-0.00590210817792601,-0.6446583629152297,-0.10841563636086159,-0.0012838044391740456,-0.24110699119010803,0.1841927725420858,-0.012214782671314468,0.0012377394717177463,-0.23375660513928959,1.7747689583550752,0.26243848925653107,-0.7206851910431795,1.4394075092784093,0.24442063575674663,-0.72116012694243
0.025542703737995123,0.015506615094739114,0.9031834274787315,0.6848418529889696,-0.04280640248615921,0.029717823731432644,-0.05565176023789947,-0.16540973638196171,0.0029150225280319703,-0.004480408335236278,0.7430044405415969,0.008911738534270358,-0.00609721525397546,0.12925847413224564,-0.5684732827710216,0.004474137169968038,-0.0027671160026686258,0.11232616483918195,-0.0060203709300815055,-0.24981382032361976
-0.20333446183892262,0.11107996182972207,0.3615124420117851,0.06923223357843507,0.09361842225280341,0.7650343797881581,-0.8584348849297164,0.3113738472174416,-0.016571216943086626,0.24190448996641897,0.07471753099839745,0.10427178042546704,0.007525824910819914,-0.4191886117663449,0.3451455604108604,0.004931655260517031,0.14610023107268483,0.5028713754605794,0.07943667868315513,0.130702960580841
-0.06435369411899103,-0.023201364340530304,-0.25408942322641737,-0.041598206273900706,-0.04031434216050964,0.15380434166354243,-0.20164962694041344,-0.02595408037763121,-0.153839082118142,0.05948473833645053,0.5379365298531826,0.6963750333973296,0.02578477237203268,0.18502828683388783,0.1008085531311237,-0.031422251385388636,0.06838202675310218,0.15515576541476295,0.0026022927703853397,-0.12118889831186669
0.36741773252534926,-0.3096679798685274,-0.09392368604803228,-0.16900931234335473,0.22733867037058397,-0.0057391961555792355,0.07236505985145006,0.20395513825150818,-0.031913661339987784,0.5302771885193625,-0.2798607499055192,0.0033024146844356896,-0.0023706898618669633,-0.44226099903276955,0.48054422241859907,0.0065574923653398814,-0.3385302974072577,-0.27710170375652954,-0.21096464311994287,-0.28943069888958484
-0.515583999345378,0.4664844432609657,0.10512433928576674,0.22763230121685055,0.6261202962275106,0.14962025592150258,0.21023196258610363,0.9498779408396807,-0.01159392838482906,0.282567768738384,-0.4742852930880621,0.006462505311497005,0.3471685229593062,-0.06325536805717583,-0.6297831207227467,-0.26672022864842915,0.6039125586157218,-0.6829548117941715,-0.06289897390174885,0.3720869752452348
0.00043965232784431117,-0.0009845632663301202,0.021203541946391395,-0.0182964247129306,-0.5663930805562607,0.0006302560309609309,-0.12471947603444425,-0.35780164111160756,0.023956582190531824,0.0028289301393180175,0.7523219795171617,0.025610427599884016,-0.0026278621037446014,0.8536630622826407,0.13276704286550264,0.015629548332326583,-0.005420182605633917,0.28979139125256775,-0.0026306765241601022,-0.053020207626965035
0.6220511956709037,-0.14502387161942665,-1.1604530390886179,-0.24015791657251923,-0.32241116404889764,0.010606005512338878,0.6845768910655956,-0.9107959492992882,-0.0040701609238655186,-0.7746876648072423,-1.3556565048618197,0.015033296076521105,0.0012047668227108807,0.8160744737907945,0.9122102767847522,0.9255781633147485,-0.20369383742185182,1.146349595870306,1.7493431259761005,0.013268645293794665
-0.030067370870406278,0.4739514512649379,-0.038791674187974086,0.022696815511748986,-0.2209788214969964,0.0099938117972318,-0.027029908351151218,0.3612542439978911,-0.0035954030041680275,0.02518933419501226,0.08533746694732094,0.0034153096649525727,0.0170426850545676,0.41581115183638456,-0.22362736588686175,-0.01569691427809257,0.05285737956951983,0.10596882857531353,0.005368377131586253,0.26988956664550723
0.027967013707884965,0.055115213402773526,-0.44459804680442044,-0.0061835838291641,0.3062880680472482,-0.03140914145777442,0.28714205178402136,0.767179690044385,-0.005797076806815421,-0.010231140109433153,-0.39669074032468726,-0.0004929209644835668,0.007616362203581439,0.8463660711029143,-0.13120928767162732,-0.005472433060174697,0.046972462682155186,-0.1514799870390893,0.47105966187876597,0.013057562369599431
0.3352869313370799,-0.1303093058279423,-0.03427353582272483,-0.13860054075144979,-0.9960893528755891,0.7791820100895274,-1.2849018261453564,-0.8947676593421005,-0.03624766599845878,-0.41185915326432243,0.3063153157537923,0.16017748219462302,-0.004384128392547732,0.22297151218099137,0.840622161762576,0.8253991763513424,-0.15696455966885908,1.9152487537076388,0.8436530651761179,-0.08582839847041933
-0.1244664028265801,0.1845692972431617,-0.5892876965721411,0.055077201582512156,0.3599363705860597,0.19910415729993186,0.19881407356828648,0.543008451583712,-0.014304688127968685,0.10523239111925348,-1.1810366856626584,0.037938813647451296,0.05034592408038252,-0.09410422554787498,-0.2353593430588509,-0.07628194920225541,0.2665552600883565,-0.10526750864465782,0.8597307518040503,0.3541168092929711
-0.04145447583211235,-0.00014077551206462605,0.03513254761348428,0.018963974733367788,-0.005452971141380816,0.009023030522571748,0.5239462234465821,0.002331089393900745,-0.011806174958973726,0.013316319618584082,0.05792593879133427,0.015349276347678933,0.01729801071957779,-0.012166294081480183,-0.00938581634320204,-0.007730913348816379,0.030857730370829332,-0.01303164822714514,-0.020877579108420946,0.7617637459184506
0.5887396447099136,0.6901433629374969,-0.05447304309352111,-0.2515330983517399,-0.4970166719358772,-0.014842352773973505,-0.10131991947117423,0.48490244677842365,-0.008521611842542742,0.005378524802091562,-0.13033550691804982,-0.00639058024923559,0.0012113117791096666,0.601275247414114,0.266348511372398,0.014746374560750751,-0.02732444111535335,0.26023371345049495,0.0008818954440380162,0.038611558479689195
0.010884190437738776,0.005300944476708218,-0.16729804270634543,-0.01509391032067467,0.03277901726117256,0.0007278780589378281,0.5426146920336947,-0.012861989782416216,0.022274446899840775,-0.015102318625680627,-0.2841754947969852,0.007951008551612251,0.005067206324564255,0.035990303249038055,-0.03777404487126439,0.009436668911574273,0.021951359715966276,-0.007175429092666712,0.2397417200185971,0.09054599743425323
0.04520728607214561,0.6626476356510443,0.39892999005244145,-0.01963649157457169,-0.5839063959375516,-0.013216070336484875,0.05315266460525721,-0.09687150653566536,0.007123594560619343,-0.02643231397808388,0.07761699804574466,-0.021012882300195306,-0.014408190524934049,0.6929642238563374,-0.701733351555087,0.008247715064835863,0.7661659859358891,0.30252714383393237,0.5395395974509501,0.14206902241370872
0.01805696666088287,0.013913888342181907,0.00984267077731671,-0.003796425625473639,-0.02613881965355516,0.00460004903667698,-0.03174005652101802,-0.002667219159707231,0.017757863504384776,-0.00620776277047776,-0.0029519854238660576,0.01607280483907666,-0.025499793550658477,0.004813895191152559,-0.0006222060918631288,-0.003396956969117605,-0.022720146213938697,0.03158659633596634,0.007635688237450146,-0.006765709627861143
-0.022095216460377883,-0.007748502357431564,0.01602487060283344,0.02618244418307207,0.029263432032453792,0.015164518602970453,0.0034166335024830474,0.03512131559122123,0.0035528930960255158,0.0223607200530688,-0.02300069929097281,0.037616225745881096,0.033269216132775906,-0.006479029319854199,0.005916585536093722,-0.019119853469690105,0.01679542029737739,-0.015208231744867625,0.015194942635484994,0.009121548694689846
0.0806551823983063,0.5001172352579397,-0.11519060131026335,0.3096619738483231,-0.7556263388793927,0.01739002077836317,-0.32220196089049336,0.08343551016123954,0.7898607469270518,-0.11026790590033,0.2188505095793521,-0.00384928730213379,0.010648870875115539,1.3804455031572125,-0.6716057985082751,0.1325153372396951,-0.06546777057075898,0.5211436637090324,0.11366997452102003,0.0954307866731434
0.49532204105152805,-0.2587373321943271,-0.39350363228373814,-0.17557484775746307,-1.0213018540377012,-0.0002180393839612653,-0.42270395464344884,-1.2193564065835865,0.015095597507905607,-0.2878686036210643,0.10259783271491632,0.0038344771991335805,0.003039259077179041,0.5281663768369349,0.7361584518492981,0.9021373947847983,-0.29906611440502445,1.301882915340714,0.6732613102000123,-0.13993796162318098
0.26779176933966575,-0.10669791462118801,-0.17859884622786315,-0.10724855979358335,-0.5538644812078847,0.011400183920658143,-0.6399536572420151,-0.5943120201080474,-0.0030551297537367832,-0.3368976841256084,0.14661949018541173,-0.0020876503104699587,-0.011203805807869815,0.31705033497182383,0.643298523829578,0.40704577553633803,-0.13391069842159328,1.4881080903315802,0.40341090739525637,-0.07134802600198045
-0.009508533297282316,-0.014157729762914436,0.00013875460400334,0.022875680475369732,-0.009363635690676761,-0.014760006122614175,-0.004406420981360633,-0.034720648610526754,0.018627702467320238,-0.0041836623656015095,0.03440154736523379,-0.012308754065907614,-0.013495897199424784,0.015295628951430704,0.012479640278893133,0.017734642144053885,-0.009872136752358285,0.024077445262076655,-0.004940712214628636,0.00022616387642344915
0.04900582875285569,0.27033333826553346,-0.02419676746578568,0.18922231146998858,-0.16986172535398625,0.024889277750957974,-0.12943132305460342,0.2082189480936144,0.466069468386457,-0.06587153428177826,-0.23356218831220865,-0.0023908411192802553,0.0164357044647495,0.3354892452081658,-0.4065144266639139,0.0672943385661634,-0.03525409320254159,0.18390811493568754,0.06564032691276235,0.09282774278813566
-0.595132942995419,0.8138963326968451,0.1770601763548911,0.5734860588366725,0.534099555454491,0.4748952175662686,-0.2608624732860558,1.5637961694398606,0.6847814500635274,0.29087737378064177,-0.7876054497457524,0.0039028686544940873,0.4284123996056565,0.21512026790266503,-1.094423874849821,-0.17631231940387132,0.4904912877401333,-0.36440414000798044,0.08283944492503018,0.5848154619655925
-0.016254534720360116,0.012363561401139169,-0.01267941316710146,-0.006974480515419277,-0.005709543982043222,0.002049228049322319,-0.008239731526464383,-0.013521358933089415,0.02519748919190575,0.004215384463855157,-0.04093359469474274,-0.005309755560034066,0.026970863646546557,0.009338824947335705,-0.002128075545635443,0.01678243150442188,-0.02697539143897053,0.0042241750645426,0.013994938880146888,0.025296011200189403
-0.008795072413318734,0.005254940629103076,0.018369565017406872,-0.015973945730149108,0.04628217218581695,0.0014103660230858934,0.030823794600567868,0.039667577891350815,-0.014396401515739097,0.007977554058873732,0.015962493630853586,-0.004519916769353134,0.01022092219734018,-0.003779736514555713,-0.03210498940037488,-0.017312505040271754,0.03550189108138567,-0.03569597098080221,-0.008379482407498617,0.015301709518427978
0.31524012630342546,-0.24462086700757174,-0.00018103733600477023,-0.11343951091487788,0.6981078634137139,0.04561560930827499,0.12989209466701254,1.4706566483766745,0.005988601786466864,0.008393788496385444,-0.4989367348989915,-0.0027354326535562116,-0.023689773031099898,-0.2550578488212201,0.1686949504881641,0.022100944626946048,-0.2572279368267101,-0.30423659535586006,-0.0021007495001448846,-0.3423765310438716
-0.44797784082876024,0.2760105803322966,0.09129833400321252,0.17873336410582527,0.5546747414918924,0.16475361232578967,0.1419874411514203,0.8841709549523717,-0.00016764999708409993,0.2367834536134389,-0.3585870723183632,-0.008130748517282751,0.28821124227806516,-0.08856654165540095,0.5370131566591343,-0.20564375731481058,0.3460853320100284,-0.5523122601361522,-0.024327393600804954,0.29695771740492066
0.007853642572329707,-0.02403456593446708,-0.011853326849565388,-0.0013734973064911341,-0.4034007580170106,-0.007395188732403498,0.11139403252286051,-0.17123566349435776,-0.016649259473123935,-0.0004807332910581538,0.5406583892035198,-0.01429817015785858,-0.006226379647367594,0.6261422240799909,0.14904831817143516,0.004782814676087566,-0.03960662583603823,0.1683697186359424,0.006828647902703524,-0.04282298139064939
0.004972403618798947,0.010360832954162024,0.44388152131629655,-0.0221516139777776,-0.16942164374118784,-0.006442497150346189,-0.024914250600744477,0.018034945799915672,0.010199020919825481,0.011675441138690571,0.44758769306090673,-0.0034437704814945743,0.005918233122840124,0.05870242924747697,0.040361194349118334,-0.014923837216365289,-0.015313753915714946,0.07227005184213137,-0.002013327919103693,0.14090085113742842
-0.23096253898262933,0.21400679550307491,0.42379010774932496,0.09063148128377375,0.05183354283111707,0.8453163183436219,-1.137323805892125,0.34312986692239206,0.013909082517522736,0.2574785289516804,0.03288819909245013,0.03554632680415322,0.012591385912737812,-0.44685944196166905,0.3428961960687395,0.005739797754171511,0.19404648101779026,0.9932081589509302,0.061733545396136846,0.18082765088460925
0.0010872575853646269,0.018104495685780094,0.00944750312651229,0.011685245371937394,0.005419719791665098,0.002967961687152081,-0.06877472931470935,0.01504247602729445,0.014643594444786232,0.0026364781158086277,0.04288497163879115,0.024422157369816254,-0.018223965174090133,0.014649117011175316,-0.010188399365833375,0.013342536906747821,0.002432185668637109,0.1428336490424674,-0.01890881997584382,0.002687357318554871
-0.13467138738642243,0.19784325694265614,-0.17853511601577632,0.0519460526299547,0.15142125215425106,0.41081691699294925,-0.21733463653899537,0.19783519861985074,-0.008097935025225914,0.13434596351906658,-0.6365249155423633,0.008247908387727557,-0.00679860656482633,-0.2065556257385856,0.035724481660748215,-0.008920218463803985,0.19547541542108846,0.20647567024239757,0.5125294870457415,0.24910506187367754
-0.008819069249607086,0.04905431614385487,0.03721127907184034,0.005753959227850287,0.016440225872943724,-0.015413598912735058,0.010456463100209347,0.04355068405332586,0.02094257006672759,0.016641126834297443,-0.004835052478286302,-0.026172532884303892,-0.0026645593553750457,-0.006345141119317409,-0.019435119841157478,-0.0214273222958571,-0.011289408415516419,-0.034389507569216014,-0.011887861127450163,-0.023773173664389226
0.05097751225158978,-0.02167289275057978,0.015033374321871929,-0.029425598169141608,-0.07088212163371235,0.010548794119151503,0.0308067719356338,-0.03645132707855903,-0.005539639983962683,-0.013715404753750915,0.052389226550100296,0.002549227216407759,-0.028485694216270434,-0.017868990741048085,0.0468002831721128,0.024631489298756033,-0.05175020536277736,0.05920722635273108,0.018490975559189746,-0.019326114894311432
-0.0073524495266884034,-0.01678809539373902,0.018592509848107237,0.004278187002650065,0.018017397148616908,-0.0012460813483246482,-0.39522529056419375,0.013016798922805021,0.010505130979926572,0.016089217816247014,0.18085141539928207,-0.0011568805138092147,0.03545228889934611,-0.006788736544809263,-0.02133765412991278,-0.03149245113839072,-0.01998114303291478,0.6992545767350974,-0.004265612806019135,0.9240748158406289
0.09206691195118287,0.9147164887444936,0.2729687501951235,0.20203135136068112,-1.2638165186899946,-0.004787548840620627,-0.39952911518631096,-0.219694618692647,0.5257434702661425,-0.11260072852269347,0.8013882598262956,-0.008872497487593107,-0.025481814212872704,1.9014607832291766,-0.9949826731700108,0.09922253981957202,0.6275488480508472,0.7453825152053342,0.12118744378724317,0.1300340483694837
0.047563317001321485,0.26352348254678476,-0.0516561484136598,0.17696748047732913,-0.21825561559184536,0.015920715501200854,-0.18260124455587046,0.19739671336047135,0.44127745494467313,-0.06898881154807046,-0.16767324642743986,0.01589225692989123,0.01141357656494037,0.3854101970979794,-0.4316468241705912,0.06975895515752119,-0.02362287506470321,0.7565381560338665,0.06069476935809321,0.07585635719809429
-0.16376966594698006,0.4891305996728618,0.4436471836751299,0.052832233694147114,-0.14654131751534832,0.7577385790483918,-0.9166749632535912,0.4891083928578721,-0.004685674332182854,0.2118945242561086,0.14751670823659754,0.005779909588169679,0.0012489067213903664,-0.1464753170328114,0.24628058818339083,0.010954683298689726,0.12028495906491342,0.6257458288034788,0.056337638730667744,0.1410400636745719
0.02060140183230203,-0.02058777586026454,-0.020947523526179866,-0.0015023898913764525,0.3580257072138941,-0.0246538354759758,0.12104782725356497,0.21252860996989914,-0.013220778432191362,-0.008620828450562166,-0.23454667385030406,-0.010828499596900397,0.023530333349193782,0.009159772874555496,-0.11266082313909366,0.004432828643590106,-0.0028660902140210036,-0.18204448959714462,-0.003849310132251789,-0.08051599146071325
0.8411722229279213,0.4115758996331684,-0.20176530684044278,-0.3268284142941616,-0.8309832093239833,-0.004133748616932419,-0.6993892156276663,0.02920105394873993,-0.009349089692104217,-0.2947573525499579,-0.11152469248050009,-0.02251685063842628,0.0038092613322684944,0.7227369801928949,0.1758319439696813,0.35874349697524466,-0.3217806236302691,1.6135315561118346,0.354599803699076,0.32120473804537314
0.010680545868478396,0.2682145832989264,0.02176119432746896,0.018368753831257873,0.5681893451354759,0.01370731463347982,0.1128933569368423,0.45763732224387427,-0.03075644606721367,-0.015889611151321183,0.3421523472763784,0.0022071416669936232,0.021570222510789314,0.20764145316932067,-0.46933757132728154,0.003495923451235004,0.2968668193417962,-0.25914398271453826,0.03300792467611268,-0.3165120125726448
0.0051474414839332875,-0.006530903221818504,0.44942043714586905,0.005431192387836552,-0.17621861260755134,-0.0018952823134587861,-0.0531108477140646,-0.016828721745182254,0.01942516113235613,0.0058714824628285115,0.44391043774112754,0.010913196247596117,-0.006788272199340192,0.05538463102562696,0.05091462766268462,-0.01925314085280684,-0.0008489100824636128,0.08696078870351222,0.0005941076933883727,-0.10306581677696132
0.9445447466107721,-0.034295575567128866,-0.8163366113529289,-0.08615435846845593,-1.0472940209812391,-0.014899855801610542,-0.3271607176750276,-0.7068899424152584,0.599292073586857,-0.7051758304086323,-0.8859468208716486,-0.014030380938417415,0.002436783107351922,0.8901666796376245,0.48964217636794366,0.860180715442282,-0.5380163017768239,1.4218916147847955,1.2823214407730528,-0.17479555582859618
0.0027825141087217935,-0.025269429452044745,-0.01657150126331955,-0.01613803203304121,0.028975877765327385,-0.008434903252358997,0.016719925817579126,-0.0473401027381578,-0.02272564294669156,0.025777475898712484,0.9358387507054123,-0.007201621000899804,0.013320253278742328,-0.034369583370677796,-0.019160548833795345,0.0041373630508623,0.028957056080961323,-0.041094655719462934,0.004788653323502076,-0.3104153041775579
-0.03163124159502146,-0.007668871958482315,0.004208627885375705,0.017197137193323723,0.02207087551707083,-0.003844757288312183,0.004003080948534108,-0.02016219710292847,-0.004648848954007512,-0.008058069829776885,-0.030877507756441925,-0.023773977932404405,-0.009096684029854767,-0.019294917305713588,-0.002654263654208443,0.007994391455817151,0.009981460144468036,-0.034882816421418376,-0.019438283208058266,0.0013183679595914124
-0.021881219752617764,-0.018683311563669404,-0.0117834049545866,0.018132944533365367,0.005229023501920856,-0.006434431911310226,-0.004265954399019011,0.014166558129355087,0.02238124069352613,0.006982622194130337,0.016782743286358277,0.0068914288767655835,0.00798051427478192,0.018124030467681473,-0.052826645439335115,-0.027549802852548173,0.01998358419891213,-0.021834010774775613,-0.025298259361136652,0.15686808592044976
-0.7906732229038768,1.0897969095403715,0.7743781649272451,0.740705337152466,0.47863470711449413,0.2838320075606645,0.007472119887561442,1.1948509579660354,0.8861849862568749,0.33614792420070083,-0.33548240404385193,-0.00045378216472929597,0.6224425332288931,0.5863295196989826,-1.5736059562158635,-0.27802358253931014,0.6444377376541361,-0.6525389212274889,0.024215101142705874,1.5582121195177157
-0.4385832779287889,0.5662186999021804,-0.09453209005336195,0.3371699322685784,0.3048115990501795,0.24626531997952336,-0.025316971991282702,0.4131084945174905,0.4081337773306503,0.03485546827300744,-0.7199224544182374,-0.0030855104269627096,0.48595157518137,0.3913100523588551,-0.7821128823186406,0.05952857729732457,0.40296332924651596,-0.19161979925325198,0.31524870926773263,0.4802878615838584
-0.3989821807985713,0.2577171874625484,0.09600001693204159,0.16095921347693615,0.5536348630443377,0.1536613574974785,0.1531214993446391,0.4150063130886748,0.009155724618938392,0.2060316928707145,-0.09394763237696202,0.009972657079762701,0.29257487619120454,-0.12111944076742265,-0.39565733957977806,-0.20827783143177753,0.3494380895339443,-0.564559197607893,-0.04708060308780314,0.2095841427416846
-0.002240521992266608,-0.0093796668607021,-0.015039689089824842,-0.00530205944185995,0.02126258899308765,-0.004542762728025741,0.03648719718016046,-0.00018600559254994178,0.02379302850162547,-0.016713932551723695,-0.03501342416059635,-0.008770271614276714,0.0008988182876396812,-0.024971108857396895,-0.025980627669128557,-0.006770636993093956,-0.009866307582224006,-0.03179185068794619,-0.0003138374554426202,-6.937878335986432e-05
-0.0012842159900332117,-0.03095737576445174,0.0003302535677172603,-0.0025737449756116186,-0.011713630644616384,0.0124328829101375,-0.032247681607751724,-0.011787855462642785,0.003391805555699078,0.026875027661722478,-0.008171556826264928,-0.01672628996960922,-0.02029554173696789,-0.0007171002117969498,0.03624471682599195,0.019413461211559114,-0.012250729336261479,0.018397586089521047,0.0025976627528290818,0.8465974378195817
-0.014970648926656132,0.009180822629917122,-0.008136987048871927,0.013559245891196245,0.04742066178104627,-0.0023936003821694377,0.009015567846578042,0.036799012715780524,-0.023869786690102698,0.023606190626152854,0.2358223502377912,0.012917814143313928,0.001840997156897518,-0.015729996271243246,-0.009711550791378615,-0.019388629201967007,0.007175549087135116,-0.05631716706060346,-0.008633644923993608,-0.06471632878526755
-0.8885027150454562,0.557066789780871,1.0127370817025922,0.3680519332527437,0.8094899658351518,0.286228342145697,0.2579403769145232,0.8490523248806706,0.018926295818824886,0.4817559469977949,0.04009276904442507,-0.00028805684211660916,0.5987224139333591,-0.1338110705678152,-0.7320726097053071,-0.4487234370453193,0.718927168660396,-0.9960521819132765,0.033497610807242326,0.887290598632044
-0.009098759210819244,-0.012631289815067798,0.6175881821328091,-0.016095078281199812,0.023981070597324402,0.013324139816714625,0.14714706329929117,0.1429646375646804,0.0026158986356783105,0.011176754522430526,0.4485627116785636,-0.014662881892278466,-0.0013978916448593951,0.031329771285546704,0.0036753664242335105,0.0026701622101193536,-0.024010407622345426,0.00560261236333616,-0.00882885985210121,-0.13610003514382507
-0.06792986155622306,0.05224985587922505,0.041993497135553545,0.02344570652818967,0.07781719356433271,0.06116388184684223,-0.00624548247329182,0.09011137156995772,-0.0023032551598220954,0.023010025355253608,-0.026891707959805687,0.0015793689738627693,0.024746305414110183,-0.0022914509336485044,0.16401745959508937,-0.02705719370706239,0.05128084823496945,-0.07349728678005221,0.008886742110589686,0.05399093681497404
0.09359208002372921,0.87077180628403,0.2528049696782195,0.27875306299704816,-0.6982731838457816,0.02617390462753129,-0.30520621112115615,0.2507294272414496,0.7426676892050924,-0.1273645324630833,-0.027093251336413042,-0.02421665057738975,0.009770158613664613,1.0433211788303982,-1.1500167754786828,0.16844258225468609,0.40044986305201646,0.5189945242211246,0.16317715783714204,0.1778533966640991
-0.02083543398572486,0.01953169047667766,0.07225129424202792,0.25686754641003895,0.11251414149876918,-7.682468125769226e-06,0.06028119794580625,0.33595929047335715,-0.0009536706357563011,0.021857193728817847,-0.016502851939236864,-0.0008168970210480613,0.002535173267212214,-0.00043600384644483167,-0.2905443672839462,-0.019048177180293484,0.02313815311523476,-0.07842606844808563,-0.027267838708197774,-0.013084973512251854
-0.01650071838170909,-0.04708125296035669,0.14186210331905885,-0.02461550666104254,-0.12134408637662933,0.10004323742238173,-0.11122394439937239,-0.013820809873020975,-0.09188184215702963,0.03714658807379433,0.6532585524307468,0.41156093435675817,-0.0006640979249343698,0.11892058266743606,0.1260064431108524,-0.011716955531030502,0.013340081692795734,0.1154579508254307,-0.013162000689574469,-0.1352265392925355
-0.02942021122771331,0.037896862383529795,0.1036690463600896,0.5373177092336486,0.22681553020772097,-0.0046027980215784265,0.027655689050072665,-0.1399784386691327,0.012820931735554066,0.014258589307584762,-0.06604913203253751,0.02079845597100373,0.022279138010298155,0.009547891335325683,-0.5208638739093503,0.01128619174809059,0.0348034502946634,-0.11934841809741671,-0.016816777323730766,-0.026141819405667614
0.02502716496135194,-0.11733230578986334,0.10079754060074475,-0.007518492811247472,1.2715063687023918,0.2972767592038376,0.815283722721962,1.15860777421186,0.008096155365048636,0.4813814951370974,-1.1048988596667568,-0.0005495407333259358,0.5780363856502816,-0.8452903939029375,0.10022521919951295,-0.44333759660678895,-0.04120428522590914,-1.1942066691466124,-0.09419309315692197,-0.072263096395271
-0.010656593896222628,-0.006006279926981796,0.036013452329489805,0.011256511006876642,0.02920854868294781,0.026602842295225235,-0.03714773715251651,-0.017915920529349365,0.007134001436839323,0.03194680800266361,0.003911077087120749,-0.00532910601326434,0.003959357722836624,-0.036843550306957525,-0.015580800720049675,0.003079972307509459,0.005087937584558006,-0.0038797175802795084,-0.042692629289203365,0.47207127096894
-1.007166143341115,0.6762494954854538,0.023610045974432437,0.3878398218158246,1.2494680454539762,0.43825635677662766,0.3987056420963243,0.7457369337596969,-0.024513642977153808,0.3145935872004129,-1.2957465722870534,0.0104754700040764,0.8781927374613752,-0.03873506529709873,-0.9485550084069702,-0.23572117545922616,0.9469104746255291,-1.013256825626733,0.6593894037722765,0.8166549030889285
-0.034904986055455965,0.005530280375176033,0.014723492849398829,0.017022770931110293,-0.010001579269453848,-0.011593029002248288,0.009609675407289383,0.17427675671493217,0.002912677487195096,0.01274286660871449,0.012160360550164465,0.014516535887905283,-0.0071945304099020925,0.012940914791605633,-0.029982248879864667,-0.016211462541222972,0.014396292884222022,-0.007265175219460927,-0.018931816566470312,0.03259545020594476
0.8187644605472916,-0.480392753834253,-0.0708749939909042,-0.2758375255495327,0.5782988160852709,0.022554329494543435,0.11393040319746403,0.6478906955070146,0.14523197111206074,-0.04887743054511432,-0.7111139748978806,-0.0031355714081164384,0.012064843144989464,-0.35921927043567164,0.47508742112605457,0.014438598568491737,-0.6541501347445217,-0.24818163209100202,0.010751543206520574,-0.6466209674504793
0.013710964175617815,-0.012664305760890553,0.007097030141179582,-0.01883251334895338,-0.07780211661238093,0.012858232741429589,-0.06411456411723267,-0.02907227066764716,-0.0006298268323726569,-0.04105435242753456,-0.01532481099060816,-0.021196241893653992,-0.008712412497431467,-0.0060555041986681424,0.050326936178533614,0.021654781288453943,0.00886460037103882,0.06916848400507783,0.02856411542516852,0.09695765709782533
-0.028102868936666872,0.22366105314432566,-0.2849955639945549,0.004750880835168879,-7.510517791286652e-05,0.007755066341147667,0.10847947186097658,0.08278604288111079,0.011134651682880452,-0.004507906616575897,-0.4073046846529987,0.008102670009036172,0.014022662583574406,0.16815958660917346,-0.1674618647134871,-0.013889837754118877,0.07266195026184814,0.0003794710786871377,0.3369544363975972,0.12878567446474032
0.021958331867775308,-0.039772841996973736,0.0019367725673913525,0.0033130918929774357,0.007636171187527837,-0.024909531551953842,0.001647172453384851,-0.029167092456812666,0.008240939662005595,-0.03326580943067953,0.02562010147554386,-0.010046396753751559,-0.011193971526390649,-0.020002155352783713,0.03570492671122406,-0.008107540236858972,-0.041897859968241954,-0.010241211302141364,-0.01800822458042229,0.7810501097087456
0.0042137548161756,-0.008108958485920702,0.022887279684993902,-0.009821396342519054,-0.053292370430532934,0.008457673916183614,0.005260341240394963,-0.023184180418154662,0.0056742333967104664,-0.03562744722473087,0.022449977389521494,0.011111547894324931,-0.0034075766774243244,-0.002419597564510101,0.025342547306242663,0.00016018156998623499,-0.003454016016978942,0.022649442609245438,-0.004955249527085691,0.02308174370593031
-0.12800449550587845,0.1343353692776503,0.01990786073963237,0.04834105809569348,-0.4108960452960147,0.00538145701653373,0.8602867838449164,-0.28061591452593077,-0.006700127252714709,0.1868254929494053,1.288538200512407,0.002233868936683002,0.010857140841034592,0.7052254054927497,0.028055980603304193,-0.0043617904220228584,0.09151393548958464,0.16491891756041058,-0.06803772218511103,-0.16052989130168505
0.9026074909640156,-0.5137766795377797,-0.8734200762474794,-0.3618443016866991,0.45661165605011245,-0.00595017357346562,0.48473230573624043,0.360772542230054,0.009816410475379308,0.03428920218955488,-1.7422160974596528,-0.008724923102963205,-0.0058634393889495165,-0.594608063778676,0.6165970224082025,0.008187774088443536,-0.5930626387603937,-0.1330445298270731,0.9335217185831773,-0.36305129049135815
-0.03680117295010845,0.037027872121253885,-0.010872227946097802,0.024285364146331957,0.03365389094133371,0.016637621245986896,-0.34660897773493765,0.054008413733593906,0.00748902681948365,0.03556213601663477,-0.03257208911694691,0.00399044244058425,0.03408488477507042,-0.022641839106337283,-0.032021736408938004,-0.039276486014155974,0.03028711199494983,0.6286006995483637,-0.007752172827774873,0.03165067304319345
-1.3258070434041946,1.1080965292119915,0.1190820687268634,0.4869449043615038,1.429856199543989,0.5314448951234811,0.29118913063737767,1.2123941958089102,-0.06360004321775899,0.7544451204345007,-0.7458176707243834,0.4024566534449504,0.8599924503418672,0.005597133199971903,-0.9642306597269321,-0.6794277050930843,1.4660792217847936,-1.5087391720660142,-0.21341764291765533,0.8782474809770106
0.02468245799072087,-0.0288645881245871,-0.008528523901304073,-0.018015392362580436,-0.036830961082098664,-0.0009605064274672316,0.014127159062897495,-0.025370720984688136,-0.005302547160902307,-0.02055246841562027,0.03432184570446688,-0.0018857349436956642,-0.0018399883323586674,-0.003954602847389894,0.04618966150985154,0.004281567543287438,-0.034276971958228326,0.05735444413741402,0.0180071100017122,-0.04446271736349318
-0.02683206166499184,0.532172960062858,-0.00337212710726633,-0.01867295800436011,-0.2410190691404975,-0.003876547225270744,-0.043057191801099584,0.2736981926159036,0.0023410161175471083,0.051638277804232864,0.12163028172242756,-0.00029228107698200153,-0.005475679218489285,0.45431415886680604,-0.20640101582188186,-0.026780384253943516,0.051272210079086,0.08401717426639763,-0.01532559963128061,0.08934831454770165
-0.3196281138841875,0.1893166086383377,-0.004585174645081968,0.1195146420542486,0.10255516635162384,0.005920024163200625,0.02881326342474536,-0.03960963869442852,-0.015596955988114128,0.352166295868186,0.0019790142910765425,-0.007592812101459709,0.011151772358704891,0.015532518572198489,-0.17309039050047662,-0.020502850975908184,0.2206527899142445,-0.1735269696126877,-0.1296243542671536,0.245359115725529
0.1422843918254947,0.9881072698026113,0.019567024739899692,0.38829594175365395,-0.7372361251013353,-0.0011762969747874837,1.014249838731847,0.4327852646616527,0.9679243129584821,-0.1774043094578528,-0.5889756242183526,0.0018671393899647361,-0.015005335155768539,1.2416019865839967,-1.1700659348898372,0.1830041593269779,0.09934360626546038,0.5982769775851671,1.162117169250734,1.11912451378409
0.03271714853786606,-0.022742536546982866,-0.023369698014089536,-0.00028767516842561486,-0.014404624278644435,-0.02173498964258228,-0.022334646154152184,0.0017702099913747375,-0.006621592287223576,-0.010619801893623618,-0.005115260126357192,0.010011473443110841,0.0035453905396466093,0.009599048486247791,-0.013943015272424867,0.029276811231378735,-0.04061109620543099,0.012551976118112151,-0.016281213245977373,-0.007991702983156183
0.4823184104995437,-0.24262904009637823,-0.315199078712051,-0.17774695476005445,-0.8646523282592835,0.004684048641611486,-0.36898722543762225,-0.9932129575890847,0.001371709183663823,-0.577469051444698,0.09944236310930826,-0.013295963298767685,-0.006150361013548003,0.5282259524029485,0.4195026265568458,0.6981927984341607,-0.2718900719543963,1.1724753342916945,0.6943755148264491,-0.12303227915590464
-0.1987964815380378,0.09762229223846056,0.06654231295278681,0.053424259063458976,0.6751381096241699,0.2041164974109921,0.21504421000169674,0.6158300934360043,0.0006285061084910486,0.3167194666762889,-0.48261405121390777,0.0004546661961858981,0.3853671972085312,-0.13103044242144246,-0.10557085561679794,-0.29414803252502464,0.15201537061158127,-0.7437489497998931,-0.04639285434074911,0.11746507167298287
0.009482872722631066,-0.015525628592568357,0.014695445228387026,0.011741841291878436,-0.007115283037201522,0.005170932838483046,-0.02432220488964201,0.011296125653194471,-0.013752260194918296,0.017545901523019387,0.04001052585992468,-0.009564664610213613,-0.013853908531967928,-0.03004463257133385,0.05480899341893092,0.018246920416773733,-0.030209601828742598,0.0401555068583514,-0.011581624773332619,-0.018008448401630683
-0.14647787766606626,0.11256715954082763,0.25452816623852437,0.06585431888738104,0.06729267333069848,0.38641755105381004,0.5813571545458656,0.20728614610184387,0.018285023870746844,0.14966654617724706,0.8704856192379267,0.004386882067375109,0.0005809141797423409,-0.258425602823409,0.11248824433989939,-0.047518821751996926,0.10802834542110999,0.19714571473136705,-0.004251448249671983,-0.17267128622776043
-0.011697596161138267,0.022382928016811836,0.08897265977769797,-0.025979809705021197,0.026154232582447874,0.028833875144921636,0.046207794956619176,0.07675577987491676,-0.015185665210911858,0.010381290133429907,0.048575974744588614,0.026502833226519633,0.020276967677375832,-0.023471329418357386,0.01542032890819086,-0.02357355410639378,0.006962882828254073,-0.041276898903651,-0.057765016589043906,-0.004890909975619778
0.9018074537247923,-0.5964863459936406,-0.12484125923859263,-0.36772033577821905,-0.4330193191288548,-0.010885430568741472,-0.540805011641461,-0.3369247197147444,0.02536320639863659,-0.3413974287646433,-0.14293115276752774,-0.0006498892011394756,0.005363018170757544,-0.06322000391030058,0.7872019659663527,0.40979257010909775,-0.6637254384002846,1.3987041885195972,0.41792611389233913,-0.5743781281662349
-0.06303696477909784,-0.001141503953362006,-0.00562278367204087,0.019867248457443698,0.9720042029847562,0.005199641196931148,0.2691580941317131,0.5831319869792309,-0.010948254284020457,0.02572749279938672,-0.5733396071525377,-0.011637459541411165,0.034211528815379116,-0.058030098534059556,0.6393289217913308,-0.03869642147052407,0.06814559037565823,-0.536778792754972,-0.0016230094027368386,-0.082926824341967
-0.003962879992735251,-0.007855305175743958,0.0013001795858823915,-0.0073582186361709125,-0.0008599457152304946,0.004184794607797868,-0.014638322305284716,0.025662948439835263,-0.008207581443998904,-0.004179833339671063,0.007889956902272743,-0.00034508063001422416,-0.017182331077108697,-0.03226434254751815,0.0388262576644582,-0.026423087509199854,-0.006658194831989452,-0.005778210184533638,0.004768572303282178,-0.002906408690198191
-0.09834017792175988,0.09188351711988166,0.21846486065592574,0.025381328673208935,0.046967627712251755,0.37111332778615996,-0.5427723967575094,0.138282062861819,0.01316836233188742,0.13849320690662137,-0.007233021150905501,0.015725706929227555,-0.01552665519319403,-0.2464509956506069,0.1384342503674143,0.0010144524302963679,0.08719545667254777,0.46381139700420726,0.017987784146024165,0.05569735772995679
-0.002235584752398923,0.0390675810153327,0.0186014150206784,0.03774820828706931,0.005696250134010603,0.009023672676270172,0.007891898765913317,-0.010229432926048835,0.007602617258862697,0.001324994005241921,0.0012406354944351577,0.021771498072647055,0.0028349273460114037,0.0026361637857744815,-0.05285695195965538,-0.006563659128134695,0.010911563626005101,-0.021007799284675745,-0.004725313144311924,0.027510785767046707
0.08671752088506099,0.48250228525975947,0.2783739011312807,-0.02042521348222749,-0.5676487301295372,-0.005746284311743767,-0.1673806236559462,0.08702749887659242,0.023431276228647543,-0.07809105821161855,0.4924177541142524,-0.006733012748139897,-0.0003658888323073931,0.6083034151276194,-0.13500052616115005,0.11579913908691149,-0.03795929920251102,0.3765679267123586,0.08824133098395562,-0.03438109654236209
-0.7742814021559169,0.5261271022442191,-0.047850421691069206,0.311192380701991,0.04872367130728226,0.13030218411188463,-0.11158151721926733,-0.18893967161008574,0.005628740144405959,0.9396684926139512,0.12603948001114415,-0.024772517291316774,-0.00695300877731317,0.062459311811942954,-0.4071615779277142,0.06508339151406821,0.5733850199745765,-0.12773203665419444,-0.2709612529741632,0.5942041673049911
0.02095017217081422,0.8620695791800376,-0.008645958287402123,0.0006627112668879569,-0.08950990186380392,-0.00570853747710773,0.01285873785646877,0.1994224964133764,0.004978529705453755,-0.008505754189912122,-0.31933083754380887,0.017858384953137043,0.01030717926722504,0.778439713816002,-1.1034910499878248,0.014466969244834147,0.995843952768077,0.07666864201827582,0.01888668329019209,0.14790146100278018
0.023449468919452144,-0.018224897631830248,0.02299968091282152,-0.015907493535503418,-0.023018046780266657,-0.002978398230439573,-0.1344142581354628,-0.030066213180508197,-0.0051450109303260525,-0.015033072177210607,0.03342909979323375,0.007173993085495992,0.007360265225204479,-0.010460229595919029,0.03771897157707587,0.008612069914996391,0.010738460400121032,0.27091815287260984,0.011139127443303158,-0.019942234905025273
-0.1635574259654386,0.6581227068375487,-0.0011980386658446808,0.05470867065562836,-0.24254735705462435,0.024818611139788598,-0.08922544903267894,0.0009524782771252391,-0.02343991207472432,0.1980807423114824,0.014387278286777608,0.028530520137946783,-0.003617909985726536,0.48498117536938146,-0.6242424397897012,-0.013238174931929445,0.6241117392891983,0.041105062648248626,-0.10352958964088074,0.23945066651125463
0.004809439932357402,0.7344293174657297,-0.006761785950759472,-0.046936570665952713,-0.38401075690946246,-0.013578729025617041,-0.0568289637299354,-0.05254051625885087,-0.016003864764129017,-0.0033239085796027672,-0.16635457900650447,-0.014466159862894297,-0.007360783420133698,0.6241344894307839,-0.8070352509773214,0.023239588863511136,0.8715516499495329,0.18913063489664303,0.004365306839846289,0.17617747339946863
-0.013977745574468344,0.018146308535771656,-0.020793138101870424,0.0136765579376171,-0.0007133709666872351,-0.007623470974248655,0.004391538566788628,-0.009246707029296442,-0.003250535714360797,0.012231875070180805,-0.02583511743198992,-0.0009481395247383302,7.608079980946265e-05,0.01622036635518714,-0.018596681739849283,-0.004337116422491432,-0.003925891524360795,-0.03096054733366116,0.020271853476261606,0.7004308766654398
-0.017374564714163064,-0.008867870087921313,0.18835139553825458,0.9562291256621902,0.38346026170550773,-0.033967020891273424,0.14624648580271007,-0.2615994244848314,-0.005952069043191639,0.013559559838495399,-0.06695073959679866,0.007702397371128045,-0.008796039101029652,0.013938047730164202,-0.8857909902305514,0.014148596997064451,0.008241367678306898,-0.18937867631958677,0.011922732184476986,-0.09841520435917755
0.0023262038855028557,0.0874670482697394,-0.4750082272331751,0.21044189933478605,0.16444540611748157,-0.00227665495304164,0.25760205044080414,-0.10138203501283295,0.02701307409851552,-0.00878253995982963,-0.1705099013887396,-0.03994955358916796,-0.01801329094551677,0.0742594942876372,-0.3349652423754142,0.047905525326489576,0.08933313871391037,-0.06282196656675662,0.6054104109833737,-0.008256150552340163
0.01950490778638144,-0.007669854609316906,0.5169418911215073,-0.011531681692969614,-0.17133036877840044,-0.001564104465011634,-0.07495742240487127,0.017346734558572417,0.01937380543635514,-0.0041793271278529175,0.511600148701901,0.00044568597512247314,-0.006746018391754893,0.0489368666059322,0.06408651590233706,-0.006739724180447848,-0.026833172480979064,0.06748378825326928,0.015504571950375391,-0.0783768516802498
-0.05368604185831391,-0.06804570850418613,-0.35297886671771306,-0.04258267515463353,-0.04976638699605569,0.2296225093752839,-0.25600854224082953,0.2822630069867784,-0.19753510913460717,0.10199701452958401,0.7243190996365797,0.9132745145880956,-0.008858507980739089,0.18995416478828037,0.15680337795063107,-0.02269670813819548,0.074876510707822,0.14383223793749758,-0.02539323472358276,-0.12505111116037196
0.3584676226346543,-0.02051351982923341,-0.5903908168839308,-0.0865254234589151,0.09828576740942038,-0.0005073457266578756,0.2117956677283406,0.165982608479633,0.18019641788697832,-0.05106882938848401,-1.061382701842289,-0.01188603230252595,-0.014961738377604063,-0.011682450466706216,-0.008537392638436014,0.05636335481792163,-0.178295104956976,0.028421540942165462,0.6833648315004066,-0.0003833889486668245
0.9390529090773778,-0.055697505450681854,-0.18175231651483995,-0.4394477054440029,-0.1381954719681355,0.09308653945466883,-0.11947734221413399,0.37718596331541665,-0.061293134949580164,0.04764381848407664,-0.33137830897175397,0.3383849289450733,0.006545279275236512,0.015464969956775956,0.7377429706815851,-0.0180621931335575,-0.006957960541606437,0.09956115871565702,-0.017048383810927728,-0.6615903842291152
0.13796104864883504,0.5752908372951009,0.04064219806889402,1.2667927960001566,-0.05664129758317334,0.0014671059409395119,-0.17099707300404732,0.11140542653266447,0.9546076664834281,-0.19076254600259554,-0.4821655681893004,0.005904167744656606,0.005013167180969343,0.8392880622458028,-1.7243088661663624,0.19627106591310445,-0.06471897186745337,0.2421155873853478,0.18749860235215882,0.047774985963254864
0.09806450421375303,0.03803921532369065,-0.43845027060824904,0.17911500565354055,0.021845428576241766,0.011994016876734542,0.16437564330322676,-0.242961714050045,-0.013811041168141535,-0.12372371723630776,-0.7163771765454049,-0.0008384180001382927,0.014291284447865813,0.132364598012191,-0.24349289334229082,0.1422235897099423,0.05500646876476932,0.143374899138574,0.7006152937447041,0.15807256040565443
0.03936007441321415,0.006869432593790973,-0.01762682887168315,0.018987853670269377,-0.0026856799985406333,-0.0264993350047975,-0.0016911679488816594,-0.014860078627841625,-0.010096299875294715,-0.014551373244964994,-0.021197634770219607,-0.015155480650813553,-0.013192715705438254,0.006528698625839786,-0.012845557346119786,-0.0028654461435010693,-0.016265721188608924,0.021802005189655922,0.04463166307848673,0.01318391006335789
-0.0166251419785463,-0.02638742504569459,-0.004866231122648803,-0.0028445613878358127,0.8491315842334582,0.0012438349814142052,0.2041905089401449,0.5249761026344274,0.019703866678185637,-0.012938246854186545,-0.5271490555298557,-0.02814831404198449,-0.0010280724688966935,-0.02330252676444534,-0.17672322165750476,0.007319524627672913,-0.03993485008794761,-0.42052798525378826,-0.013086307665814825,-0.13384455982882626
-0.01730751936757853,0.05615781135790144,-0.26018331879667295,0.0036280553195218506,0.060603940370317376,-0.015261939746232016,0.1623301394451113,0.07634032125635616,-0.021764123319059366,0.021706036514933892,-0.4024041046996515,0.000904217827833816,-0.0013907568519738937,0.020167221942220075,-0.09935402826811286,-0.014358169789175496,0.08492291427556238,-0.03836248777590223,0.3222991870522298,0.15126444422760235
-1.3131175377575195,0.8313934916662935,0.09495165177569168,0.5259719024188859,1.718217128092701,0.29623292285975555,0.4794078100218638,1.0854241887182097,-0.0013554676090165568,0.9969208437019603,-0.9918524279056004,-0.019601409394136567,0.5841805044400071,-0.2160566872777515,-1.185013542866552,-0.4473509174828416,1.0280847705222993,-1.604394192702449,-0.3190014678219076,0.8234115872294525
-0.5118763149679771,0.34984811113124575,0.029436305050241755,0.5866179342917812,0.23697083786389156,-0.0002174170075072634,0.04636589522934579,-0.1823506088111653,-0.0055309284462765375,0.6469811135527878,0.023915630295553866,-0.03262372300646944,-0.007208664408019659,0.06635776888527287,-0.6925822468021532,-0.0023645523889610272,0.3855803663994798,-0.3139116573213994,-0.2724604556893779,0.33772407734488397
-0.035064771863056746,0.7346317944406762,-0.379275097856961,0.01827924462527212,-0.2356661510886979,0.009094558932105944,0.10691162388257494,-0.04893409957323861,0.017071425997001784,0.02752901757107587,-0.7429596737941442,0.012654727826923841,-0.010062621662947099,0.6186094111097867,-0.9074956052561538,-0.007740058388750277,0.8515480865086461,0.13196228292093173,0.4920492185873703,0.3452504543945207
-0.02013889715360865,0.039985494950810885,0.1656644156121898,0.005648805767720689,-0.027184115972911056,0.2041998765545628,-0.2037760983775425,0.05064609821702477,-0.0016425194317337393,0.07037436635327365,0.08587571725088342,-0.004724196172726966,-0.025964695356704814,-0.11110417753476548,0.11902617941517207,-0.02115705718816811,0.03019838275092064,0.18927323134797755,-0.01678788938264461,0.02657317312011605
0.013943248551806627,0.009382330972375577,0.02613514211364493,0.0260270016373057,-0.536330543398015,0.003393749431987403,-0.3005882261725531,-0.33386174688342735,0.0020523118302128167,0.013920782295679635,1.2318054576038706,-0.020647720878035555,0.016472243977925904,0.9362453384580863,0.9452225064144348,0.014675822695078833,-0.011561780889904264,0.5119710938234985,0.0034480582521891805,-0.197811444368691
-0.11694308851852622,0.04903594127059165,0.1105626391711113,0.9997694033765766,0.6046438366484879,0.001796205280558061,0.16855322373594528,-0.15216068028971322,-0.028598286743639935,0.6572680093820454,-0.24880318658831777,0.00395402926452254,0.001956368091651823,-0.232192402530487,-0.8129135732104606,-0.020882012783967528,0.05861375491680118,-0.5296984010001707,-0.2544314080876397,0.00026206116985854656
-0.024794719364934978,0.4231806126725484,-0.02200509669211315,0.008860090756921561,-0.21553173871453057,-0.0035095568605835736,-0.031244970088938402,-0.0019948233851232837,-0.011733976103001836,-0.002619678063190755,-0.10895062659487537,-0.005865477242587029,0.003854705100621289,0.3422189562885645,-0.4939717539768587,-0.004067697779065119,0.4784531871151439,0.10473576693373911,0.02796318005464206,0.10756011898212509
0.011969843953300715,-0.026398548333092124,0.020817113977218374,0.0010424379780321746,-0.5372108362464343,-0.0009808495409058277,-0.15906128428327046,-0.3500375839934853,0.02143778611198211,0.009048942639855862,0.7496500591495575,0.006143063517068625,-0.017365508595546256,0.8867219693583474,0.13191142807300002,-0.0028100348467963855,-0.014228997933325459,0.28987935603745446,-0.007270497239484887,-0.08496915540738582
0.08153787266328391,-0.02481820941517536,0.244326213095876,-0.006299142445204733,-0.14692527249782655,-0.005751134744177178,-0.04359367945514058,-0.027942802664856214,0.014516732879100522,-0.033032826762340456,0.29220106832402404,0.008682414312097632,-0.013402161451876667,0.04299715266644664,0.07250285546354496,0.002170393380788411,-0.05024811583996923,0.09132540469990846,0.039200238760762625,-0.11021357867623635
-1.2970594447424726,0.7392299218551642,0.5817603244642059,0.5430939961193043,1.3137323614720342,0.4559918940115839,0.3496535071685,1.0642284731642582,-0.02797828352880674,0.7117018182379015,-0.4251606164529652,-0.01107234735420075,0.893350031548316,0.0011456058173547109,-0.9772118774196435,-0.6304940589129965,1.038845614896907,-1.5251981614965382,-0.13560081285918066,0.7874592469000828
0.03243644613753475,-0.01542977725974308,-0.0007635945272281772,-0.011419184883329742,-0.02529466854667924,0.0036358625999798446,0.04804466304048795,-0.04972291658401778,0.016313340060620345,-0.02290653070324199,0.004674238814705236,-0.0016162086739346356,0.001847124092263874,0.004690034704258094,0.031932644165087516,0.025494956035847213,-0.0021425659644060003,0.03201422448981385,0.0282559635799784,0.008934406416732737
-0.04044507380286398,0.01631021207752506,0.029107251603481467,0.02133059166742614,0.01934411160864074,0.06374355650120292,-0.05228286013438377,0.02893357611644644,-0.004252680350247631,0.030736935701077304,-0.001680351772612075,-0.018610512168312623,0.013211030367765393,-0.03486092870417668,0.007266186319917191,-0.012727268530843716,0.029977639615290836,0.0284498927839471,0.012748640958241544,0.05634547236952189
-0.00370635961043771,0.22353500232087933,0.020740596702006044,-0.011800225073863647,-0.1276191486800254,-0.01456747593956258,-0.032385828317606107,0.11308596021647534,-0.0031939549633156214,-0.022549162757012735,0.08064329839364835,-0.013488467345491268,0.008849287871407758,0.20887031209250612,-0.08314842505504157,-0.006393861901112308,-0.018058975594892474,0.0694815202077169,0.012969877036436112,0.04276403415893382
-0.018575668930333376,0.03946304267850244,0.1424975107258832,0.7433146520982443,1.1259209768550047,0.0035637000773122277,0.28178528184145607,0.36131858271153217,-0.008230033733664564,-0.0009014532766121082,-0.5169505870425142,0.008862707270117703,-0.02091503089825733,0.0357586676527426,-0.8685597310017041,0.008799328468284866,0.016133723309170022,-0.5562616019981022,-0.01317893129324306,-0.17100497317590477
-0.07912183794488363,1.7631275852661108,-0.21533514879850224,-0.04040565307050703,-1.0152614262859117,0.1637158349329838,-0.4197981636906957,0.31476063410187977,-0.11499858719129585,0.0682632057274184,0.6140126565228481,0.5984315079358562,0.007693534101364681,1.734921328483722,-1.2192994488683384,-0.027148431902904543,1.03246041080904,0.5949216114474947,-0.01331939864268859,0.20759014758044386
-0.0184636174028721,0.014250776694812967,0.0021408628053724114,-0.011805957643653801,-0.013081747052266605,-0.007387887263417062,-0.015130687654429528,-0.020835347341274933,-0.015782900116430368,0.006982365167801934,0.751738361853037,0.021387003423117598,-0.021831224597513077,0.009454728638493622,0.01802457328024744,0.0009048589840052763,0.007943894289188997,0.01727490203173894,-0.014263244837865736,-0.23197988046457232
0.023639941218932144,-0.0014074192618607284,-0.02662692700615107,-0.025714635266299232,-0.05072065670803323,-0.025314615909867798,-0.004745480160821037,-0.03304918239211294,-0.024763817087139067,-0.03388324718309229,0.03608018296659506,0.04068276717124743,-0.008092180131796503,0.03545466247102289,0.027625142690660777,0.03900744011536151,-0.017615492969643983,0.06766696872246873,0.007174283042050547,0.015431606467360623
0.5882981929378301,-0.42437735198203835,0.3073742789862002,-0.2484536429291126,0.18840796435224508,0.6267257908135363,-0.6815437117774583,0.5046571072179332,-0.008013168075048422,0.16295629785773647,-0.27776619334454217,0.022685388621160776,0.0020629083094005503,-0.8057995864515393,0.939291325365327,0.005366214540591329,-0.45636054009507904,0.36483459995889406,0.018532555371632783,-0.46867676214745047
-0.4442946605285551,0.30848807956334545,-0.037521052484937215,0.14945393555016545,0.04279879038482111,0.022219621872219722,-0.011343911958261982,-0.10497042171409782,-0.028112148392116204,0.49244426613522824,0.08373453623225158,0.009750299185222154,0.006910733116264839,0.06033952469236517,-0.2585335626638716,0.006989610372732326,0.31116234301467954,-0.13522593266136293,-0.19615004271113262,0.2984032739174676
0.07103659944361519,0.35171651484778804,-0.49590678560221807,0.18076829134529862,-0.056480815002180655,-0.004615903527267967,0.09180437569558716,0.1856328138858123,0.46142894904676707,-0.06814067442823467,-0.9229899794516753,-0.007585601612352553,0.009213335027482047,0.37497737736454767,-0.5527547497265999,0.07985993775092468,0.04581156906745182,0.10768854464998123,0.617432265579987,0.2459819695634243
-0.0037087129444957224,0.030325693964600886,0.001993884876363764,-0.004027354229937344,-0.015971474164390445,-0.014509637688144504,0.022950342241232838,-0.007658176119191365,-0.00570639713222008,-0.0015269651932142718,0.05258475449304713,0.004202732015213002,0.004956585467647375,0.039380722205427224,-0.004952522271740685,0.022961544910978973,-0.003573653842524307,0.005444254771043451,-0.010316997854798825,0.01504915380988971
-0.03535519622638737,0.16287014407544623,-0.3939058479220434,0.017849896231061153,0.06338538900539306,0.0036490067909102954,0.18888497423546574,0.032911968644894166,0.002954785310044271,0.022723387101141496,-0.631518033319876,-0.014736596405233005,-0.002612437563895644,0.07320991000335492,-0.10137282098290994,-0.018367083746608302,0.0756321711874145,-0.07064145550262109,0.4618252805054279,0.20363769040426177
0.0025961310082847945,-0.00960612370694946,0.019208399362548437,0.0273375216689958,0.028507020815014664,-0.0016060964039184625,-0.015355121982617154,0.01980579360301246,-0.006100779627041262,0.0022850026368566277,-0.019483069187927367,-0.006368043636502714,0.008745050224512246,-0.03558602198055558,0.015345360405029412,-0.013768775049769819,-0.01998969613500385,-0.03132250483146406,-0.01521385811720228,-0.020850025155800367
0.05064573166196206,-0.00603458405028493,0.02125768074130098,0.011146754189120223,0.9256279029382039,0.0030982224799762127,0.24414778490137104,1.1721510942328754,0.027381473840603042,0.0016495501341335338,-0.5652907194524533,-0.00216760942046191,-0.004751715300092889,-0.021906392389291977,-0.22996036876775436,-0.008872179133788426,-0.03980403470509229,-0.4486512346742051,0.014880309421345753,-0.1534919454744289
-0.0038297467206756053,0.026424363761759974,0.05482415358041416,0.2550088510198221,0.12304979313588643,-0.015071573509269378,0.44979933976568975,-0.0698753410348024,0.0008666284844959004,-0.013694414452698178,-0.015789025225227803,-0.006744293943536887,-0.0035981835147486556,0.02522031076843044,-0.2727164133521256,-0.004779367825297734,-0.003564013642499494,0.4662517828350457,0.0061160301334293316,-0.023955120996838743
-1.2204400307948284,0.7216555723195772,0.39167463185368045,0.49200872436251625,1.486789068342156,0.5955200537390141,0.15954830754405297,1.5533493734969412,0.023816428035533577,0.683492610681951,-0.9116530131697398,-0.01726335298854389,0.8027252654938813,-0.48311767428237096,-0.9025741627566676,-0.582729176544805,0.9610990770954565,-1.3942213555382557,-0.1519419290416643,0.8018070924024651
-0.015004392327062025,-0.044430742323973586,-0.0007376548428966968,-0.011730092294880378,0.011723915339695886,-0.0031223054158478264,0.02118890117604431,-0.01084718608120333,-0.015498278152657884,0.018595374434986833,0.038866346386700376,0.00866121353627073,0.016403402208359997,-0.0006713181039732855,0.027547173730368652,-0.011422615143471473,0.0031908655281666755,-0.013124093721224285,0.004041070664929532,0.8876064919520741
-0.03601256109975514,0.013801413197469699,0.012255312654531987,0.021148069806766534,0.07618583189070437,0.00446071957743955,0.024470344270028463,0.061815942180847454,-0.022292721589019793,0.006733310801719999,-0.009859169354816975,0.0238570002911129,0.004530962130762423,-0.01933071803847778,-0.021677839342634155,-0.008251469704838608,0.00615446347036586,-0.050508219660323345,-0.024482177132799057,-0.00566524907849466
0.2896322967158231,-0.18881269262460082,-0.02904328529572573,-0.118492820160567,-0.30281577906442203,0.02380347365824551,-0.07515196284082798,-0.10025870294664099,0.0119570840505664,-0.00533098536230152,0.309688790604663,0.005306572976206673,-0.00864244946805288,0.3886328530181509,0.45046997482059054,-0.008169143529655514,-0.2405733840670699,0.15756409385123973,0.007785128156922534,0.17047269412614793
0.5609983741252161,-0.2746658211143674,-0.37408538188072443,-0.2115056502726325,-0.6513075125829842,0.006814420673529748,-0.33366459284466987,-0.9028296732564342,-0.015617204946576271,-0.6995933784943875,0.7860871914197669,0.0006306955372992308,-0.006501702846874116,0.6393648901106976,0.41597947502136756,0.7982190197045789,-0.3232018724025519,1.1791897268832499,0.7834323537549198,-0.5282234145295747
0.8718054388418646,-0.5676196913858045,-0.09983882247072849,-0.3693460230454116,0.20473158772206362,0.004638104768895746,0.06358070946604276,0.37956020513417943,0.00486102169098478,0.014275995179705875,0.16982029825237,-0.019792824074575083,0.008028463506075452,-0.5383687781124807,0.7575473762509528,0.00956626193638941,-0.7020236498385711,-0.10084374538354178,0.007349998478330211,-0.8406651853130426
-0.7682880945402664,0.7342503882120772,-0.13042512486567376,0.4861075558965607,-0.023335937945092894,0.013762219694916474,-0.04604601395186827,-0.015098771405601182,0.3521589449265159,0.884917870829765,-0.020097251761796026,0.012148490703095201,0.012033747017484346,0.373754069694259,-0.8628158789910665,0.07519154093357241,0.5684946089624141,-0.23547125030218602,-0.2872132172643587,0.6867390606783677
-0.5882662548266266,0.3711664292322386,-0.882383009326358,0.4325830892915639,0.3385729263380133,0.1817663795298386,0.1946797233110995,-0.19194446556102115,-0.14082596385913104,0.7382346427461717,0.007913689157559717,0.6853845756296577,-0.029419165455728293,0.1884416433967203,-0.6452890331595756,-0.027237623298648254,0.564112887993943,-0.2767273788245488,0.5328991207487639,0.3615746679055895
0.014535258592350431,-0.017681101996802392,-0.0020386162134721974,-0.00946730943278928,-0.01333141423388645,0.011138430348492384,-0.00416564843675909,0.0292976221442664,-0.009172204754991482,-0.004248187434105551,-0.009657987967455914,-0.019065542515240945,-0.0005921224291214481,0.0177746871139245,0.01693273662864347,0.017692704518208292,-0.007754146278531189,-0.0011290824533161934,0.008738704187789367,-0.014597798040011125
-0.09595130887174748,0.04467648905877489,0.16822217230990896,0.7209810703509808,0.37468203646752235,0.04539375684528846,0.09396240740508471,-0.11453178257734137,-0.035901090814221215,0.05059767831560178,-0.09631368905666099,0.009118659058851281,0.06735455563963756,-0.04184680188162054,-0.6487950483929379,-0.032163427774651025,0.06754784482377532,-0.24165536302238674,-0.020049272968772146,-0.011092386362935644
-0.009759821182747146,0.015174745049150774,0.006808654138361519,-0.0025542602489209473,-0.0004168705073078101,0.029720083374314112,-0.01879778465985534,0.0014702489557107193,-0.0020589946668501777,-0.0119344839155064,0.013103723410124828,-0.007694394647891938,-0.0071106942636122656,0.026315727059338857,0.005432046295672871,0.0152705863155559,0.021476491627027413,0.027839839396302045,0.017047740471582622,0.19625298303762298
-1.3809730614142253,0.7515495854191648,0.06883319357407443,0.4964772404952414,2.500912154081967,0.6777463240851845,0.39627908077869367,1.818801992806861,-0.11304651514017648,0.7875889498279854,-1.0673135714310023,0.6097816782917768,0.8526527480878674,-0.30193856205174835,-1.1484905587310337,-0.672277744796406,1.081282801154098,-1.925736752014738,-0.18254310561159967,0.6401390762937876
-0.03981442143640008,0.013372009531289992,0.7241139259962839,-0.0066990609255942095,-0.2406796999419066,0.01692424924896593,-0.08784938412502098,0.03317246477067017,-0.00947012528134418,0.03957046545704074,0.7175760313931587,0.0007145834232795956,-0.02058901710156503,0.04042873377752584,0.10869438450665302,-0.01155449230703869,-0.0015631766660757322,0.0974328095655357,-0.033252816273365314,-0.11795163489505654
0.6830798860994922,-0.3711115801211023,-0.5027305933118906,-0.30603044710628663,-1.281214411387242,0.029589338998107454,-0.5611253522267281,-1.4228435897030938,-0.04560510624169765,-0.8097203982286211,0.35081058828005685,0.1753281171413161,-0.015094770034603458,0.7893395660095117,0.6542237931056112,0.9420745557470792,-0.38751269234424895,1.7119979810108712,0.9453164359771257,-0.22830992418751145
-0.879482931081566,0.5367971462173238,0.15572710801506912,0.3542714657260077,1.3613297195455218,0.34537175798697295,0.0854080409636591,1.091846709481131,0.013636947383832539,0.5532502228274714,-0.9677612049207185,-0.0015917421999820224,0.7053228452856926,-0.40385081596667066,-0.7372244168011949,-0.5458467057710811,0.6881395165283668,-0.819539986610828,-0.12327918509581022,0.5836176575058293
-1.3305911729066895,0.7679657799625652,0.29294778343500644,0.5458855297654119,1.6907103912801216,0.4312091702551139,0.47202116275283895,1.2962381695787706,-0.0027669748365604977,0.7084476736338358,-1.034453149864725,0.0203689936651758,0.8753088824942228,-0.403005767449774,-1.1241228507027672,-0.6846100758640217,1.050037729993215,-1.7293436353051514,-0.18491455870508988,1.7605363825281815
0.026065902316142045,-0.01661221071996561,0.00010593474817627849,-0.024008685441564846,0.006842804196917143,-0.005144363420230882,0.028931623010862023,0.1770460157116538,-0.013255046718113075,-0.03830489021367544,-0.0068319354505855506,-0.0017147414038345195,0.01011037074742788,-0.014257157173643207,0.005784641419382539,-0.018755086645059867,-0.01101921104443902,0.02301794301492793,0.018861545198410316,-0.004208952856747151
-0.004544283540704927,0.041594494232933134,0.0058587826266118595,0.117773771176097,0.025535320820853708,-0.00872919216874711,0.006036885138755879,-0.011175956356288196,0.0015551934914790062,0.0058949287598530995,-0.03162857789282616,0.009841836388758709,0.006638985492140837,0.020019899881813043,-0.1099804595151598,-0.02670553401034062,0.02411725899273993,-0.06099120726600517,-0.011091802131079954,0.6946198610601116
-0.07859992993364077,-0.020040595956091305,0.05741838944788286,-0.0378666820312265,-0.09344620057534761,0.1197149157416148,-0.13388100144313436,0.005831108539857434,-0.14435205674819634,0.09410663910895141,0.6820133645289109,0.5608823696497175,0.007466876731758984,0.10573233214145701,0.09670245601039042,-0.04742954088834811,0.08196328945297544,0.06912217715245955,-0.02051348284600047,-0.15449156278759507
0.6918381070624319,-0.36235613576691034,-0.08582127256588895,-0.2084623927841064,0.07360017115572988,-0.010964229909983886,0.0033506467510192725,0.367310480514182,0.1882366348878904,-0.030478123123959328,-0.4523345892009006,-0.0031790527045067454,-0.004315809203789608,-0.2949139486707066,0.4225445865898481,0.027544051733937872,-0.5559019203932017,-0.025758196330094338,0.046338341277267665,-0.4763040272082624
0.037577227908683536,-0.026182563338228774,0.022400410558594007,-0.011480572607396891,-0.06250208260010855,-0.004136752301918988,0.0055727577187193456,-0.05643764848419684,8.484082081512081e-05,-0.03391886064962134,0.0412110730065683,-0.0070207921559556335,-0.024911965855184494,0.0013702966221787755,0.0392201217480638,0.02382310701642576,-0.014328651958377424,0.04135320513934099,0.03992503287144705,-0.027494132633261434
-0.863250924064496,0.5323043901535867,0.21609651846919228,1.2689345659468456,0.8084636411920401,0.10624918359567342,0.5616971767852276,0.6573412732684455,-0.013572637173920939,0.8831891274565769,-0.17405781447968133,0.010510982801171298,0.1552434559061594,-0.011121284777679662,-1.4487695630272996,-0.1416294492228155,0.684163226210494,-0.7896819843035001,-0.31689382770460356,0.5044850411378923
-0.41928337221920137,0.3655549767811624,-0.7566257332499129,0.16848613835161644,0.28271066770615655,0.0020678417253680564,0.389382006113241,-0.12156377742554281,-0.019576022364340306,0.4760936568989086,-1.033794748734052,0.003315539099087595,0.010227711678665643,0.035906668141313144,-0.4547748842545492,-0.013479301222970787,0.4511193758271893,-0.3007598800404541,0.6546087772075805,0.5818047580175021
0.08101852676718824,0.3384548926740156,-0.11063899286854388,0.2085938644179869,-0.26526592841236385,-0.020841247088269364,-0.172204918378349,0.1947442864216679,0.5564168669686406,-0.10352736892916316,-0.21385888248816926,0.04161303241752124,0.008309051362667637,0.5196152269877353,-0.5837804146908641,0.11056050163338263,-0.07267069548903216,0.24535656553513874,0.10905167634322671,0.08985903356047058
0.007521622274234705,0.8042139139992531,-0.7544856880144343,0.018265280819604518,-0.0546734368626027,-0.015357972064841467,0.3101534491712566,0.601701824537576,-0.010224311310541096,-0.00018904093993303626,-1.201898467451024,-0.0079458413287335,-0.012133107550739455,0.6245844539372137,-0.13558241745448438,0.002752811704453969,0.9215919852436893,0.01685181942725903,0.897602922946277,0.4001014451425536
-0.01232046538746397,0.02361515323699996,-0.18000236647503695,0.012634830900548361,0.06886090782187285,-0.010919570121912001,0.10602549918458122,0.04092785156983873,-0.011319502355213841,0.006876111740045002,-0.3084660260354683,0.01449502283433305,0.022750408227355818,0.005622723495082742,-0.07830677314972932,-0.029313244703700232,0.07776439169362322,-0.05305526362332659,0.20885549960768762,0.11242277246051192
0.139191451424605,0.5951398063547731,-0.11744699894296223,0.40539656443939354,-0.43892481928829286,0.013789336936359805,-0.2702438308536857,1.0532797429613745,0.9447243894860461,-0.14184388178116983,-0.37276791465953013,0.0055659112469399995,0.016459835025177214,0.8307591177966698,-0.8900868269209556,0.1636218541978994,-0.06051514518173125,0.41081047066158344,0.1766497282523809,0.16154120826582657
-1.4298307109490007,0.8840723965448796,0.2800209873417798,0.5680783410474793,1.7887055679626755,0.5133958229558201,0.47506568736011084,1.3823930711564845,-0.004356522379891741,0.7809392585604544,-1.1442558130634348,-0.006549476265978416,0.9674575803728954,-0.43881213926757856,-1.2300202433297858,-0.7137063171461436,1.1597226590135585,-1.8169003745482597,-0.16209751451308066,0.9612224886601405
-0.021656814547769927,0.004166014150673239,-0.014913656024790464,0.01399534830863193,-0.007350973618080172,-0.030344753471676485,-0.20176786342464623,-0.010265967282873826,-0.01867639093815887,0.009725007497660592,-0.0048922298683866505,-0.002528089181967825,-0.005657855562940029,0.007813057846042219,-0.013397849988306364,-0.003322328405642967,0.005448326285108653,0.48020035710559766,0.0014264694400848883,0.014058057373203123
0.04656273617198509,0.5176971975721754,0.0038819055542390064,-0.007207633963954141,0.42632199772739865,-0.00433111804524615,0.13250817682199875,0.4245334459702384,-0.005596151930618829,0.0009098575665239979,-0.49369560832382037,0.005916636943356457,-0.01633105998946061,0.4551678156035892,-0.24399044050793042,-0.013786606832878953,0.6142018696175242,-0.24531343621886265,-0.0399638979688494,-0.022186032607823578
0.0013704391444251058,-0.002683959960830073,-0.032494511794560026,-0.015568524090830654,0.12194433023897737,-0.01363944091664822,-0.004450660199631289,0.10947512421186023,0.009098636474611427,-0.002359322885079427,-0.07805099416854583,0.010844048137353946,0.004443075888346776,0.03682616522630105,-0.029695590640379767,-0.0012659407716044226,-0.012011275106055935,0.012553549698717727,0.002234624347045532,-0.023616187488195918
-0.017858852124856706,0.5903110971573289,-0.13193530117152116,-0.02683465404252967,-0.38521100672509906,0.06665853649429898,-0.18666082149321658,0.47422400843247214,-0.07907130043860383,0.04768941624975184,0.4476022614210122,0.40854149266556317,-0.017519966076020816,0.6735869436104682,-0.3302671660803177,-0.033605040506269265,0.26316345127059254,0.2308466999203557,-0.007888065393820285,0.03697843931803011
0.4784322349739261,-0.1471814357744485,-0.1691674734125389,0.5718204867695154,-0.7153235535560952,0.023139479173851618,-0.36202888761128865,-1.307170064228714,-0.012662456173712703,-0.6138294722528823,0.04450992198483533,-0.0037568884329603953,0.02501355755642247,0.6836591446547842,-0.4334572446263681,0.7582050438700966,-0.12419309702594294,1.181154882636954,0.7272382684944588,-0.2070122308487504
0.01619711972985186,0.06104822213287107,-0.02709557375045334,0.041250701145502194,-0.015103378556512823,0.0018751232544413853,-0.023824112664993274,0.07175687396861127,0.05809926301517004,-0.0015841431435428526,-0.003089826825942936,0.004339610451521937,0.013647956716467674,0.07295841718929429,-0.09644402442907363,0.014123628366927841,0.011750208390310029,0.00014022827727054946,0.01978509250340735,0.009028073068149272
0.15946803575422044,-0.09384212847672208,-0.1270701833672356,-0.06252032463386954,-0.2803874246593725,0.011368014579028736,-0.10698144949427685,-0.34948246180195236,-0.02512211252650317,-0.1881905394928477,0.015601506723462468,-0.008588099044547633,-0.0009407920099215447,0.1675968406334994,0.1496337026577976,0.25701703336082193,-0.09195873959390029,0.3935198466131144,0.24091941702388744,-0.06825380984767279
0.020984161193884993,0.6336803581987273,0.6070635875811459,0.01352229159197082,-0.5699582070629106,-0.007276491292456224,-0.15479973409357542,-0.03665759644713115,0.01795366182700081,-0.014344459958952442,0.5025767084042242,-0.005816892690379045,-0.0006810805357267023,0.6450269556309774,-0.7017927219121102,-0.006839752538542397,0.7274897251370425,0.2809461201035238,0.006480629621304019,0.024982450383393685
-0.05920231776258118,0.4061038514051882,0.023896185451526723,0.771300449509416,0.0379888481858261,0.11203990164003907,-0.1113167946323773,-0.015765405932667835,-0.0714580675593943,0.04464468602600909,0.4643328244410753,0.44821814598842313,0.0003159040484959283,0.5253827024918961,-0.8269573983360041,-0.028557528095022232,0.03737183900311793,0.02468246033146195,-0.023210686480424347,-0.10612695679910797
-0.5564260603374039,0.3534250038971758,-0.05111343290534026,0.22204213539111248,0.07659275828009529,-0.0008637929477854529,0.022138859757671756,-0.07247662094272883,0.01836758984504126,0.6445407129457271,0.06882845647084457,0.014752083957508629,0.007383682710720077,0.048740418335823155,-0.35764915071488923,0.0005580630967695552,0.38521837550912924,-0.23788666522317115,-0.24973514523489296,0.4282635935265
0.02319562196219921,0.007579555651313725,-0.0060233752296723585,-0.005558050856546496,0.07712263367961669,-0.0004756884995067972,-0.3490045974584839,0.06757018324589233,0.008776237177815921,-0.011300827893320499,-0.041681408499308445,0.00186118532073322,-0.011211808447350823,-0.0007403154444694691,-0.03792576455626728,-0.019880832018718972,0.010144468865605053,0.6990723059785625,-0.006999274554720371,0.45465452594366346
0.05241448018394956,-0.003425617928745994,0.029161871281432127,-0.02006169277663825,-0.3525215872600291,0.010168732159188499,-0.1107299672953973,0.45444194259974086,0.017096533295947042,-0.011743491296718978,0.46002105538305077,0.004556501490298611,-0.01476923237088765,0.5199140049333749,0.10255125764565505,-0.0023803267040790515,-0.029667264397351567,0.19717894074959447,-0.005674051223745159,-0.06448384249952557
0.058210571943769565,0.18693342774352165,-0.07804532270930938,0.13260463109587298,0.00557372289339832,-0.006887888352340985,-0.07328161292394303,0.22564401062034323,0.36128838603959207,-0.07590095876382419,-0.24446718760088004,-0.016445258198566202,-0.005230581034777224,0.3540102634586743,-0.4115655944658258,0.09013878199040808,-0.047775058052017455,0.11629270929456258,0.07164386478848431,0.029743188004821938
-0.6062502814929789,0.27360925128124214,-0.1323516102417761,1.0970073359509767,0.35512212771427887,0.20704834956715687,-0.11726290986476395,-0.4098091923944104,-0.16757176044199423,0.7318466058940934,0.7402095571898262,0.8353412275265131,0.006435790766727297,0.27039981920485995,-1.042191140443497,-0.02241217770408605,0.44134090306057006,-0.24631912081460036,-0.24013423590884356,0.13107261530446615
-0.05961892149987549,0.14827084742546667,0.10906263891798319,0.01827718237283315,-0.002346871074102549,0.10216441965319178,-0.11964943146421762,0.0915347329153928,0.0036484581465608167,0.07142373996045329,-0.014012369927410449,0.020484738592192117,0.02026456669867538,0.011864404863758289,-0.08177374773692256,-0.015863043041704702,0.11565330673619177,0.09464743390292901,0.0004919457048025069,0.06861144994173424
0.3145064443099669,-0.16169450531662105,-0.23382458586372148,-0.13619002372248087,0.2474377392502578,-0.0016305615653874196,-0.03944492363244265,-0.13651879588064336,0.017857991902552127,-0.429041377466706,-0.43554415871003105,0.011069915360698575,-0.004540876194275724,0.3583771144311569,0.06030828687522711,0.5010442409732877,-0.20708153503223453,0.4219195981611387,0.46166955129725046,-0.23464122255614145
-0.5505032223282075,0.30897095989004153,0.12498113867563573,0.2172033387399613,0.695867572099664,0.18803345181013736,0.18366657612690054,0.49559626106417526,-0.009655127903005843,0.28302382151662203,-0.3995389489904963,-0.00046653018148588865,0.3739276148781261,-0.17732532728256584,-0.45792917589148163,-0.2677494090946782,0.4306492710130888,-0.7352262254929883,-0.09335706305455954,0.3667418404788054
0.0035057231493521475,0.012229833307738167,0.00306818309227482,-0.009589098969059053,-0.011168472071295196,0.0023968758536187327,-0.0164362432144186,-0.006112392134755308,-0.002504983003235947,-0.0005776961362589164,0.021043714538197367,0.016792705455385595,0.007083172979696639,-0.00635897092245623,0.029707786460170714,0.0012827112933820398,-0.0091938434009264,-0.009244866164693739,0.008047762554667201,0.011917342180512236
0.0016299172828559971,0.7432094908166273,-0.0030426415077888817,0.015218395386097691,-0.4212519951176397,0.022146806780295476,-0.11960698738917838,-0.07776703245983303,0.009130294084134823,-0.013689493484285373,-0.1323589199304172,-0.008806894697673786,-0.002363443882582793,0.6837154752106929,-0.8747345106442685,0.014918612271229762,0.8746214940275744,0.21053181876435104,0.006742710999179842,0.17687614923963443
0.6790856891935025,0.04319527356140359,-0.052167418950059455,-0.251595305782233,-0.13875031973043736,-0.015391448370557876,0.4930281498617577,0.2233491989006418,0.01070581570578677,-0.0023387432551793706,-0.38813747321684544,0.0011179119382880801,0.00248116174183847,0.029756027776991108,-0.006484675879959608,0.01750255367728086,0.032022300237156756,0.07519233705095862,-0.011303583809834561,-0.38738079111705254
0.04711799021628554,0.405572390951303,-0.09098387547742878,0.2488133088397635,-0.2489578295752566,-0.007120489443433291,-0.16954406000479766,0.2735305824285898,0.5951183207967323,-0.09423284476618121,-0.2565807423192798,0.003018786971180628,0.00022029439882973248,0.5252410942997869,-0.620450617883237,0.10075616607052133,-0.0017717539726866093,0.23747653439277785,0.10375659071772965,1.1007617986552085
-0.48902664808106094,0.3620598251789942,-0.7348324114462599,0.18167704798965406,0.7455676674782199,0.26144611358021064,0.40460432485948294,0.41217251863370363,-0.08525769234262712,0.29932583583656863,-1.138346585909468,0.4091689247440787,0.3238754406837438,0.002188839286461945,-0.5403468503933279,-0.23615293557183045,0.5365530411584813,-0.619933561704948,0.7926941625142124,1.228514138018233
-0.06891994023110688,-0.011006630023578368,0.4459802568314448,0.028805218595598675,-0.6207721810687803,0.033381539848214625,-0.22417033956006002,-0.28972572373922145,-0.035376515914102125,0.03743245874331186,1.220155252562473,0.13181602060988232,0.02294042264376932,0.8579926367504634,0.1903859098349,-0.00019755849660772155,0.006294097954594331,0.36595929927149157,0.002764478414630636,-0.1315206765209936
-0.14105680374473112,0.13815066714998808,0.3851126616916785,0.14180993984175405,0.12432027444795708,0.6489821465320191,-0.6631926257473016,0.2942035133534715,0.019293352815802713,0.1875459252036826,-0.05055271838132049,-0.03026753099956563,-0.013516010829959336,-0.37511173204047926,0.16390503923004668,-0.014565453071793907,0.12451485357906819,0.37646085784608085,0.06771342176160705,0.07756186247311248
-0.02193219008670084,0.040536743937212204,-0.0015085034729195104,0.04864855049571536,0.8517061939916205,-0.0034537017779765083,0.2028278151604574,0.5488117101611777,-0.00599462560966775,0.011416765331027378,-0.4631180726975651,0.003039706940543201,0.0029841032685975193,0.035644978125566724,-0.25435106170882427,-0.011942763500898543,0.025302776857883992,-0.44447967610880396,-0.0009494160226154794,-0.13576978685346866
-0.33286848459957796,0.21134242105870332,0.04252141181971055,0.13526344144364305,0.4232340711842006,0.1195760991831586,0.11994057612215897,1.0811183971602327,-0.003847001493085438,0.20000644615753832,-0.2912076003589413,0.0003893936289066074,0.205359566435577,-0.11039134254616709,-0.29812131770425027,-0.15343781527867034,0.24546258706005825,-0.4061349214898569,-0.03706752355445028,0.20177817204603293
0.007982443413650618,0.009489927950424266,0.01629316763585939,-0.0032628150251721487,-0.06049411774071271,0.014369266304602276,-0.04513386247605999,0.01704037128662178,0.012495642729049131,-0.011315301407874723,0.0551893048834572,0.008560274944629421,-0.029621833652954913,0.05137483704898194,-0.0009453880679234777,0.00784637785226333,-0.007822919059968654,0.0572754383028376,-0.0019717328707774514,-0.006349674464965078
-0.01983307793772854,0.024840208497751363,-0.015779090982815002,-0.01040105092489102,0.009756772836967652,0.0285667851698288,-0.4201405348563521,0.01245365202114068,0.02276108727743798,0.008237994424612191,0.0026707346936142994,0.011620384776309901,-0.008369621230764877,-0.003418109599165403,0.03390980073354512,0.0021059481177125236,0.009511810199912592,0.8272446538574485,0.007381875217141898,0.018005565704830476
0.3592213796164087,-0.1684254050059604,-0.2454872525728561,-0.15651041469562704,-0.6262553791578609,-0.01927120068926071,-0.2442277153582885,-0.6799927722538261,-0.010641256140437913,-0.39295636241627974,0.11032507291245441,0.022564636510955114,-0.025565915464176824,0.3863357030321724,0.29197022161794706,0.4918455657193638,-0.20562369600346597,0.8392557446241735,0.4737665136037289,-0.12095124376789898
-0.005789434731931933,0.1514444431639252,-0.025109445353884825,0.09517614289211379,-0.21724403588518876,0.006644519344019815,-0.042764642239531664,0.040970792807835096,0.2112780619772273,-0.015118359225654115,0.1327458720768727,0.00020411381054167774,0.01683521315986602,0.44525235861493906,-0.16322785110765167,0.012606628381851889,-0.00723757218707512,0.09101727675037923,0.020399067616463828,0.028235728241925183
-0.039076271867179886,-0.06480691519594023,-0.28386539932351884,-0.062022388464313294,-0.06139111425196998,0.20620180552945552,0.44490228249657543,-0.05499007497050622,-0.14106477945548487,0.07201852914871265,0.5958354037555761,0.7458865105079461,-0.008307399063001365,0.15816717989829893,0.1750706881177393,-0.027080338349573085,0.028510856012290916,0.14711485361490959,-0.01609078792294399,0.6999669092298998
0.0051387845633843274,0.02505452815469584,-0.004424895466496906,0.008309736550132998,-0.026309027781818907,-0.004674041145546383,-0.005796502472203561,0.013909216319995503,-0.011064222014113733,0.007043338437360222,0.036942302850888134,0.02234751436095323,0.021594839519544173,0.03785767098084557,-0.015343391466479606,-0.008579441148767046,-0.016493771769254206,-0.03496493778186971,-0.027043342900429628,0.025613722382477593
0.5765812753761342,-0.4128223445684713,0.034328614207512625,0.26575072015580803,0.31142503102315544,-0.00486530615713246,0.07185744511125725,0.04211343127089242,-0.01781808463032914,0.012079292269180432,-0.31663523514998093,0.03449074611446386,-0.0033913304781760054,-0.35157960466703214,0.08120270174152411,0.019841832378764645,-0.47127351441036597,-0.12007744401820053,0.009626473822161169,-0.48426548442873596
-0.3879959562522421,1.1474513583014943,0.07273236903772834,0.19776652859514662,-0.03257346243492374,0.1456678023237574,0.011698470042082142,0.37970483174746567,0.10790723496009673,0.19548935180649696,-0.46899221140429803,0.003166049819819507,0.2920639014863174,0.7239554109332185,-1.3961724003779905,-0.18431447316708136,1.256955931062864,-0.2697050120474056,-0.019615121059686713,0.49483022439119595
0.09176079514467064,0.37667837188480957,-0.11827414578196634,0.26276482864802125,-0.28963103050158123,0.005498676439274072,-0.15506605532062054,0.26605870310998475,0.6494397394648389,-0.10368101324963462,-0.2962844356657076,-0.004701731944998372,0.0087717368829825,0.524498710464047,-0.6105286363248907,0.1386823256577611,-0.06965293177935307,0.2788945710007401,0.1448663210777767,0.13430968575004373
-0.01692970504964716,0.07690686552528765,-0.6410317376469794,-0.010836378669887495,0.15658032278333905,0.049641104680929304,0.7863612058383443,0.005387538626046024,-0.03896163238013458,0.023724736721773523,-0.8204266808246733,0.18917285077530066,-0.020789859020233163,0.06666604982541312,-0.13719128313229578,-0.02342018993993269,0.11927319869674884,-0.03664886241635715,0.731460193896372,0.198595397399095
1.2017937451716938,-0.34793653186073237,0.02967807190587087,0.6653186897597582,-0.5368340269995138,0.6194674156605227,-1.0323903351886057,-0.42009378022745075,0.5715040614982226,-0.4654970706416598,-0.5888339541657259,-0.020044644932734963,0.018162547255511093,0.1754728735490527,0.0060280096517900915,0.7934714893256887,-0.8204821307078504,1.5477250788085162,0.8590664219019714,-0.6401556192916289
-0.44806593475832307,0.26607797245222803,0.1471380410578463,0.19197675614461385,1.532041691328299,0.2477711866872,0.5520533702142797,1.0622752190574458,0.009626493499557503,0.2632580818517174,-0.9114480661983496,-0.01049094651922171,0.2809388764202479,-0.20621233210780734,-0.5450119127023616,-0.22342032174343457,0.3431615609848796,-0.982025795668005,-0.051049563679182106,0.1618757967911499
0.26281520054654256,0.34511416778228937,-0.7095833504785337,0.17000943770367807,-0.4646249585754294,0.008830741543270503,-0.0727799453130565,-0.1994529258371151,0.5682266822724827,-0.3006771226551518,-0.9906631273926265,-0.003699131607004888,-0.023446844575364154,0.7271627861280563,-0.5501733644565339,0.37935060946671423,-0.04919603073695611,0.6412516898749132,0.9407370371095097,0.251363159239732
-0.00780257297235246,0.5470158070239332,-0.02985374565517287,-0.010362088378168974,-0.2685677700937666,0.009714153817012561,-0.0919980089528506,0.283608377554229,0.008376295341305746,-0.013162436397775961,0.14567510604042375,-0.00876601456893342,0.0026729037284905464,0.4986839866584696,-0.22495310228696336,0.0033129180126970723,-0.020414913128831376,0.16205112110695552,0.028894481766263698,0.06936982486246235
0.2985997532262651,0.22963753829823444,-0.5138283377341539,-0.10910109948571234,-0.5933857219128367,-0.005702797655800094,-0.07440574728506648,-0.5696895274320329,0.005439388089971443,-0.3433759305164882,-0.5344395076198426,-0.0037779992676483295,0.003285767361295709,0.5885791512278498,-0.23331992379056674,0.41996835871345634,0.2385462958765166,0.7304193483700294,0.8155860972195601,0.12174376559966302
-0.013101459530394863,0.7255124772012282,0.007721384677099458,-0.0013581638590632163,-0.434751950641014,-0.009675957314584333,-0.09957942675148299,-0.06473451443378353,-0.022882619006316544,-0.008105000163204973,-0.06551886971592508,-0.02408234009336163,0.008262199373934059,0.6684778494102811,-0.812936920480097,0.0035524766484666143,0.8283352085233091,0.17910812523762046,-0.0023603639742409144,0.18304952340522185
-0.018165252873854093,0.0013236547406662654,0.011741619056568457,0.01563671594746799,0.04692298559445218,-0.009723104177917934,0.018590985742160292,0.03001726939715767,-0.02791730954193521,-0.0035776177445048084,0.007237683387447024,-0.015197059204795693,0.007827763823934712,-0.012976643297050054,-0.03609796213536385,-0.01018961775581011,0.010633480040566794,-0.05145766816485573,-0.03133973428423999,0.0001106528553427564
-0.233200962431016,0.40817078786039857,-0.6508847882730068,0.09967922625007224,0.6454735420843054,-0.017976643195546517,0.46952972076308996,0.26446496312465606,0.015246162355883927,0.27605823151009723,-1.2746597700956643,-0.02867948224136778,-0.006268444391580338,0.17130619230240507,-0.6189034885260947,-0.017929416550931995,0.4417569427893313,-0.4243532618348911,0.6451760651821471,0.4080669730297704
-0.11543171307429106,0.7152330877099569,-0.4988892583311745,0.4521762747007841,-1.0836403987043512,-0.015822248188330154,-0.5082462365409575,0.008525628205317052,0.7970499392041513,0.14939564042652043,-0.09570245432451013,-0.002483671779820328,-0.011813735270021396,1.308637969829214,-0.1649421957978607,0.8009044186130512,0.18681704032782084,1.1718083728451816,0.455335205978858,0.5229326035235307
0.4255664593711175,-0.2934025912041661,-0.030209700661769676,-0.16899287339569666,0.08187591524473174,-0.020907598954538698,0.01900475421380078,0.15455799614416368,-0.0046208685575573095,-0.0014732215049935316,0.7684901739991059,-0.0005002687499425897,-0.016924033688882973,-0.2710891134776871,0.3491890099037719,0.0015035153181291406,-0.33357594882888314,-0.04704464979389018,-0.016736092291834766,-0.6300997924797583
-0.004010780227851368,0.12415480931191811,-0.6702892563392904,0.008536464099780379,0.16564281933235592,-0.004702922475528284,0.22320023189222804,0.002788367408282578,0.004396093233022031,-0.008618385738169318,-1.0199005082361419,0.020512292631729868,-0.0047331829986147315,0.03127976561599722,-0.21842616143666865,-0.0036934965944040565,0.15589724991154738,0.13709478755079263,0.7836783879161998,0.2957237779890084
-0.022137325075289278,0.0644837350088122,0.19524497923881823,0.018460699823410913,-0.09360371593075097,0.007026363741289445,0.007228237519143069,0.029716695557365357,0.011180438530444313,0.0022521485607650757,0.9845340755339156,0.004142993502149058,0.003944701155627586,0.07476345919951893,-0.03929713549202564,-0.012736827271573225,0.049869680645682896,0.037831200964783325,0.0020100234167971403,-0.2672947605082414
-0.07232396901669333,0.03342664929255214,0.08218189009281827,0.052549019603294514,0.05871893771062106,0.14323400116288115,-0.42432742243731236,0.08390146264961804,-0.00015240357029271123,0.06965962901849108,-0.011637012723794561,-0.01336871532287865,0.0018779209810254208,-0.1071408212229731,0.03286288506266747,0.0027361600322240863,0.03857032727023882,0.6263759070126106,-0.020132392857414208,0.05080499569903759
0.013809445875469789,-0.01520224656483515,0.007568279267428403,-0.03427838392105098,-0.019542011172525714,0.009140118057389096,0.012135041414696431,0.03177958961360791,-0.01303740387261695,-0.01899983970089326,0.06177435815376108,0.02430788057419878,-0.021917574872035463,0.006179490068372082,0.049971652870195664,-0.016154915631172582,-0.032448077058396724,0.014717749020035677,-0.010278373474927317,-0.024188278002998317
0.5723074075623604,0.11831723978871828,0.3118788394658276,-0.22517825590140905,-0.02839883656890882,0.7116271923175014,-0.8352384195992113,0.8199450902081761,-0.0029082992449971116,0.22048537683864913,-0.2171830823710553,-0.0050799306283004515,0.008293688036021703,-0.44644649520079643,0.8071754511194438,0.009326164062007753,-0.4494977345331116,0.521781116911459,0.047606266302176944,-0.3730721985931986
0.1250554970235871,-0.09074895436280911,6.0214533293630884e-05,-0.02474705356322468,-0.004952987025385472,0.0032703090682624967,0.030292177404998143,0.002275373275005748,0.006210925873462585,-0.006872283698721272,0.04145749430857197,0.004849895536553534,0.006237869735381088,0.014582193707305496,0.12513514482572421,0.005069889973772494,-0.1137445154159896,0.0023239248927077473,0.022436417600712466,-0.13314697749291188
0.47736405373145036,-0.2519379001057374,-0.3049106752802895,-0.19882530329085749,-0.8925107693852544,-0.022858483643164878,-0.3787991106484101,-0.9841203256953722,-0.023709890140499047,-0.5825494010739736,0.1461314365418602,0.012167133674524124,-0.0035363869708548764,0.5242661769579859,0.409844874455996,0.6790050306802926,-0.2825143885482885,1.1907765860171868,0.6625359537319437,-0.13044084374950451
-0.007793740595053311,-0.013366227100814984,-0.03736708817945271,-0.008264485319612248,0.009300077289051847,-0.007526742775782422,-0.015790841435310104,-0.0012079353141733595,0.00740913255960379,-0.024739355119966746,0.8395910384615619,0.00852761850908952,0.010197570281955146,-0.02158323695528376,0.04085828912865658,0.01610563529941765,-0.0011289695112987278,0.008281927381753863,0.029774540189266955,-0.30223444413712575
-0.009193957794839256,0.018494894215007742,-0.012739008749078084,0.0044192600869254785,-0.05725876184436021,-0.006243759723657543,-0.0036323063948415363,-0.0178836839762557,0.013154562581377746,0.011496416352617497,0.05597157249574048,0.024276363029757893,-0.0009685177559171161,0.05997593783299185,-0.04252484679419955,0.01882309642720478,-0.007191350171574805,0.035375725510550016,-0.004019348160358199,-0.015199874852216624
0.029328679757811317,-0.01839842022329536,-0.017536213235572647,0.000252386502285088,-0.02326181205159252,0.005916575745105385,-0.020784873644952646,-0.008225469861599794,0.0015627739368533396,-0.04588392911052426,0.019435099736807883,0.02344016285361282,-0.00986517881182421,0.031863753521115326,0.024043004675093026,0.04224574502312771,-0.004884480114431006,0.07322318911125558,0.0395983728974779,0.9654821638632866
0.01959289490964142,0.05776744469609848,-0.443069143344799,-0.0035420534576608015,-0.2142013937927663,-0.015626008235145473,0.12833180987918116,0.48506801728293936,0.017152531056676582,-0.026904954220717377,-0.2804871256084649,0.014648862806500212,-0.0009292235419951188,0.5067345598263449,-0.03079423896703352,-0.004567073756347705,0.08607893057393867,0.11016177590166115,0.5011162393229194,0.13638127810311113
-1.2628637289174771,1.7473867569504276,0.31238477102620876,0.8882859971051639,1.1990997941453123,0.4257560480175429,0.3402020538736675,1.48078561288439,0.005750748380083239,0.6384958288534253,-0.24883195005181796,-2.6826793183545514e-05,0.838277083562363,0.49918299888572293,-1.8529692339715023,-0.61232357509387,1.0912357692316563,-1.4359424082199157,-0.13187406219248893,0.7951514136635549
0.02972295125396941,0.2443306951233378,-0.04738352240234177,0.17660650676819617,-0.17328708950828295,-0.014468618164288473,-0.07957064076950628,0.12235646104493089,0.36228801508350483,-0.07162683147523992,-0.14512968666500023,-0.0020789255565128416,0.0004956462676226521,0.3617979399497895,-0.3770041093279488,0.08015556538484875,0.00414402211372592,0.15290006851049495,0.06734123252327141,0.03770308309767287
0.02313674589923995,-0.018162280164993563,0.4566788678957061,-0.0012587523537508694,-0.1871284159187577,-0.03082577415336204,-0.020791376247017206,-0.010523337026134755,-0.0005899355255532092,-0.0068760395170905115,0.44876710150979665,-0.024310371080717354,-0.006703133528418606,0.05868908909967931,0.03563012366134918,-0.00516133583087744,-0.015393380683946514,0.06632714551518275,0.011898656709344767,-0.08558643978962692
-0.004328490772414227,0.4533421593804938,0.004336013019047503,-0.007064164419370832,-0.24098347381536675,0.018013460666779797,-0.045683116961009136,0.23155290343969867,-0.0010639094035890442,-0.04077773733793572,0.9094727324049682,0.009916535536378297,-0.0046058223055965904,0.4138390462765978,-0.1595398854649137,0.0006455615387424979,-0.007965961123164706,0.1298614217137419,0.02581314888266847,-0.20660058717986143
0.06951607338040387,0.6793036570288022,0.1716231498053875,0.7524906077643462,-0.6773031144963932,0.0050180181685711605,-0.18326838500758905,-0.24598058240008452,-0.011260698404775903,-0.04838526293156642,0.8983685744976544,-0.011947468721829326,-0.029701373736321042,1.5002390558865508,-0.80175854861955,0.04292607863461186,-0.05886515671025137,0.4013205621851286,0.020661221315981183,-0.12314709241491163
-0.00545222239570363,-0.016611410373543238,-0.024426012131990815,0.0004050080506644545,0.6626510991529629,0.013890855743816918,0.17253735683743482,0.3893089414710569,0.003291702711860525,-0.004774686580955482,-0.33902620158323354,0.07198211303484352,0.0073909166668982935,-0.0006107876866667319,-0.11736090708564345,0.001633653485162749,-0.013635078313383798,-0.33509601741373524,0.003847248795123397,-0.11308997289064807
-0.3051463163053206,0.16485170084478254,0.04164747078205052,0.14681093863600983,0.3974154858770729,0.09519386922177998,0.11029841968877513,0.29547999339957176,-0.013151582229392809,0.16784599738980582,-0.24371378091308998,0.014808852974412645,0.19180621696993774,-0.09969303788845615,-0.23901210664139333,-0.15598788782447962,0.2502122089457827,-0.3923550619574996,-0.05097463816073559,0.19044958411637086
-0.017603081442855523,0.06257147893672119,0.5716787820187819,0.02552820894077305,0.5999702487204733,0.014202432722031071,0.22012280030847936,0.5284463687537769,-0.018437222355757635,0.016065053782733582,-0.018417342042646393,0.013231974460466525,0.022780903833538924,0.060603516133661765,-0.2094501956815158,-0.013514052447702695,0.06674508227328838,-0.2867645714855004,0.21670258397744546,-0.16221476129721246
-0.29063294350226937,0.2733964119963112,0.16440642041209913,0.12805759316560233,0.24990236775551383,0.9376357004714384,-0.8389595476912616,0.43978475644422926,0.01223599993219095,0.31625552069226526,-0.6097390190239821,0.0031521756793865315,0.011913069691658342,-0.5287517591405811,0.2557059701354547,-0.03081318341023611,0.32137033990260505,0.5292630711082185,0.5450606687102818,0.32714778141647344
-0.10882134818057311,0.07127321867243938,0.15440191993714436,0.7287012139205119,0.7624712899614868,0.03115891821892073,0.21703226587958732,0.15611380625618101,0.004220847385467168,0.0285117166263057,-0.30585210126538476,-0.009220283327327047,0.03346500067578779,0.04943347171240125,-0.8303918285626697,-0.025986775156347945,0.08692375997986909,-0.4249151035952198,-0.023238683138807878,-0.06764931937827275
0.05681972246803678,-0.007291170356665761,0.009508292284669895,-0.0387733099988114,-0.07933491508821056,-0.009626768212398808,-0.04311643382150262,-0.03288687776563898,-0.0028593523956362207,-0.043196644781707476,0.019610918528563427,-0.01304265626223988,-0.025851156557981817,0.03803982605797511,0.04927271294252472,0.02982810125951535,-0.029121113929164076,0.10518958883672933,0.03524089188804354,-0.059247730222444915
0.013459643683163143,-0.02049261226841922,0.012736746248679529,-0.03615359730608662,-0.01356829034433966,0.01805926917875064,0.0025847585405635067,0.0967238786420611,-0.013721438572342913,-0.015575668365776887,0.015625851059133083,0.020389593762007805,-0.017757074525382745,-0.02520461947031152,0.06113876698739086,0.012536138630454408,-0.03713209186875591,0.03149159865351585,0.013527588797977852,0.396508821452267
-0.03233414364058229,-0.02166754217179121,-0.12341878361468105,-0.013498957187152848,0.022164624586392005,0.06355162409344801,-0.04780581785612624,-0.010679043026948078,-0.06744901339138944,0.05665508431023682,0.2435776810646005,0.34844581392562635,0.0012538273223010928,0.05175592314518355,0.015702503039478424,-0.020754516544318445,0.03290544165941347,-0.013266632853904198,-0.0010937261887302395,-0.05905849279600729
-1.1280621078519775,0.9255620241024854,0.31862622335085755,0.6115940254588809,1.2299348632043456,0.6215051956176151,0.008602539511219259,1.2889795616668516,0.36915934278846674,0.617225511462531,-1.0159231580086285,0.004941360021646933,0.7379307523598431,-0.1749713116280434,-1.2085362949355243,-0.47563382019361206,0.910628308524152,-1.1002672550313117,-0.04686387448953561,0.8726825662539814
0.6728480865244068,0.21690214203888242,-0.7621075724243335,-0.2790601363879666,0.04420137700190023,0.00787756727914619,0.283873058441275,0.18014960689641743,-0.004544687470731228,-0.005258862416217112,-1.5101405648300097,0.006459521071177659,0.006840274523361903,0.08388040691080174,0.619388476867235,0.012184545538444357,0.2419656743021197,-0.008332301448888779,0.8301244062332727,-0.09190440942217233
-0.4266777663844565,0.2944839915700087,-0.06032036127346942,0.15661959225370234,0.0735442148370582,0.019211804935344006,-0.38930600062012843,-0.05543366991425923,0.01802336220901293,0.5149008071457195,0.04518569660162399,0.02345665649237505,0.010023613223646458,0.042848327759346584,-0.2799906566353678,-0.008809097200960181,0.29916233629291644,0.5849907815839707,-0.16800041989263767,0.33889115200141307
0.0025201476653386855,0.02337625658511626,-0.00763770612273158,-0.0031000812593705053,-0.11330553455129061,0.015078134176060591,-0.017524866641808304,0.3246927480437863,-0.01710336580541147,-0.014947992037348163,0.1534077695064963,-0.002100147797020427,-0.012492443179479989,0.1744749992031772,0.04571748963984158,-0.007960581251894083,0.02324150949194887,0.06528375396282275,0.03496760915380976,-0.013889759197080674
-0.3863717456855044,0.20907409337580324,-0.05920226952152197,0.13858215139556923,0.05763266419491277,-0.030559578171148585,0.23146723248483103,-0.15406198614252317,-0.0005713920705286541,0.475533784743465,0.04628058937834427,-0.0025704899345288857,0.009972926753139794,0.004352413526497031,-0.23970298426907255,0.021501250560740055,0.29715900690896346,-0.15923970542265625,-0.1901975314001353,0.3031685126504469
0.047594706065562944,-0.03335231283927506,0.00019835705948983637,-0.016402981593296614,0.03080732620658111,0.017882262874776532,-0.024528076913506548,0.021184543163696015,-0.003048755000057884,0.0012789269030702745,-0.020002190517960112,0.018955794033511494,0.013616290812860091,-0.0724616800795864,0.07234373813813086,-0.018279556973617057,-0.054593305622243495,0.021049813555467867,-0.014618954875937982,-0.06835996183015744
-0.7445248607569759,0.484285064877791,-0.0829504154784245,0.29221127903809496,0.18414401763340807,-0.0021300014384667736,-0.07093130725439639,-0.1309129490864196,-0.01579367429723967,0.9299626174011363,0.07329004555137551,0.009143984759037148,0.011470984486030383,0.005710977584574452,-0.46785607566200615,-0.016203192247577082,0.5635905322119177,-0.0756153297393133,-0.36085868646780533,0.5716219969941475
-0.2492756817665697,0.23919321574121966,0.14599676848226456,0.11079598932949976,0.211251901652472,0.9559546543767286,-0.8886258358728671,0.3941871961084893,-0.00219424132239589,0.28973786272620683,-0.5618111489755211,0.01037710644768745,-0.003934228804963068,-0.5678892717026914,0.2718004885082096,0.0045196941376522345,0.30413506711238464,0.5780630791109698,0.5728798200059922,0.32586531889578113
-0.006952720159563913,0.5045211460029647,0.0297035979112398,-0.0012656571641436235,0.5661417343273948,-0.01189341284969457,-0.3051260842737643,0.7943631805035267,-0.006132805888606331,0.025362910535268506,-0.32744757178590916,-0.013333367028711235,0.02324437153267169,0.39102439902030733,-0.23891463381434044,-0.024117820224976813,0.02967843958793584,0.6035399306306763,-0.004320419421782646,-0.07331060178839534
0.016272562088317427,-0.02328726226601918,-0.022920508010687277,-0.003576020109802982,-0.013539863692662954,0.02679104223382585,-0.04826979367352437,0.6592694462921656,-0.014878185958168002,-0.010859711213759204,-0.017353438509911168,0.013814313796592374,-0.020456025192091006,-0.02583424817730928,0.0480241283772284,-0.007695188202899982,-0.021245369367608315,0.058154091262541556,0.01982729582965244,-0.01705651793497553
-0.007515516538961586,0.07883313737534312,0.02606379771598124,0.018494343061754726,-0.0053802905920460505,-0.011278554986816788,0.9833856555281295,0.0017006794373237467,-0.030865663851706138,0.011372675317924416,0.015013385866485254,0.0021915591329538416,-0.0036099350391430823,0.045303087968579354,-0.10270502436498594,-0.01722876651565563,0.0883202293472086,-0.024233434245288975,-0.01766931375352119,0.0013408100551197573
-0.3028559331532138,0.21629184196491522,-0.035097612662781615,0.10627032293923933,-0.008060289830598637,-0.014857225126729828,-0.37282259587716604,-0.05237403045986503,-0.023108561159285335,0.3717493948451962,0.12823153021515651,0.01614888547781882,0.004371039062450495,0.06485329239717079,-0.15995653596465584,0.01581926930091934,0.2143080417514645,0.635676126628066,-0.15384718474543393,0.21679431399039728
-0.02995122594242372,-0.0190261430757402,0.7745878728996788,-0.01075627453077804,-0.2840004909191505,0.042963969302395835,-0.13359002619845656,0.031732855652243326,-0.03527033923790123,0.009387707706859445,0.960464529943576,0.16861028717199092,0.012451225451410279,0.11441031596507001,0.1083474038985881,-0.01838938379168973,0.022706361624834297,0.15002255980667342,-0.030452748765618848,-0.1978819059682556
-0.01438093072539164,0.004356717483536202,0.001792146473246099,0.011510196785806105,-0.120395625162287,0.004054918623374289,-0.02045411857107572,-0.04516541618081644,0.007527308348409692,0.006172161087648632,0.18493654074869267,-0.008671410300670849,0.008367619733583846,0.25189076722554526,0.01167577880476086,-0.02726330300026551,0.01615668278622908,0.02338137053478853,-0.01496558492417995,-0.025697482551547114
-0.21246848897701776,0.15925127505966657,1.3914964794171072,0.09130355671691849,-0.2408224453434686,0.8818336673018765,-1.0197932709209865,0.3583637511388401,-0.0027756558631523726,0.2446305302798787,0.9357435634752158,-0.01783981680313306,0.019591875734603963,-0.4071170520907368,0.46822724125757004,0.022653554754258322,0.20407570118074467,0.7516656066799096,0.10595853917584283,-0.022812087589049138
0.032845639838278054,0.40104396457766234,0.013208882258098941,-0.01954374355354488,-0.7195996237195559,-0.0017678837765184594,-0.6142318622632871,-0.3389328226519622,0.00046762738225841326,-0.021972745672075533,0.5656908980293811,-0.006811541939542613,-0.01571520490390864,1.1480120906920437,-0.31181876754209786,0.019391593776366334,0.4484510061431349,1.1819296096401821,0.01810955957163581,0.038695900860258134
0.012426417561705868,0.0010799869822221888,0.004518052380318299,-0.010132433726525145,0.1326985952961311,-0.0014492784308082118,0.8396828287272335,0.0735163336932036,0.0012019286935528403,-0.01631983263426561,0.19197824134325442,0.01118896442338449,0.019033901694535303,0.5588296451765671,-0.021900597800369567,0.00984588175298112,-0.015559951560340474,-0.06146010196168785,0.010484817707473044,-0.1108157852435797
0.06808707643705966,0.25492293598560767,-0.050153097852821016,0.16686800335094673,-0.7088925658363078,-0.004928546759058744,-0.1987170419400242,-0.19965993075715277,0.40044382544183826,-0.0658086021407583,1.1477344551985773,-0.004607464902566921,-0.009556661020631296,1.1808386292934405,-0.2680039396219537,0.09529894844871514,-0.030546720026530583,0.4348835726103943,0.07638556153665622,-0.18227060871140882
-0.09440538323425449,0.6909463237605676,-0.27663568622632456,-0.03234532157987061,-0.4397084584415515,0.16919710031312013,-0.28232723590909864,-0.08069726521974166,-0.17731952048822486,0.07414224587390716,0.4948481477536567,0.7378890527766753,0.004927392020053525,0.8258262246650145,-0.728854714149368,-0.03342406215584086,0.9037130761596254,0.31637073385685555,-0.003852853894752782,0.3908197968478871
0.005658671970966222,-0.0022526668564343336,0.016453450337210292,0.013840552609338454,-0.008091772061358093,0.009884402373606983,0.07430799813882055,-0.044479483202606036,0.008831872704242853,0.006894781392103543,0.049258991282984506,0.0162641227653762,-0.004595348615977239,0.0012096493773907117,-0.003020982777451055,0.0037657125985873056,-0.005603651681284779,0.03376371292805537,-0.015828477016773684,-0.005099913022207074
0.0492335332412617,-0.0036079824283819437,0.0003516066735071748,-0.018179996270187185,-0.03256885525183756,-0.026917602368923665,-0.010797098546799517,-0.024224963718881644,0.02597515340417871,-0.03721295714750522,0.01704034741739777,-0.025769311207076824,-0.0042284307155842915,0.04749204878517478,0.03177354784255731,0.030516577383021878,-0.03198096009390364,0.03418751424869238,0.021665619898496736,-0.029099947710424144
-0.7061947010088078,0.9817778613270469,-0.17917914717993538,0.6224324178843923,-0.09909055900646854,-0.006348831624934445,-0.12244510634625907,0.47481876415095475,0.7438296065341922,0.8559355720779963,-0.22136255597733187,0.009860151367906345,0.0009399836215386176,0.716864164139115,-1.2352026294106777,0.13758417125698524,0.5257207376751922,-0.10817887578708982,-0.269629115844993,0.7063378731953864
-0.028710383442212748,0.002940897076359094,0.00504905333051592,0.0013756299954067411,-0.024649823805300737,-0.016221943554994213,0.03690941121186453,0.015763453595278466,0.020160343883076783,-0.01435655690643741,0.03340445733912829,0.0024728443327399884,0.0035298025793624403,0.03176299895788584,-0.005059600873263074,-0.000888863659715625,-0.0048683428677913435,0.008067554436055483,0.0005029667326130194,0.013527124240608594
0.01768574613967496,0.011761746976414071,0.23830259679156213,-0.005452650291549819,-0.10186895769594509,-0.0002779914655039479,-0.046504171714883226,0.008743535711443148,0.013396756050988563,-0.01780460151904677,0.24483670016947837,0.01447040980436833,-0.0029174746498223988,0.05222879355960107,-0.01111727842944188,0.010749314942913075,0.0035519225213556404,0.05435393587217177,-0.004434952803415942,-0.041268251958154256
-0.2408041790362915,0.15741235077937651,-0.20844381595656167,0.08372812559841677,-0.3684853364006901,-0.00942189817530159,-0.17924989781472628,-0.5828811255826564,0.0009618598219240364,0.31135137244936284,0.15111381259613238,0.008322095801275037,-0.03457292292832942,0.2816367716827609,-0.08845737623105618,0.3386755823695779,0.2076967082759015,0.38393133837265275,0.10698287091307343,0.6863947576474687
0.01630363794758529,-0.0069619796075850345,0.06481591328742453,0.3632261793768369,0.14729099495047604,0.013524859221369078,0.03892075862909663,-0.09591808940384167,0.0017815537603843735,0.017064288100185884,-0.03425305964954376,0.008994238352466908,-0.003985640278988256,0.015151252279614601,-0.32678849437414775,0.01073145996814828,-0.011130729218015377,-0.06446628811623856,-0.019178026074627656,-0.04252099354602908
-0.005137269816900053,-0.027291201974071942,0.010969249284155684,-0.006482069453397525,0.020219141473732632,-0.008130959845528118,0.020327688079601655,0.024582323971963603,0.0004919070361394037,-0.01920637582578727,0.017453282924228455,-0.0092185428452744,0.01268485691252337,-0.009988215354401362,-0.0040104066902350395,-0.01514253960075404,-0.013209622235504691,-0.03378880409345951,0.003978537260128938,-0.012015957427901146
0.13632483707715204,-0.1799177355938442,0.08905080577125633,-0.06345212002556169,1.6653669626523222,0.23454014340985718,0.42773741809942534,1.3609974678700147,0.013226776420343655,0.3798478603223968,-1.3173264513817158,0.01932323303482069,0.47404708630570086,-0.8042528050789333,0.047344669126060814,-0.343223275771733,-0.1360023205926383,-1.2767482511073125,-0.08863987248413097,-0.2958663435079733
-0.09588502117338088,0.032551667179995664,0.23170976168011884,0.005718486700857409,0.06538894640137219,0.352097537941957,-0.38069940325355534,0.14758212764976186,-0.011821285840429274,0.12482955480011373,0.6269448472524051,-0.00707329276718909,-0.0103602017234357,-0.2547229748350809,0.17822061072545076,-0.000769256482732076,0.06588046920130548,0.22203038394370658,0.03904901984142083,0.42195495878219136
-0.016834431999692562,0.008413677342086142,0.010360594101867762,-0.02920754207349783,0.9988627864316263,0.017224380514099306,1.0324362006444237,0.657597977414311,-0.011695751894351798,0.021000581168680924,-0.5826944633742352,0.006811606557053164,0.018868648471297562,0.011554488822218226,-0.21236306094486457,-0.025968953126985668,0.037792520204879,-0.5001280497319723,-0.0008762923798149268,-0.12666785397032745
-0.12741104450364574,0.0677769390921285,0.0012568268017238756,0.04611561179162933,0.17860502682351273,0.041780621476228956,0.04436926809977736,0.1473019581305716,-0.0038985498556933723,0.07022115872857057,-0.1434508412729174,0.004785405024613647,0.08775146587205458,-0.061615994739411074,-0.11152502095555578,-0.06308380915726526,0.10688229887801272,-0.16246119710740597,-0.010855527504186143,0.0688781713857911
0.028543839582464654,-0.03625105482299677,-0.00032281401057495697,-0.02736130994468685,-0.029643538106706502,-0.011163693568541048,-0.004547352538718993,-0.02942533283968669,-0.015477766215246044,-0.027787876214263645,-0.009669670851422282,-0.015406842368055802,-0.006628470887677456,-0.015961839565757974,0.04320569983026126,0.008487630935712785,-0.022808233974618466,0.026096707451411585,0.030892092973830686,-0.0009468970854255125
0.676052873251832,-0.31812565016337563,-0.4799008857833715,-0.2590459232052235,-1.1465984629513088,-0.01650852069885157,-0.48990852336974067,-1.2928143135871522,-0.0054080183469221756,-0.8441410280606739,0.29363994224358136,0.020286713922787258,0.0015146128921698834,0.7467898437287722,0.5163477455972895,0.9584488655110853,-0.3620766745779749,1.5918093117365961,0.9334445879366534,-0.2590514080320234
-0.007116816859075165,-0.03850956183591205,-0.007381180675549727,0.0028939651140055178,-0.0028336886607305666,-0.009917907065118305,0.02429591598256509,0.01638927679082397,-0.008909638600279839,-0.005414678371402447,0.01632833703398425,-0.005855739451229332,0.002331057998897528,-0.0024460784662756886,0.03876038815029344,-0.0073592946002220185,-0.012778351657844179,0.03432713054263351,0.010046199882704745,0.0024825940580747267
-1.1807750667027619,0.6780730782559353,0.2110442408641589,0.4595658134946867,1.2912402010249493,0.4013283567481501,0.3229472312592734,1.731915548007075,0.01016412148599883,0.6674554345529761,-0.7079878056982398,0.0035917862942672915,0.7911281163858837,-0.03594418586233124,-0.9218112403000482,-0.5922071912952714,0.930198283678703,-1.4083689102154182,-0.12766218232887075,0.7967917161884993
-0.5354976646092131,1.1916824220323876,-0.08967640927522623,0.1836890738707383,0.06917224646239375,0.30233201313284164,-0.05661354583307164,0.4904347708308942,-0.007657949670798782,0.018216681286489053,0.16426259398130164,0.024126496287483982,0.6356651379101277,0.9014419058921682,-0.7669708775240017,0.1087766367614907,0.5348398090697218,-0.033525253875311745,0.46306993632136734,0.371315711097075
-0.019242469206469978,-0.02540494904281764,-0.002005686131946502,0.03218898956163274,0.01882881908689008,0.01853503016047966,-0.01906830361030171,0.005221577959963487,-0.011178890241393612,0.017552806169406698,-0.019055284059089884,0.01669125777064337,0.014306249645493596,-0.06086285359028705,0.07729033156771313,-0.011844521020807297,0.01133302731181503,-0.007395517689268844,-0.021636696422711026,0.011527336935119202
0.014463891240149228,0.001438873096318515,-0.015709015877655063,-0.021161031967256265,0.40575043732899374,0.005235272776934615,0.07181019326499796,0.2829864317418295,0.006828984687281388,-0.004942195317574472,0.0487438344760816,-0.0020237637146916995,-0.0002183439827997632,0.6680792754477461,-0.11579306908185226,-0.0062247987461794985,0.005051811300297754,-0.21371767867706787,0.004922436620504402,-0.16640929870812587
0.006923650897898272,0.05018510354887823,0.010868480306232903,-0.001545536279969104,-0.04010242967961554,0.01815627823375332,-0.026970362303055277,0.050985856311580084,0.00689880568608686,0.009563833643658877,0.047791719318986035,0.002919411364148778,-0.004827750171854718,0.06264720368298478,-0.026127487909650658,0.0003605577485099645,-0.017017310004503128,0.046224335111979056,-0.02460860504421187,0.006806294137997871
0.6055191990634006,-0.2980444849308498,-0.36053281855860997,-0.2273319774639918,-1.2358896670660526,0.16212557942433398,-0.7063744113372246,-1.3075569676883365,0.02178111195441066,-0.760050959888084,0.22592256363616953,-0.002197910706389335,0.01956978482364024,0.6486300339375829,0.5909559858016378,0.9580138990540848,-0.3448130924678301,1.7303415289591462,0.947986985991613,-0.16268513541563268
-0.013541088794562176,0.01830918546350116,-0.009786009390132746,0.00042029222682044357,0.3013738288228373,-0.006013924219075441,0.0704345605544182,0.21413830743766743,-0.014332703079998947,0.005696277258772062,-0.15270988069297195,0.024284099660686592,0.004664699274369893,0.00031806006006703576,-0.09931716343116735,-0.017346847559540315,0.016909833268515598,-0.12903418961639138,-0.02940397002479259,-0.06336962220971747
-0.0273790925561992,0.029011912138339153,0.03268248769098502,0.02281100615987547,-0.003730162372519259,0.016731188096820414,-0.04367166096423018,-0.02050583288270525,-0.005964093044743824,0.003365654688110596,0.0015420148188945507,0.014782784803893168,0.015286574678444293,-0.00024426411951952026,-0.00982016819767044,-0.018580475998359356,0.008525612774034012,-0.0011563142498233108,-0.011475588923584634,0.011624070729361202
0.789105568612138,-0.5847095281634916,0.5076246418171115,0.46892694515963773,0.6074426087837486,0.7167499578924985,0.10480073654814025,0.5054567934843319,-0.010731486860274378,0.23490495788028562,-0.4923278920317654,-0.006222926462231139,0.00476459259161803,-1.0536748808850218,1.1198533057447848,-0.00918919176215775,-0.6598602982582574,0.2345974942350621,0.030352614328433284,-0.702026075123116
0.04077344373939537,-0.007317172044379764,-0.04668022731217606,-0.021335037373053374,-0.023684730334949687,-0.02067399072894913,0.8729208630780255,-0.03174614150974019,0.007326418707530246,-0.0024253631772107685,-0.017188100361129884,-0.009581209291673507,-0.0023892271726011017,0.035606525110149,0.010843690884139,0.0021604938367524237,-0.010952494105874337,0.012145741174804686,0.013018902809663287,0.629797928941377
-0.010874030558607112,0.0006011800273384681,0.0012196885182930663,-0.00275796112238402,0.016520841964625926,0.013778012180586625,0.025602749297318848,0.04075362711830448,0.0015732923661523467,0.024576802009739596,0.06031344426189622,0.01132087387810853,0.0025155088261020558,-0.02076600837131164,-0.00427660936080463,0.009554646212982182,0.0072984614364745605,-0.03120759091963131,-0.009701934201159513,-0.007837504250841176
0.053556870439827486,0.014543801415025318,0.008729086496735117,-0.010163478721493304,-0.04525510901705572,-0.006192723037090092,-0.0009162176704857743,-0.022523032269776,0.003078644062362371,-0.027830475913940302,0.02016834998981093,0.007485680439178353,-0.022471256071624625,0.04091356766706413,-0.020911343150638063,0.03597058536200849,0.0017879475309948328,0.05393906900291449,0.016003091468662876,-0.009411741703132
0.041027020111595584,-0.0004329990520554657,-0.04050906136887472,-0.02343465895139721,0.8459325588167108,-0.04425716256524445,0.2510269270900343,0.5557734715048394,-0.014827026830996782,-0.01806083851947875,-0.4445870483871053,-0.029699513532788435,-0.006067098918029628,0.011825286988155057,-0.1798727034805349,-0.001249563393549129,-0.018398794147430828,-0.4354061453158117,0.01348455786704289,-0.1583973327245115
0.6235613562962895,-0.30431267354604474,0.4183033459943368,-0.24187214125223475,-1.4607242902722368,0.01018386768270695,-0.5312220545524489,-1.2636930590708626,-0.002364705549538327,-0.7484061824297398,1.0438642591299054,0.008265021217751066,-0.02388862655083133,0.8021157752615192,0.5969472556148061,0.8889652240147808,-0.3555889876661553,1.6852301329038775,0.8535485038799331,-0.3631566114516436
-0.018508853007898275,0.49585164791655,-0.012570151389091212,0.016664395970579227,-0.35053474964217834,0.01162071111204405,-0.12928929263882763,0.13449580130522595,0.02108241388880799,0.03713570825044689,0.2607316291986551,0.023073277150202222,0.01153170021996425,0.5636177917047628,-0.203025967404856,0.024952362703907955,0.01981359854029958,0.19602486504500097,0.009550310658225031,0.0628847453867118
0.7062067594987809,-0.41456175274834584,-0.4118348463412467,-0.282708877519449,0.26329386689230927,-0.0009684414531291544,0.2078589837922795,0.28893430885749033,-0.01670321909609172,0.010622055870228922,-0.9153583657633273,0.017759841635512964,0.01692773782485255,-0.436645626526907,0.5356836310505775,-0.02022673811908399,-0.4786623089930768,-0.1283159284417893,0.43036156663412695,-0.37678595272618903
0.01147646678642941,0.11284480481232376,-0.7443074021620094,-0.01344319317804715,0.1689784216553808,0.003403253363483308,0.3391553625088107,-0.030992723631775812,-0.010557825632156844,-0.020514312173476445,-1.1181949961079638,0.0019848579545060844,-0.017100230969986197,0.06697523157254123,-0.20836613685527372,0.03504945645848963,0.1560647284645225,-0.06416958522482508,0.8822278895300478,0.2722257699722665
-0.5212278079049534,0.33358494926260396,-0.02509215914760709,0.20563043361170855,0.11593114177294436,0.011120853651002271,-0.14304514363425655,0.12781148086493288,0.0063883473750877325,0.595231715829275,0.09942983022578547,-0.000548585544859986,-0.008288173797938881,0.023568181478421914,-0.31954358343098976,-0.0518852845721879,0.36727984794385016,0.05256006260797021,-0.25670248166514514,0.35900022606345044
-0.11926158013517218,0.5144974737332502,0.03325319205118731,-0.04484989662420647,-0.13035453632421984,0.2309103346509346,-0.23778410331675626,0.49292297175111105,-0.18893245840588635,0.12955696703060698,1.028614666958016,0.899335956567062,0.022834046415567626,0.7079682833643782,-0.11304021243258487,-0.03979208621146864,0.07673527499245036,0.13139712069766213,-0.010722534210870303,-0.16394379653621136
-0.18277507097694856,0.15811911714876864,0.44873627172274677,0.08022982691112403,0.08624687827461341,0.7589049028122037,-0.8293192527183862,0.4214298865173052,0.010396505427793832,0.23343101007513242,0.02285938905773291,-0.016494917558932235,0.010533380957953455,-0.45694688805545697,0.3218708468570942,-0.0041183421207212165,0.17909397241382444,0.49698222953429133,0.05393731255844062,0.13637964302641353
0.05474029326486331,-0.05323396018985265,-0.020942447096332348,-0.014403523206639228,0.2611404689925148,0.014674850312503382,-0.2890592140662832,0.12017413391541397,-0.005814931519600126,-0.054936374609016826,-0.17232668090493403,-0.0015164105009329238,0.004986295055552131,0.018049310782732548,0.0015864991755527927,0.01507238983150505,-0.02028766670522622,0.6083331111466387,0.025082204336896136,0.0554985946465112
-0.04508549350021192,0.07054810396515598,0.018699077147520185,0.15248436279751587,0.00848694016274512,0.010005348575315124,0.018565305530788983,-0.042599211380883795,-0.0012085578707244984,0.022450386021372105,-0.0009476046555336008,0.007108058558724731,0.017226403952345266,0.06658812758263294,-0.18600440141999078,-0.03044233458109336,0.07701363798297159,-0.03287850144829455,0.0051518565272999075,-0.006029160305173533
-0.00814644711765735,0.30736977553291106,-0.0724414636263863,0.20692509682926472,-0.1558204162014016,-0.018718258412434324,-0.10880798377470102,0.1872248804684997,0.4388134691129879,0.020741088678138515,-0.21085671091413832,-0.01880911186145094,-0.0005119377206255285,0.3753670678114965,-0.46102735784144266,0.08581279497405017,-0.006222907077742873,0.11633996586026152,0.04406963713312962,0.12218995942563816
-0.0046029686978641335,-0.0005339945418525258,0.019395478175430764,0.010155356382869412,0.026822820233916765,-0.034936617938647024,0.009623044358065772,0.014381225152122451,-0.006274101390592768,-0.0059325460716345025,0.026260248833311864,0.009142790729212404,-0.004016441980050293,0.0027088374041602764,0.01704356388106137,-0.012643715632961908,-0.007724920421877834,-0.013713799047870085,-0.014772645706336048,-0.026038506580708318
0.015913424407435216,-0.03091597047330655,0.009453361493698832,-0.019603783761200394,0.29379788669921436,-0.007511264778760012,0.09734196261854967,0.14148203950194,-0.016541088548407624,0.002628005532442832,-0.1803292198784319,-0.012354289687538258,-0.010076516801509531,-0.03741236476097433,-0.013499556014412335,0.007013308175323192,-0.015640143864415323,-0.18318111806996065,0.008644814967003952,-0.04924562230829636
-0.02218113394002917,0.00792980726826791,0.023230235262874915,0.001045351781107635,0.009929776873838864,0.0032971882400969063,0.014990274429477757,0.7576187672520528,-0.03247886889162649,-0.00030217313200614146,0.017540047107176465,-0.005209740968502206,0.004048077098045081,-0.013890767235049813,-0.0256200679931604,-0.018992482395801084,-0.004610014305564042,-0.01131445317249618,-0.018207807436845993,0.005122049015568937
-0.8384561616941966,0.444729234377191,0.2357274253473949,0.3562654498861665,1.6573885835455153,0.512489598954084,0.40289408765596446,1.9528064648673746,0.01840716735740713,0.7451678635393343,-1.0508336841969907,-0.007614842864365323,0.9544015535361742,-0.35997788042687584,-0.627081468847628,-0.7218496654853517,0.6560014591830257,-1.7315725319639081,-0.18570971848802892,0.4761933007625016
-0.017957191200566845,0.006946412077578849,0.01467301816451178,0.003547623932054646,0.0067102185651985976,0.0002140913422706359,-0.0060507248891867515,0.02074903468376464,0.0014787950096187487,0.009041592582658655,-0.023272420220644574,-0.02641128326841516,0.000582314369828195,0.012395831847764065,-0.01153600545670765,-0.009766840024426234,0.0003211760714957896,-0.01232939089690399,-0.0067998632132736,0.8594390610739411
0.9354545847819835,-0.7043965607058654,-0.229117389237348,-0.43197381810599356,0.18143326032106127,0.12399318012510968,-0.055088065196322644,0.39540108640527283,-0.07564799488385679,0.06294902475942094,-0.194929288018286,0.38719698837379996,0.017934711013791304,-0.5293238006373312,0.9386847622321454,0.0027028268169948,-0.7481948616355633,-0.015310276032732236,0.013477559055616983,-0.7732896174445829
0.14714769924784338,-0.07945591476694745,-0.1149930858072347,-0.055822581849086034,-0.28657955139846675,-0.01607352462837444,-0.08962929776077103,-0.3600526700332296,-0.013744938043611682,-0.2085535133271778,-0.0038327052173921135,-0.03309256396183155,0.02468101045909689,0.17091235691290127,0.12057419137552253,0.2363445825387511,-0.08549643952571906,0.3649675816843115,0.22657456568358092,-0.0377271471451521
0.000997096720796156,0.02658615001218854,-0.15742262476878963,-0.00610309474035854,-0.1905240978182267,0.13300931976551955,-0.11540838603649514,0.47374056389118374,0.010646488168003706,-0.21848344985521612,-0.2539155918491847,0.005639397767469738,0.2852846471546646,0.2916628784684961,-0.025386744217796294,0.35275301239147727,0.10597611351761146,0.4172532329479051,0.4951802290783811,0.13824116483582227
-0.20206007989564825,0.1652619168236731,0.4511035231310277,0.07169605512803512,0.9319638175477795,0.7391072216508501,-0.595272350355437,0.8600118244318944,-0.016947734100572022,0.2409116361054997,-0.4241775624477829,0.011617979487568455,0.0014794154275338915,-0.4236119717119744,0.12953011814801815,-0.022364176938167363,0.1761492239641281,0.06932834932627172,0.03226592722342574,-0.00504649762553036
0.03875884267122816,-0.040557481696842056,-0.03239850634016228,-0.0038714639351221866,-0.019366829466610617,-0.010842014228386834,-0.004342842526162038,-0.020219030270132325,0.01257428105640974,-0.024118604422139686,0.0035798811983270185,-0.022509527405985375,-0.013323057845164308,0.0016085950354599188,0.03070800257187023,0.007862419264724842,-0.05151340859520112,0.045736292630019396,0.024804760093196217,-0.032217162625305655
-0.03591251478962775,0.07323095173717502,-0.3641714784069303,-0.010855196484608096,0.12325619902696393,0.011407029249794715,1.1683895832136721,-0.01414980103981263,-0.005735698651933458,0.025903619421421192,-0.5796203325047734,0.0048185121525457664,-0.0007286713166049204,-0.01636139705868299,0.15911545167360225,-0.027342029773389367,0.0967793033907704,-0.07366683205119696,0.43370640420997475,0.19232946707491103
-0.09883154476143953,0.3888662572519839,0.13122695097357345,1.2218845283459165,0.3346288483575621,0.04465244002167776,0.005369830112150434,0.06347578425458489,0.5049081762568487,0.01976313774817715,-0.35801059214962827,0.0034639239404369547,0.1027202629416576,0.3969846908720628,-1.4518575268129768,0.03857215989329819,0.06938564423286388,-0.1291467094905764,0.09411841592982419,0.6641813335996859
0.02655695804149537,0.04776196709181368,-0.44701716978530254,-0.03043541668206853,0.013972338869499416,-0.00349989804580027,0.16477431946474166,-0.1465109256134417,0.012461973236816649,-0.0585761996993298,-0.6791063566565375,-0.008640919475195298,0.0018306395428276854,0.06897469511869228,-0.06779721001212097,0.08059274225856931,0.08095435791222898,0.07965536245911034,0.6108327379149316,0.16605135042047522
-0.003837847281399033,0.012071188954496275,0.011448420861493471,0.017401840892547486,-0.2546726535698376,0.005386985765712799,-0.06051098104368839,0.14720829993336104,0.01683070516636479,-0.0016019706842552118,0.3507441918371877,-0.01437307661519845,0.017117603352257864,0.4900974051632961,0.060733578817848265,-0.024348299611903924,0.009205135751708681,0.09962777239713556,-0.010510826855150906,0.31735355184558395
-0.8422226938918294,0.49600580907568925,0.3794255665044265,1.2894051006044969,1.6464087346957728,0.29586071371897155,0.41273070013918134,0.6953279782606198,4.154648243376996e-05,0.4518552462094294,-0.8563894918917286,0.021520375140603173,0.5547396321126135,-0.2201086289309578,-1.6081197819452753,-0.3868787285075842,0.6574770477436447,-1.3357713817389956,-0.11463284203333768,1.0892937372759823
-1.4413748594315052,0.8704798100502081,0.4063453280303161,1.2936928194033561,2.1138020493453027,0.5119440454037723,0.5747385657893145,1.2244226088414583,-0.004647969721665234,0.8064293999188684,-1.2218764314263957,0.009097828704888912,0.9682360995716561,-0.4603735128609931,-1.8503556727327322,-0.7223071851456141,1.1646715506347955,-2.0106409777944796,-0.17735828025338907,0.9073368515153694
-0.3849638113916596,0.9182776470946629,-0.05738016067639592,0.16699777711567,-0.2670544501389707,0.0014101308897926344,-0.07104926622226375,-0.08993048968830057,0.0009843789292028082,0.4898542298475642,-0.05137788100620142,-0.014216268122937773,0.00938583619453378,0.6257324689214822,-1.0228455279966184,-0.00901898919147789,1.0390862421830216,0.0014562981214465576,-0.15947962625391132,0.4211641584759182
0.007995891727453132,-0.029913231010208007,0.1716529025001619,0.8973898210559,0.3673996747099794,0.012507342683754846,0.08311205935451901,-0.2505908767593682,-0.01614257224546868,-0.0020796123138442607,-0.027800875319533683,-0.021589165866006968,-0.001300554748738946,0.011114625680782721,-0.8220943614661176,0.011837573793840667,-0.00013622169517955082,-0.15613802528371432,0.011898965150904672,-0.10985382368373188
0.017280257399621145,0.469832020104733,-0.005663204409171863,-0.0026732598450929894,-0.2478721143394048,0.003103425911846662,-0.07276494335170056,0.20434243579904557,0.002259562563536042,0.018047046919016322,0.15813579554752288,0.01658139103478554,-6.361667584113724e-05,0.42730568566009325,-0.18233436182901414,0.006815222618473768,-0.03595249019096294,0.13346142100638078,0.007119541816698226,0.06909582877371247
0.00253342354102454,-0.003490661784865662,0.01403681523474207,-0.024296460638612655,-0.005131146546325162,-0.022714199628009503,0.8062119446701131,-0.005432240515030603,0.0021692997244133166,-0.004044343606847988,0.011548914577010452,-0.024377169072188093,-0.022871148232436765,0.009477474113827513,0.011804088846328189,0.00865769997759494,-0.003272752247671962,0.03646004559027864,-0.007822443818226953,-0.002321592092003955
0.3679014512595141,-0.1067584238836993,-0.0609864938088111,-0.13401187917989843,-0.023455622663762683,-0.025844877102042543,-0.3160924366499353,0.7902564108457292,0.018444635171100454,-0.02361516055970142,-0.22080304341013077,-0.005777752809980163,-0.012733614081066932,-0.06776535958887006,0.42379788646739014,0.006313958931202715,-0.1279384035601599,0.6562998177298132,0.026913077431798913,0.3915719019014358
-0.7880093251983628,0.518767332785659,0.06446221903337747,0.3172172124679842,0.6861628540680745,0.20223960401309832,0.1894276720679578,0.4455310948592756,-0.010184857858065825,0.6194517761900515,-0.38776074620274303,0.0070064884270637645,0.35143112326164205,-0.12156711920254885,-0.5967322577640053,-0.24590840038877754,0.5992133863780799,-0.7571191127809396,-0.15459452972466137,0.5541846763951515
0.03025466585866881,0.31837231742559946,-0.7427359164245215,-0.021115601038321094,0.05911576008052694,0.04377237076573336,0.24492890963593558,0.022540553551299615,-0.02863373605574334,0.025378736042873853,-1.041735631886476,0.11881613691645801,0.01297318245963601,0.2105161865901776,-0.38493013685772914,-0.007409205138026885,0.3789932522514584,-0.02155619946248359,0.824352199065473,0.2866824944010273
0.005341983419662659,-0.01232257659679653,-0.017995017446203736,-0.029352942442574855,0.05501545765698908,-0.006848721025393013,0.0455029981729428,0.03626835079336632,-0.019693900180400365,0.0012232851512908557,-0.05581987644347326,0.0065660533405065575,0.007556774779975533,-0.05465968567563612,0.03300034072912952,-0.006933370186035638,-0.005210675424342805,-0.06352528015266559,0.030474157188625544,0.012532010381883724
-0.01047039040025052,0.24476058387021218,0.15965423679565385,0.758221249466342,0.09155417118237963,-0.01611831765252554,0.0295813380645091,-0.1050838826769313,-0.004415802042311248,-0.011179705023192144,0.037678922119089915,-0.02721805831501245,0.0020221607919821624,0.24344248883126937,-0.7659680722767361,0.01329517789554072,0.0006347185241407914,-0.04540792242644292,0.009007617904283092,-0.03894307284201723
-1.3304432650234546,0.7584353371121397,0.2537000213979516,0.5423297071044537,1.704505474239685,0.4478680534790655,0.46933436627495134,1.2461795315022335,-0.01877430734169868,0.7259069242436876,-1.0767835947206144,0.0016034814336650756,0.894002015616764,-0.41279636768416633,-1.1282712736103373,-0.6544854028143172,1.0564305339584443,-1.7286500829674227,-0.1670943863085491,0.8637822640245512
0.028522931660343358,-0.016407086825947444,-0.0484697588981442,0.004584898793762514,-0.017782499815550006,-0.015443563799382904,-0.021853448353932547,-0.029020493329772294,-0.0038829521529564533,-0.0289288987257188,-0.0033490470500443376,0.015736507311048673,-0.022619404369966154,0.0281834879456829,0.928616564877595,0.05039272331459879,-0.016732550954748123,0.03533717498254876,0.03506876890892915,0.00916205439614537
-0.13377816712407078,-0.05740581404855906,-0.36328427770852606,-0.03672217708959477,-0.021072902998320653,0.24826213927777374,-0.16946835986814102,0.841709196750071,-0.21915835066671052,0.13686747483288006,0.8166951509163834,1.0055734019227742,0.001979298274731633,0.2233661729220297,0.15051182570339786,-0.0595602655796284,0.11760669498114323,0.14649397009769222,-0.019622305732626806,-0.13710798419897657
-0.6434357249052078,0.3719048413754964,-0.08744989272389483,0.25868587507240876,-0.266706255837897,0.006913446825664787,-0.04511270490756696,-0.41652865374771814,-0.013443887147174082,0.7927625013963671,0.6426211727868495,-0.012215348065438348,-0.009050990414880819,0.6933806102606097,-0.3165380907223465,0.007002581910854257,0.4782672629611423,-0.12089136281801338,-0.3069156880404328,0.44615342417080345
0.002392673013318993,0.003013125398817725,-0.007094313106229162,-9.875232724102564e-05,0.036782150596689864,-0.007816559752100084,0.031190836883534655,0.03785826787548968,0.013622570257361966,0.0011946820991987498,-0.02178550218629192,-0.01335131935807156,-0.033490824062456986,0.012817051106316497,-0.009703826990560688,0.003645544627234742,-0.0236964377699082,-0.014547543166860502,0.017306456491633086,0.7355000352815261
0.10134553034679188,1.3983208679434698,-0.10969530968447465,0.3202965284420537,-0.8694910303719456,0.01699605717660272,-0.3918955505869204,0.7075955797632725,0.8241509169863028,-0.14002032408464982,-0.05631675761741429,-0.011494783560905556,0.011657239420197307,1.517765396404447,-1.1051641683846596,0.15748851529926267,-0.05217126832269502,0.616056437955142,0.15262650637774064,0.21272768350468088
0.8491020743338269,-0.6418560301911064,0.1824117240902342,-0.3480990440864462,0.13885669643653617,0.04324060295919751,0.024872062392027612,0.3805521604871463,-0.03615032278635191,0.037966974216005096,-0.1290681660393432,0.08314212532515143,0.020680977085919407,-0.5074787661063695,0.8135364276773077,-0.013840916734385415,-0.6769271249359626,-0.10963884585240413,0.019095605979320876,-0.7076522656476952
-0.010788366718897652,0.01601071502086246,-0.016931569788254976,-0.0014816628245801489,0.01277332122604657,0.0027277859408007497,-0.018174826157314437,0.36435580216880525,0.010422911245582258,-0.0023205252551322915,-0.021637164279769566,0.003954003367007141,0.007755836848536317,0.025730104551775566,-0.0015175211591990975,-0.011993660178472844,-0.00634591803224371,-0.011843410240786128,0.010318923277123668,-0.01066719244913272
0.4486233683389005,-0.3332454554972435,-0.04097825455412139,-0.17421824697368568,0.06890881643449366,-0.012590258531834292,0.027125776574308886,0.13892167984845147,-0.0044913232491577484,-0.0013954733760036557,0.4517640474721725,0.005398163977195519,-0.021142592802287218,-0.28977088864358685,0.42458611253265455,0.024573725199011298,-0.40619480571225186,-0.031308209390683316,0.001419067122494839,-0.5750803704827122
0.016032278367837733,-0.0056535425596871865,0.009262793007574715,0.01102594006268825,-0.008718968868845264,0.016889993577379067,-0.029057368505875487,0.003953886672221308,0.010432526070505729,-0.022291721674701517,-0.03853655684775916,-0.015581803307211888,0.019400938381653875,-0.021258013212959316,-0.011484597299574791,0.02110959202566768,0.003741844108393156,0.03450721780781626,0.017462285520774626,-0.015265962116480267
-0.48650712284417263,0.2996465824267827,0.11351148134732596,1.0551663350939686,0.4560145726046785,-0.007567934981375585,0.11823292005626576,0.6164001988271106,-0.007063321844489532,0.6202287627742777,0.010202386345676627,-0.008404152013392936,-0.008427956960902637,0.016458705788810726,-1.0617406409150034,0.0033715335544787076,0.34956882638127956,-0.4031595939755636,-0.23381822248508902,0.25248087797442087
-0.020933681705048158,0.013858958893801634,0.013127212831260289,0.0334923947992941,0.04455762753564942,0.0017310468877201172,0.007423617706986549,-0.006697530200765851,-0.005403785128941334,-0.01190060381585901,0.5576474596891747,-0.005306985976811356,-0.0026034719488227274,-0.02322879903392218,-0.07481361984796667,-0.007648877678429092,0.032686739771055275,-0.02421946501676319,-0.0073048854216393976,-0.1914931061312567
0.017092714083641446,0.023967902263265534,0.0038507872970902197,0.007304432402998688,-0.003630217124238139,-0.006337129323427952,-0.3462635709110874,0.022619337074260334,0.013741619201445517,0.027897738874800963,-0.02099397041558548,0.006970251707035765,0.0266479710075656,0.00044018323332876193,-0.0011125820459607584,-0.0292962098331945,-0.004429911943773788,0.6670293440752655,-0.010038063841522633,-0.0028491809483278297
-0.0072152711589629215,-0.012069932862066667,-0.012233904287039741,0.0013798170357448717,0.00073177275691471,-0.0007480118491814082,0.007647174991737404,-0.02747751016600461,0.004265253390133877,-0.0071716074882084025,-0.006126709258913277,-0.01629335806197371,-0.0021055065087992727,-0.017900865040310944,0.26129041080000837,0.011702866431858139,-0.020482693366613746,0.0024815991027107263,-0.003647155809040869,0.017576176197113574
0.8127962310688717,-0.6019177306047752,0.728316700785039,-0.32187139142583526,-0.04090596028538741,0.0026618581631597856,-0.008742410830315617,0.33975388347592517,-0.006704893661747622,-0.0014648753185168822,0.37014370957209963,0.037552878601091,0.010136524931353507,-0.43182320357782117,0.8208488858014177,-0.004388387158769321,-0.65781174898314,0.015780816546540094,0.022716472533172404,-0.804465847556325
-1.329933816980241,0.7483902935720858,0.2798933715724796,0.5369455367000678,1.9749872256252492,0.46922449379376685,0.535521210198369,1.433941143807514,-0.021449208308072263,0.7357409206659802,-1.2376604782331124,-0.0014057694279433208,0.8981366143335494,-0.4502791238008297,-1.160075041115485,-0.6771965331086637,1.0459570193878316,-1.907134838672047,-0.17417983008974022,0.8534258152921758
0.5670496008799072,-0.4157773356727705,-0.09578137006781673,-0.23624901761656206,0.09706498153181341,-0.01849665961189706,0.9076734286080687,0.15953460578112671,-0.006749261125549101,-0.025612121120465355,-0.2803354472496198,0.001465905804915047,-0.009897767313159897,-0.34676279992280956,0.5265719225339353,0.007917634091224073,-0.4732246032215359,-0.058976184333410085,0.023918564724510677,-0.43565002056021734
0.13002695959670582,0.4649685182940653,-0.12539080654505666,0.31179721297715995,-0.3702497120484305,0.003179138543617726,-0.2337379656297033,0.26102725715754715,0.7381918026022618,-0.15125416641992576,-0.3086022656616267,0.008628753970017226,-0.01562039872210489,0.6560604155904053,-0.7388396056079509,0.17669230055898238,-0.07690749764022722,0.37934212819901264,0.17169230966939258,0.11332688083896036
-0.05102634807322224,0.012730274498118097,-0.0008801096569314628,0.006720733311939632,0.010298387952128877,-0.028368430987537815,0.0018294138155036457,0.008513259761043479,-0.007592931501324766,0.029960170549639464,0.011153834075532937,0.011315955671358353,0.018607995656514,0.028605533388761074,-0.04942891905196585,-0.032621004012221844,0.024238498246334193,-0.02715123288968923,-0.017152296658223147,0.018132123052123094
-0.17924152515056577,0.13498819753774963,0.4403068583036149,0.08086731523470576,0.09638644993632647,0.744687154124228,-0.8488948764723299,0.32747760037320106,0.0250939890548399,0.22958905256511195,0.01000830161571712,-0.01368713127531211,0.003318476607084715,-0.4624762084815126,0.3518912330254828,-0.02510723012230259,0.15672608391468698,0.49712033808347883,0.0544174080317069,0.10053127609575688
-0.03722620066468132,0.017500921051668374,0.03241860582090031,0.030939681701166375,0.0075903858591993036,0.005404313669468302,-0.019135985187687214,0.06007084476020936,0.007933013346296472,0.035822086925545026,-0.0017030021212555667,0.0006911912362145868,0.018585589892524866,-0.00528349673738376,-0.047541132528879426,-0.00901179693773659,0.01505468304416447,-0.02878379898777627,-0.029850886854606545,0.8789805491990547
0.627754401594685,-0.3253750283707449,0.09119141827391647,-0.23988298524194107,-1.4301233588291549,0.0036858132757088993,-0.5625526562467631,-1.3344690460351754,-0.009595731000528587,-0.7962387681016208,0.748301239448272,-0.0028036572740200404,-0.017404572953128125,0.7924310022495136,0.5944341613865202,0.9388165740936766,-0.35596460362532006,1.7190867208795881,0.8957289950814946,-0.30600111491935617
0.022135913893347715,-0.014304561848597522,0.0071759423344156595,0.010018362583423639,0.027816070857713756,-0.004540558966337874,0.032129461812255226,0.01720387295704266,0.018526722542802045,-0.012116801352587858,-0.02688038305780653,-0.00786368250789331,0.004885758575166519,-0.0028601621619653156,-0.033631044892016015,-0.003918660488393907,0.009421403208387483,-0.038888937804953595,-0.01136544572464947,0.4694863715326006
-0.04287513265617887,0.029547962893958734,0.04627097527851437,0.308621406190622,0.15872373691888617,0.011796125159582668,0.014799691222442133,-0.0497980439549216,0.0009392379220689344,0.04226811344072421,-0.025448767268266108,0.018836375586337287,0.014853372948498015,-0.0054040650427746185,-0.2837780578175668,-0.008456219887622568,0.038183557355936315,-0.08236299906835212,-0.008092283592179159,-0.005882121785781904
-0.13050548710093723,0.11618138475398582,0.14711920446367746,0.047126626614626625,0.127229864782128,0.5545540615380116,-0.5483139231685311,0.2285839641513972,-0.0037535567626909294,0.15734694569136834,-0.25199877559360395,-0.005328741705529681,-0.0011127186844693505,-0.35537837032367103,0.2190874818067533,0.006811034122618756,0.1587751821088677,0.31905439715480033,0.25839033099775277,0.15023744711335152
-0.6877978734117725,0.43930706544967557,0.3182501345011322,0.328374776745198,0.20774171077765813,0.8353465485261038,-0.8716727489897896,0.23421623640291728,-0.044564139034629364,0.8593386969648106,0.27606962415887365,0.2465769811878911,0.012326091144410637,-0.36283993909640255,-0.031288680425514505,-0.011406694212793025,0.5282477373075394,0.2865583446911733,-0.16476830938351922,0.4444072670057603
-0.03762556224729151,-0.03932869923841334,-0.1852780428991041,-0.01988144848469302,-0.0445441103871471,0.12089582942415171,-0.15604465340613669,0.91603682682481,-0.11295460066978683,0.0630951530972037,0.5006573380959448,0.5607619897677029,0.0022923635127535735,0.1644466120386316,0.059484968625757896,-0.0007688267500480725,0.07110331957050081,0.11948499941927435,-0.014347826940981601,-0.11221238020286367
-0.06314270959441069,0.018793176565708183,0.1762555984039064,0.023850541243837176,0.06430076556155477,0.33361118042178706,-0.7498381630423527,0.14190133611931535,-0.0074431280623361755,0.08839735715541144,0.014874138665824667,0.014269698898630374,0.006435097751818462,-0.21264515795194947,0.14536871038095153,0.012822745552457477,0.04786600168288081,1.0052474575177088,0.018291567497258042,0.04690639203061847
-0.8061256883083139,0.48098391237522653,0.16287987741173204,0.31284779089652803,1.0169737940672299,0.2652104645275303,0.3008931155698275,0.7887576288997071,0.024819632400920805,0.42411906433202406,-0.4226146744257259,-0.00687240062789233,0.5272130932691673,-0.2163521973638941,-0.6889384845650752,-0.4281821996980045,0.6529035188091347,-1.0532991640616254,-0.10541530743303063,0.47357499859831875
0.8650219879334116,-0.613347951098312,-0.04623296468975288,-0.3491705175013696,0.2535099807717236,-0.009857800373883417,0.082424665304159,0.3800800999082864,-0.007480095511943837,0.03176047474667996,-0.49350951801693244,-0.007734061655158067,0.04662308728524841,-0.5911661790818139,1.7480403907648279,-0.026226291086648156,-0.6915318779561358,-0.13970778461079195,-0.02273849088650714,-0.6431264984695909
-0.0019093312172040562,-0.007942610246505737,-0.0063853662363209905,-0.007302892602177034,0.024681659942571467,-0.0018702793253713053,0.02215889952553599,0.010644867965426323,-0.020917089526616982,-0.0032818865175602108,-0.01207031985427081,-0.009631777289709202,-0.008913445939934685,0.009263052454686763,-0.01542724692527814,0.004821505091503666,-0.010897011157319938,-0.03665494491616551,0.00560769694520904,0.6787032600122115
-0.04265311088249174,0.003418619313127616,0.024951478551784527,0.007841597108544273,0.005420289160555629,0.011685215794856136,-0.013271495283127413,0.0117180271599448,-0.0028838581033636015,0.029934581350490597,0.005353168655563453,-0.004149196138001535,0.018983162273919787,-0.023124354935952468,-0.010484319187954165,-0.014020853436644918,0.02524692031265203,-0.022666300786790945,0.008429923264109226,0.6609394640328852
0.014221000792746246,-0.04091300318090299,-0.011894215871192947,-0.00743132228971633,-0.012519345292477975,-0.033412782545854815,0.02822829362969915,-0.018079309118489807,-0.024856854831061034,-0.030287692860303517,0.03816231331038144,0.023303994842554923,-0.03478123840360352,0.025890662737553125,0.028168380050238067,0.0003313283627736916,-0.0254840042638801,-0.011723030719355003,-0.005466733652733928,-0.0006604037463047044
-0.014416661166172278,0.04296756592516231,0.024144959225149896,-0.004019777756144174,-0.037893841873372316,-0.0068639010698795175,0.5554943752771968,0.18260240151402204,0.0029153721069515755,-0.029066595355049164,0.04181106378995581,-0.024711435801793344,-0.009192177325833367,0.039763245696965696,0.527526333432219,0.0021641273202300465,-0.005386325158491316,0.0379704812986977,0.02409556081461635,-0.0130277050829005
-0.021014520152363318,-0.064457490785003,-0.190001652453269,-0.060191069750620246,-0.046663391375156654,0.10415353202002663,-0.12600894487687445,-0.028279232816419156,-0.14240275956761825,0.05533083042102089,0.41699740065357205,0.5412832219196223,-0.0050349951278360365,0.09509252159453543,0.1574091454056499,-0.029689043342656603,0.016193596257594707,0.1045783557639572,-0.013936854767635988,-0.08905698849627108
0.011903926172086873,-0.036719698390584275,0.9375262015143118,0.9764052375028649,0.9027385650713053,-0.025310330807892974,0.21495894871797236,0.24301958315774377,0.014776117711867733,-0.0021118524670588265,0.19551621837627908,0.005654888397821781,-0.031582307984058255,0.10081078043520425,-1.0558204571422023,-0.00012136473400073573,0.017207742306021075,-0.4234681795690693,0.015064684691625434,-0.3828368495833338
0.49504075500855954,0.2531438717380109,-0.3284526165055379,-0.19930722631871478,-1.1656837505034519,0.018694014819843667,-0.44498112315314825,-0.2859531696605516,-0.003476482480626141,-0.6009863013846953,0.27620417835338257,-0.01660260566254389,-0.006597852936878894,0.9721855930546625,0.2550270594247641,0.6983787928916744,-0.26945600676864273,1.3162574732776493,0.660905632058372,-0.094492791207792
0.007941088651641264,0.2863343271720313,0.0389744786124136,-0.000599440820981607,-0.1791185904734648,0.003605935526793765,-0.07844886575184604,0.13880644664253883,0.0012236603073679173,0.015829808593086685,0.13022925275924277,-0.027390502188502315,-0.004359750376891885,0.22331429117198298,-0.0841192480568759,-0.007892779508839086,-0.02020739435199899,0.07113354936632844,-0.0372503395641818,0.029539742697733812
0.020521984919343376,0.00191847742678675,0.8153127689767766,0.0003571638930759801,-0.31589138854126475,-0.01784594747316401,-0.0961648845491028,-0.019281152100703344,0.004452965792818172,-0.03324869373507455,0.8006805643117568,-0.00040317246062084163,-0.013843782839984234,0.08589421524955917,0.09316467737359477,0.007563368024634151,-0.01725137141707615,0.14157742309576088,-0.0021245769086854945,-0.18558902906497857
-0.7577088196636544,0.4888357744213276,-0.08274183800275758,0.3107305060184664,0.13243025881707593,-0.017727842422708723,0.04815758372725678,-0.13618364984947362,0.005814916183401945,0.883771036362198,0.1206067480086114,0.013074417608740244,0.0019030726836085782,0.09533329954993505,-0.4821111775464042,-0.010423931860535788,0.5479467528800104,-0.3403480320249146,-0.3475522431122397,0.8880711366196359
0.03476223336517882,0.005581104346349272,-0.018050061517317164,-0.002732516031585858,-0.047569082354115874,0.0025739307350230514,0.9597308558698628,-0.03896873424473128,0.013713193951124664,-0.01770790491217997,0.0023474786003312453,-0.012258794032314738,-0.004094737623099675,0.031096346247010086,0.023470815604644348,0.009741848351852227,-0.02250003683049569,0.018046644810497434,0.00858764762806153,-0.024037542655124002
-0.8903657200787735,0.4079356156788512,-0.021831561408049226,0.2703064832576488,1.001971104631363,0.6412665313682228,-0.11658236034060397,0.8231753448287826,-0.16766353536853448,0.5686976364335744,0.04254860913991301,0.806200344175592,0.531778771853324,-0.19086559407928924,0.3563336559146591,-0.4598637055362036,0.6853628398415567,-0.8366815040703713,-0.1315115167158019,0.38507673086475885
-0.06657780054395161,-0.05188532287344819,-0.26610344204338243,-0.043303870243776785,-0.02260313418353169,0.16976210013418358,-0.19418666843980142,-0.03918380489457352,-0.13950296530968684,0.08745158634390976,0.5489475087542965,0.7352858138885742,-0.002632480461738407,0.17990014912492136,0.11837617646191388,-0.033990732141306684,0.045743449696425936,0.1001031143694968,-0.024469261369826092,-0.10722208596402422
-0.01835107461715539,0.002502919251724238,-0.01551616557296404,-0.006955624508261965,-0.04002674294647104,-0.02548219816396645,-0.007328516336252795,0.009434282091047012,-0.0054456017128688755,-0.01284864578609033,-0.015599983430717645,-0.005583797684693132,0.012268457282107072,0.014429156962934222,-0.005877998890417147,-0.0038912811016632905,-0.009383973156297938,0.002663893885201697,-0.009471211492718085,0.05314597924970227
0.0220978835769036,0.1337984972969459,-0.05011287332699054,0.07383389814258406,-0.08538793884114768,-0.011039614849277807,0.37847773917725613,0.08386870514038416,0.20796406357569647,-0.03172346591380135,-0.08795437038722011,0.013871443068097122,-0.016636677053281368,0.1826257296106609,-0.2053219585044768,0.021464846252026444,-0.017545812595386994,0.08773296366699851,0.03147749762322485,0.038383438846024485
-0.006678821964451737,0.035697890727157525,-0.002170706588082855,0.029564587129623503,-0.026341026682419992,-0.0002971194042201272,0.1695841793756831,0.5841448805979548,-0.005860537094594035,0.0030482237089007767,0.016100728328203924,-0.0021346768990775956,0.01036032972816175,0.07805603629544425,-0.047595869092846674,0.015303862119837803,0.010439716576351527,0.016146808187438785,0.0005012267115132116,-0.005871792969830956
0.05918259634047991,0.3643420799780518,-0.0913357337431513,0.25685574267471617,-0.23564823671749335,-0.027876933283184205,-0.12717728618750135,0.22161118703868887,0.5827738341787502,-0.08822823720470836,-0.18982539404935667,0.013407430243785875,0.012626721879432963,0.5427772772290997,-0.5907088254861144,0.09636069743075504,-0.02918993501067691,0.19196444177203814,0.07257255167818452,0.28427575914107367
0.3105258464184213,-0.18477052637375016,-0.23645952053842414,-0.13566944191288569,-0.4008833731636536,0.005338621758288989,0.022397405720922366,-0.2094163795411973,0.011805889055093423,0.01665880689850323,0.2423673176250364,-0.007998948130925282,0.01810205490770842,0.7495167019403969,0.3344191086090195,0.00804782813767737,-0.21687470293375688,0.19326241678251624,0.24541242421318107,-0.20093653879230186
-0.025588898343053938,0.006270578582386499,-0.0006156754337782793,0.022409880199080023,0.025663780593978537,0.01018222541925411,0.012650425357670247,-0.00927294907828783,-0.016236726283378924,0.002828315326273624,-0.008108728340719063,0.001127911879021783,0.009456023509792005,-0.0006668134710674407,0.8930615560265298,-0.0010801242160016437,0.013053733061437537,0.0025995326733337393,0.022307213612890342,0.0030910884152930158
0.5497466460702658,-0.29174553935542424,-0.3807708803388528,-0.24146565081009627,-1.0994827086578538,0.0005017007014457495,-0.4428539648270986,-1.1683970507603625,-0.005247179789178701,-0.6993924652592849,0.1984453924714372,0.0043322775233004575,-0.009851983253307803,0.6866816134922777,0.515273363670421,0.8258407356774309,-0.3333129445558708,1.4214442059252166,0.805791730962871,0.33402635199397934
-0.00319046899288942,-0.032702721824279884,0.14673391230699998,0.7468096431268453,0.31508150773410903,-0.0008076356363510317,0.5791994200044618,-0.2137178258344265,0.014929556896816878,0.010924560895425602,-0.09632893239785682,-0.0019585540990575585,0.006538785767733233,-0.02545176259861502,-0.6741931626960669,0.0069956836069777085,0.018886281952107484,-0.1324488764684723,-0.02366860388324951,0.19296353826226414
-0.04117614019294956,0.019540967075093927,0.01942330816554996,0.002437522743204633,0.04480288258926302,-0.016940133558991884,0.02715644813814771,0.05045444949634397,-0.00764721372573464,0.00846227987986957,-0.047900242303917324,-0.01195757110060016,0.005413283054156162,-0.02037387004564617,-0.022971251274745197,-0.01105745147050642,0.041413106276994655,-0.038204225134225944,0.013714573216351453,0.04302848003448024
0.0195493601895967,-0.007283106723729332,0.9462462624875643,-0.002611651059544713,-0.3761112382859228,-0.004277810602750383,-0.2802249659565464,0.254500770537661,0.015239774286508329,-0.004214046692885831,0.932902376797605,-0.0061152772171793575,0.01919439243035634,0.10712351425312434,0.09650336023757647,0.006690399114434358,-0.012739889383375263,0.5592865456580325,-0.01378012078509787,0.3718393257797766
-0.010800236373630971,0.013890434530187264,-0.03212645239508091,0.006558920440913158,-0.02712215037717243,-0.017826774328879497,0.026468909729199647,-0.010506500008217578,0.02086060006804967,0.006068761728644354,-0.04127977415812324,0.0008362457567080775,0.019827314578673497,0.03158403578339869,-0.005159721616676836,0.00877689617027897,0.0016976740641527774,-0.005682306867622335,0.02505416525559161,0.01669615420029455
0.02193956504378799,-0.01637517534114719,0.01573664668397236,-0.02747310408301895,-0.038416046200556414,-0.02334875330386761,0.03472957800968955,-0.029449168453094594,-0.028607913992444757,-0.03576611506185995,0.03786694068666818,0.01796763876501105,-0.009641264504737289,-0.00026603490969702334,0.04436476730325939,-0.008944234448221932,-0.040082810118790384,0.030725301309860262,-0.004858130673853843,-0.04682838054694886
-0.02468074599993052,0.018767840587242582,-0.00046056993847244383,0.011936734026737977,0.0006372642437980575,-0.006792173041740674,0.009421840902911535,-0.03431121182550816,-0.022080110523354235,-0.017372243257438642,0.01462453078868918,0.0020324559620314544,-0.013694244215646932,-0.02333046536678305,0.009727627741986903,-0.010231012334693453,0.020756473278137663,0.0156023198145669,0.02065522280827135,-0.00587397491065207
0.013631039926697742,0.00020174832537175804,0.013337700779410426,0.0022264086721824677,0.0015556892457045453,0.005159992234909714,-0.009737170662469834,0.01264004975076827,-0.008844423327574532,0.024399466684744017,0.07183313180405622,0.008730484486427149,0.007882644813104883,-0.02375933043730885,0.009029490557487302,0.01740688605290782,0.009359265225949997,-0.025788291669268815,-0.003098163957784946,-0.016489072984719164
-0.05321938374772178,0.026249456627224554,0.07851296366817433,0.15221396081810465,0.050681536765858515,0.02257833127318015,0.7175560990793128,-0.03789052724028506,-0.01974107092829573,0.01916125462700165,0.03360455961661305,-0.0022330863166667336,0.025863301244688643,-0.0025796407905729467,0.11184885887091248,-0.008374261692996921,0.03911903215886921,-0.020343746000025063,-0.02745979543358615,-0.006151335820583987
-0.04106847801961151,0.12614378827680714,-0.475388629503163,0.007567128456332702,0.1127322011214911,0.0027291797572023347,0.24100798683141833,-0.008693948850726411,0.017841037808556066,0.014982629268553472,-0.7205456161010274,-0.019821767428517954,-0.003644800324906625,0.04766676822336286,-0.17404138202253364,-0.015241387009056598,0.14287109489138372,-0.08294378948180219,0.5586062888157007,0.24356487622756884
0.006457875442902152,0.01672371008720624,0.21417142579916332,-0.003929615359391746,-0.2981982144806353,0.004807600509084015,0.09309845406340013,-0.13230292732008722,0.022509785264356277,0.008360223278871096,0.8114683117248672,0.010570303289146219,0.0063432944214676015,0.34732457499891267,0.05755370920643285,0.0038506951761136405,-0.004263047862403999,0.1429429996045636,0.03191613715012312,-0.16514299201251903
-0.0021678830498565635,-0.04976090445028889,0.0032635178215546807,0.005821546624087523,0.03360412061037273,0.008565723851960345,0.00395783415155614,-0.02132903684916223,0.0119785783978977,-0.009916473460214516,-0.02652383250899501,-0.018726009897448534,0.0016735858477951518,-0.02314094129443573,-0.015092930497135117,-0.012744859036111156,-0.025002157405893337,-0.015078568678294133,0.013517934665841131,-0.01963101876485115
-0.03285487528476739,0.02411619471884537,-0.006291074398957892,-0.003907721608461921,0.0072380375687235935,0.0013811223778894804,0.027764977937268384,-0.014057566001755631,-0.007924249729914179,0.01580925423727341,-0.021260206349955235,-0.00014942138313344105,0.014093604940222923,0.040007993415679746,-0.035795054240563215,0.0036252883278784136,0.02210136461106893,-0.022039577218181013,0.002365526211305943,0.03245829264409682
-0.2517566099200164,1.1227414991872027,0.525756200273631,0.09528123181151162,-0.38728118765913844,0.9273013736884641,-1.1521151433292287,0.8337459348733176,-0.005874525033839643,0.2737200466689299,0.2710125930188976,-0.01749235983115839,0.015785465746857682,0.27125358997124965,0.07880213830430725,-0.012314429181617695,0.2051658008990097,0.8715038693197288,0.09978906485495538,0.25392322297382336
0.10544652278154645,-0.07273673510526335,-0.0018865184785908339,-0.05035278211404216,0.013266687472668584,-0.007061032667775531,0.008299212076317099,0.04963538477549252,0.010820977655341832,-0.007463178057187722,-0.029459254792559515,-0.020917447196955024,-0.004175284751481101,-0.06967157858271267,0.07392097098006296,0.0009043642044220482,-0.0940494597586176,-0.016511243852510762,-0.0036621853418921015,-0.08703897344982592
-0.02185105886575456,-0.0034394769798405736,-0.002654342664949149,-0.0007226247366181222,0.010532473267818412,0.020051858964864177,-0.001536654184435382,-0.01263794404504726,0.007406909326335134,0.010978893740631428,0.005546127298851939,0.006495310788944733,-0.0059380565070480465,-0.008134719180173736,0.011858072412178875,-0.020530312734149094,0.012415795392311423,-0.015200176647514359,-0.00580598448419683,-0.002160444659411495
0.034369083060936896,-0.0336314582670669,-0.020188168482165193,-0.011219070145487977,-0.025362418480644564,-0.03483344244213711,0.007078197213519686,-0.09066255013532132,-0.018708235161063565,-0.024350948634820062,0.06285609438972134,0.00020158876119202168,-0.020858686357280783,-0.009023892426289011,0.019029266180249936,0.024232865610321643,-0.021408607488172256,0.008582012715750546,-0.020464713005529364,-0.041462633083076364
-0.04504374504021567,-0.05219222925703484,0.16788355550329684,-0.01211050177839645,-0.180756718863241,0.13857724942328456,-0.17681912137948083,-0.04902584111444093,-0.11777652451150177,0.07382852978529253,0.7874880664107392,0.5302050014940033,-0.0041783056968048345,0.14843348032891054,0.13310181306310193,-0.024712477246724582,0.05122133030733114,0.15962347282380723,-0.012941929937325625,-0.14406484634191885
-0.02217515761869242,-0.006498898150822117,0.032318980079605375,0.002434768475873572,-0.004846976670748113,0.029347343893269,0.007659103579827892,0.017198891702208525,-9.645150929758783e-05,0.02409483348395963,0.03754641868908458,-0.0038923611907501093,0.010824964288102373,0.0049659336919766935,0.0011948108315423204,-0.024736418155917733,0.00017779472391933095,0.011796146920803479,-0.008463384781061959,-0.0058668142809814115
-0.0371273657487409,-0.005627262179365723,-0.009855109813465664,-0.00011440696777074814,0.028318409903032218,-0.003165358972953858,0.009825052019739267,0.003424266611356134,-0.010380588926463704,0.0005047419361992982,-0.020090523014596757,-0.0016297158091186574,0.009437446409592607,-0.01587855695710317,0.0014627882839967524,-0.01571698922057775,0.01123942426266359,-0.0384576735690446,-0.0055126739328739014,0.02571634464188327
-0.01564400070878725,-0.005905589879290678,-0.01214678537398185,0.11231171311585383,0.058655557005947996,-0.007271622514713239,0.03303654886824408,-0.024375680472201098,-0.001963437236004037,0.01866330363748312,-0.03460602960146924,0.023481450746098947,0.0073730679350820566,0.02206737726274461,-0.14504331864594716,-0.008862306252656979,0.033149603028665896,-0.03133468991388118,0.013601774497191816,0.01643837124365482
0.040440171932549326,0.770348799330178,0.1641585733238882,0.8868921018068325,-0.12631314235007346,-0.007512936762347705,-0.1398775747507904,-0.32271682000647645,-0.010862924094780744,-0.019590453277077192,-0.11877527569886563,0.02403337686399087,-0.01136726526929591,0.797397563227135,-1.6544114652200324,0.01034536439251647,0.8769416847233032,0.273880466164739,0.010203510225510748,0.04611116671300907
-0.0728237586177708,-0.07818870397312996,-0.28303895408737145,-0.04279719170159005,-0.04342464613794551,0.2138021383927278,-0.22871235526841197,-0.029046422334085654,-0.15567487702423097,0.08634773690632024,0.6776953855282668,0.861779611309282,-0.0010565426292747189,0.16683827781233518,0.1589752290030014,-0.02649713950439419,0.08180636529783306,0.13245907405732193,-0.01663269778602808,-0.15244593861353525
-1.3616571639376114,0.8251604930731029,0.2954180026102763,0.5550420961790392,1.7497374322289374,0.47035826480071347,0.48370697816894825,1.3651298948931345,0.004424046451667146,0.7318997530207697,-1.1486304250038357,-0.013006033659803932,0.9268010097811571,-0.434096047830913,-1.1631999101489625,-0.7023186078727576,1.0919978815339724,-1.788094987827818,-0.1696777236869091,0.9381661725855364
0.6373182962040568,-0.3467998969081181,-0.6652905551287198,-0.3216682664624015,-1.2357361075484419,0.12833307901065846,-0.6349187332256303,-1.349903117047204,-0.09798351659806709,-0.7691845301226736,0.774683105261012,0.5129363720324039,-0.00368981406212115,0.859292850836022,0.6462390475546773,0.9132875005302824,-0.35501834941434834,1.7102994342210653,0.9169271460121958,-0.3423239958270004
-0.03434518555384111,-0.030982797988324786,-0.09728827045749813,-0.0471082744595534,0.6607593470574933,0.10373516795641104,0.07206672817364339,0.41042460180084045,-0.0960127588659993,0.04676073355715068,0.1594985807399635,0.42189842252073967,-0.025770996561426743,0.4826863763274914,-0.05387654132980287,-0.028365565787466178,0.0329664653557474,-0.2766720904816134,-0.022224514370475786,-0.24598234215646533
0.008058514319907237,0.001884411864596965,-0.0073340178334988775,0.011236996335205366,-0.602561492134761,-0.023442104312973076,-0.5355383769143454,-0.3941426602930439,-0.012194869574450193,-0.010532536201263923,0.8121920442733794,-0.015401772264384557,-0.006376753400837387,0.9911932335095652,0.13725880229759507,-0.014990754290914978,0.0002512482066718974,0.9978869157452739,-0.020528971423936792,-0.0612473369141455
0.009317203085757843,0.4545453922202293,-0.8238700195034044,0.02392806677734831,0.04444158748896043,-0.008232600592260424,0.376718065405666,0.11110096995822405,0.005017190349021873,-0.01404939742741981,-1.182601599543156,-0.005375733955231311,0.004951071511504144,0.3337824379087028,-0.3983481870017918,0.0019538908234053324,0.20461464753062134,-0.021606622558419813,0.9592542535509979,0.34249680316005576
-0.056931078059192314,-0.07135829402563804,0.405418146112401,-0.03446238941889304,-0.333523273464144,0.22694045320872067,-0.34487752381345615,-0.07186211628429884,-0.17920854985900903,0.08765762415623161,1.4579374616521685,0.9219067835281973,0.009298582477814262,0.2851965922134191,0.22485149992626474,-0.019693365487491274,0.05118529321066555,0.4020532905675768,0.014027753481019901,-0.27428634063313717
0.008596486896382994,0.39471298947369693,0.007278294786409047,-0.01441940253029377,-0.22183241549077656,0.006319916650858336,-0.023358348871790502,0.20791486760387698,-0.020221868788714535,-0.008112267385170555,0.0992379500576043,-0.004042259451879386,-0.006577543435099114,0.3198334708907506,-0.1301292046060265,-0.005665223996801073,0.006520796080290095,0.09512487186119604,0.01148949639958793,0.024607051571458774
0.043466195980153326,-0.02539940192949109,-0.017253304753797157,-0.030977574841406515,-0.03421126622651865,-0.03095576135143977,0.003580508269325878,-0.00023518224278152797,-0.009074634191892236,-0.05166093507734232,0.020738231806882345,-0.0007201132453004988,-0.004656156311300997,0.030300836128506904,0.035856143941615085,0.040726770631570014,-0.023302799768521162,0.023919040298442034,0.022558361791435874,-0.026235601245844106
-0.10094532305386567,0.7198693589212544,0.332082886066129,0.47419879606678234,-0.3450124218414318,0.8635368317006921,-1.1941421960460692,0.6771488399608474,0.9644061839225646,0.10526964391489238,-0.34389646785285655,-0.00330742727977272,0.01095501523517998,0.3045780199713125,-0.26776243280906714,0.19297557023799622,0.09208453663443271,1.0138094122948464,0.25054678051347734,0.2982583355875497
-0.04139174636651144,0.003513795994740933,-0.023009798019558724,0.2633198968904295,0.6923672671321062,0.06119672166153438,1.0640045792445763,0.30177269676952073,-0.04833487955908562,0.06220319820807647,-0.19044940965036733,0.21945611092504932,0.002800023358786489,0.05125553685283307,-0.3878973181631553,-0.0010356644660576304,0.03632983692680283,-0.32943720123152304,0.002720354894933743,-0.1522255839279421
-0.42031726305662714,0.2535319295722472,0.07576653549528092,0.14608840827052127,0.4209691216429546,0.10890030974298451,0.12398427831383141,0.30713701348409383,-0.005563702493503632,0.27492782966409884,-0.213489712487222,-0.006043985900702299,0.24271482751354556,-0.09520983585432777,-0.3170587164143213,-0.18974317076795255,0.32136999139625033,-0.4753921051146118,-0.08631995464217813,0.2832339743098512
-0.3348189859131252,0.19590762202483716,0.6422600118184807,0.09906837157268927,0.16269827121923544,0.1260907208848162,0.01987298758204882,0.2787733852541554,0.018039104144905102,0.17748029574128302,0.30140711093297,-0.026248724943930865,0.23008329896640917,-0.021497062857332456,0.6110783087793482,-0.13305315530648928,0.258648318855926,-0.26972208970684786,-0.04376387184497206,0.11958928778329066
-1.4408588997379406,0.8345201499548374,0.4908596270971972,1.5172156226291438,2.2506225952400256,0.5264920098611051,0.5792491286882082,1.1815902905324676,-0.00878115786257156,0.7694706897418295,-1.2998933003166704,-0.028100419897704974,1.0011348432548965,-0.48943488310416716,-2.053717629081838,-0.7486688667692188,1.1357150666019926,-2.096559852656559,-0.1830138104276706,0.8716862397288434
-1.4494419725259096,0.8552145058038431,1.2036743769882814,0.5877903887512191,1.1457167993214885,0.5317242966999058,0.2965041954417195,1.164567467194693,-0.028249893829528493,0.7529330673927908,0.23290464578520265,-0.009153581676952249,0.9890793624996936,0.2543322847411405,-1.0681029757674054,-0.7406050457011563,1.1597411130721227,-1.5122668028216453,-0.1681026979616611,0.7772511105703431
0.013415702221688459,-0.02191157350967272,-0.010870649974158477,-0.017397942083111996,-0.025287227283608424,0.0133582547184767,-0.013559489625852853,-0.007627846166216697,0.016471536150861686,-0.02217220415886316,-0.01672928178766699,-0.010328264624460218,-0.024630089890378924,0.011227131668866842,-0.015407687861689365,0.013186250619099735,-0.03698776787103973,0.061511313419369024,0.018573565094203413,-0.004320379117192375
-1.3358218968651006,0.7669513766750032,0.7944258230347276,0.7539801259999848,1.5940907962126125,0.48656213724819536,0.4044440874912554,1.2244481146603436,0.008131195940435704,0.7252992497413386,-0.5810249957003467,0.002308848106886193,0.8882293007288077,-0.3300625227888131,-1.2627166782863588,-0.6502252687612058,1.012920790400418,-1.6481862181444906,-0.1606988858072417,0.7702155932263707
0.26656900434597175,-0.14383223705247228,-0.18785705981434453,-0.09673424454446578,-0.5345813613508112,-0.0018404230955575778,0.7166754269862091,-0.5824794119797936,0.02037774119388136,-0.3546038410236297,0.05039105982170563,-0.025123139713584007,0.018836498904385397,0.3199675644699377,0.24376106682591542,0.41510728116427414,-0.1539588855114963,0.7030491024317055,0.3993486566666283,-0.08297907810833252
0.009256929357433717,-0.007913925639462405,-0.010423970806416006,-0.0001559044545800417,-0.014765083071250504,0.016302916446905433,-0.4283845557858241,0.38067791095776404,-0.00033622687677938067,-0.011383523035016732,0.01486268702107963,0.0007966736104036724,0.00174078042586958,0.010597282751896616,0.002525888321416757,0.016119889035965004,-0.012432464483101974,0.8516351745451973,0.04263161897980454,0.5078031433474784
-0.03392523060513772,0.006810734546103315,-0.0024951865862709727,-0.012212932238931776,0.027076834335873302,-0.0006180421694735802,0.005428167479603259,0.02057063196165194,-0.030357481041838136,0.01736245212716006,0.12412616257944123,0.01654551443748856,-0.007319185930198128,-0.008502751548069067,0.017785829170989285,-0.009756418337846885,-0.014376202768659325,-0.03252378025122633,0.017109056100794755,-0.020652601392262035
0.018456277104504506,-0.06008643579317122,-0.010624195287178156,-0.016289807636027887,0.43269238079118744,-0.017867643877865304,0.2531210027009785,0.22693773850200463,0.00486730745377735,-0.02171701880071099,-0.2534054104562342,-0.002550844031808151,0.01675191203099532,-0.013219081396111512,0.03870441526351942,-0.0038807995665288662,-0.01774040784770704,-0.20085781191019447,0.01659534463609997,-0.08488285673681754
0.034719875134093345,0.13995800330444766,0.24565866728503652,0.1187780220825795,-0.19043782253978633,-0.007589491431516292,-0.07924584592860831,0.10840481245749733,0.26443517143577394,-0.03123143220378571,0.17375717661976625,-0.01219637749408636,0.014138099485504933,0.24959928134517623,-0.22532250705167478,0.06175536126154378,-0.01568514139671253,0.14653661365320353,0.037543358105069355,-0.018810370680123204
0.5415886638620311,0.745987617702155,-0.3078810187264625,0.6690398396798168,-1.1638379459937542,-0.000853736637745137,-0.5392982262327204,-0.4108442623985856,0.8955013559094941,-0.6672736905527846,-0.22123419272155884,0.009455528132461996,0.009651607719095913,1.655366451449423,-1.121643684678817,0.7708050379590458,-0.3016125920575031,1.416374361723702,0.7634469568076271,-0.0012884658521058502
-0.008660287814955151,0.04884175556097023,-0.00854680629173169,0.049998431938033626,-0.0076127957939559855,-0.00566076070318195,0.016419372109936818,0.025942073157316482,0.010149275647741669,0.022318761509511273,0.021352607943882516,0.00886223879583068,0.0016344258299864677,0.026725683347383532,-0.03281396404629198,-0.011079631060724585,0.02701648749993457,-0.016719732368346292,0.0034329219854313487,0.004994583146601742
-1.4124160678701496,1.7810165941940463,0.2792927523705423,0.5585555737040148,1.290018350370287,0.4973524143187716,0.34631786957526034,1.7961578820350999,-0.004065246008770812,0.7392037045135721,-0.7472720842175257,-0.006650524416413415,0.9687242604196848,0.3949792734152727,-1.521312905381253,-0.7245639114136004,1.1529860358667292,-1.5980906716344943,-0.1629517668864963,0.9760393114517707
0.02230235744854642,0.37664931067637736,-0.10883799556109973,0.0005912543205947897,-0.19135278815471937,-0.008000308444863134,-0.02230763858611491,0.004449999417044066,-0.016680476622476206,-0.005357784206704387,-0.1704096119764446,0.017986499679236392,-0.009027875992952666,0.3262454162283587,-0.42719102633214073,-0.013671185808132053,0.43704738917243874,0.08901563099480002,0.11385423672166288,0.10425099402890854
-0.020303424570069496,0.013001701011418943,0.11763051300888767,0.030317606164913007,0.00022774540021941285,-0.004185535382717047,0.005613463473840275,0.002851575068597371,0.013992085209021971,0.00207285989891728,0.11216151745008254,-0.003498643383884112,0.015992285383956147,0.006125668207434445,-0.009628776222956185,-0.0013019377650810597,0.0025195070925824233,-0.024420047637307055,-0.01627764406920499,0.0003036737284361664
0.6543788614980708,-0.3773532090131281,-0.05026524468687932,-0.2644605901005468,0.10404959403124574,0.022519591320394453,0.022708598816073833,0.2847027239154877,0.0005906688414870197,0.019630293655720218,-0.35633030858364906,-0.01720167809117066,0.011408000172254306,-0.3726836714382385,0.49993330722146323,-0.00826151112907024,-0.40184370769313554,-0.05702456945918574,0.019295793413049524,0.43057684118809236
-0.008269378641769886,0.015535938616779557,-0.021989030208544123,0.0014706627880864097,-0.0030708944688232053,-0.014831204826091345,0.0023628215679774417,0.010798636669616857,-0.0007550198600994327,-0.0035004164311491157,-0.0033270399181536767,-0.002477400522989481,0.015990900398430874,0.010862568281826253,-0.020769039644094794,-0.016057949397773143,0.018615340672634376,0.01384441093119999,-0.014412851334701183,0.008364526579763852
-0.17839088256101904,0.18860134869117154,1.0781616433319778,0.08897979725935826,0.6434663801814994,0.7116964021840686,-0.5288046231158541,0.8364075253598167,0.02635316606486924,0.22820444319001607,0.0770205873371892,0.012652681354288046,-0.01572581434730351,-0.2923577408491687,0.09678056059437457,-0.007568886090153625,0.1979207467997648,0.17662915828412246,0.36724543608042864,-0.101080527927336
-0.006458866623753966,0.003610850294669843,0.01156040274123201,0.051494262236888716,0.02430590620120051,0.024781113879706367,-0.017510802353892952,0.026406220417742078,0.023902557467815697,-0.00697533672304973,-0.03092550227639875,-0.01738765104616027,0.022152785576992864,0.007797850648635678,-0.04993827010150815,-0.006923574374133492,0.013895971112807128,-0.0225635062959128,-0.005470397404005563,0.0026944215168082206
-0.0025426137205498017,0.0036745838779290913,0.03930095714284485,0.24764028310413422,0.1077043638591837,-0.005457855290170257,0.015951059963669818,0.5071723603987895,-0.008784413304088568,-0.002527616900899308,-0.05678887376034144,0.0035860373068822976,0.004844085043940084,-0.030435080929906558,-0.22910030081473934,-0.010296018795326373,0.023043694705485375,-0.0886186863772119,-0.01897975160540309,-0.02692673435262289
-0.010256970561918616,0.025721744023864325,0.02432946766172777,-0.009014456881527133,0.20628376185197228,0.024555613517222408,0.05522186501170089,0.16988821215843378,-0.0004013502381537276,-0.007321483432226992,-0.1019748200253006,0.0008850823401106494,0.01011858210100159,-0.0008719187097275816,0.0510721460165304,-0.005588458723386528,0.018877586326491114,-0.10783538713170102,-0.007117221237581178,-0.047242409331868906
0.012172113674127816,-0.03569987703217762,-0.011942084970819262,-0.018280812535240075,-0.01865967588389636,-0.033992436241073454,0.9898648065086396,0.8584626380320601,-0.009033382814682947,-0.030135050292863633,0.022202834900829388,-0.011969031913744084,-0.01647063195807182,-0.009207907381478864,-0.012988415676128106,-0.0008703915175632074,-0.023651773066470844,-0.028521833773371065,0.0022637150381481265,-0.023757204756691054
0.12928293936842886,0.6630546963147367,-0.6301350931754892,0.2699432083665694,-0.2705993623465686,0.02217166216695472,0.037404193029977884,0.3271026393564419,0.6823638106942141,-0.1239015634503694,-1.0902250641615667,0.0030379412621692886,-0.0011886064403985857,0.7492182993575188,-0.8508132906861412,0.13685004565161027,0.02076770258914111,0.292704378482413,0.7991664434832755,0.3595303130763106
-1.0163940343518796,0.6168127078667349,0.20806050637240056,0.41732662930525244,1.2811938242487226,0.3533215140649692,0.32434966939279164,0.9936092915356249,0.005097954325341335,0.5248737449272342,-0.7970001636819283,0.020759417327828766,0.6837091770821415,-0.2995506295688504,-0.8634986053427927,-0.5441627790185336,0.8036348977942269,-1.329749005563362,-0.1272840157320643,0.6550687299204657
0.005648690196151499,0.00663608219595661,-0.0006705976038106721,0.05088206833357449,0.0034450350461051786,-0.008415326211402414,0.08989459607593933,-0.041603337525547616,0.002041185923130741,-0.0263043642204142,-0.010384328747250003,-0.010023802886519839,-0.02822185080776115,0.01696436780464234,-0.050831542597274966,0.007838858520484694,-0.014003381901536889,0.033081820677373086,-0.0030936547764775866,0.005168541194525995
0.06090037274172881,0.3111202666197011,0.08382783420060433,0.21577177938459197,-0.2642547900665994,-0.010167972153369429,-0.1682210274882971,0.163534043577785,0.4906071740388534,-0.06897823434238448,-0.05325172924313672,-0.008160929659347456,-0.02313733393796346,0.43584958084829933,-0.46024659148253677,0.08135895788147457,-0.031317620680870635,0.20798961107758435,0.06833723036205999,0.9259975943641092
0.6118247040265378,0.751983506427735,-0.19210937008133652,-0.2350228789821266,-0.8075604431775356,0.038632128505013415,-0.26084242863351137,-0.0104009531297633,-0.020558372723811016,-0.16148458806272795,-0.058336770062071996,0.13234426303664654,0.001828258956364413,0.9589245879956425,-0.4700784366585992,0.2384970838456804,0.41274223506610414,0.6822141122744597,0.20380617395780473,-0.2008234795508323
-0.02636338779820844,0.4099167571357693,-0.010188574684810903,-0.004558808204853171,-0.18096564451629832,0.0066404486914567445,-0.042603302594352604,-0.02942900659400228,-0.023846103514860592,0.002588262950250355,-0.06302200216027876,0.021371507943264163,0.005730850938733477,0.34537458703190127,-0.44025629248106773,-0.021506568436588856,0.4633491302802132,0.086325321791139,-0.04003671160211042,0.1041206539394118
0.48773596599927005,-0.3085994098712224,-0.45975813338654425,-0.21064035853947125,-0.9716432637483574,0.1014332945255882,-0.5070000821740825,-1.0532289487170512,-0.06591412990659977,-0.5688694116105599,0.4892414141118252,0.3878662226515273,-0.0032349647767821585,0.655439991282902,0.5118008646465577,0.718199111162363,-0.2927646709232126,1.3560008364357785,0.6948044204196645,-0.2436947892704323
-0.4724201980192568,0.31524398594651876,-0.03623074161086221,0.16624698081862865,0.10497438172162961,0.03172016958659361,0.028626402067820633,-0.04852445214751479,0.0011474878504137975,0.5664514752271114,0.04244332018420289,-0.0003360933195040352,-0.006075073425657316,-0.004480164094948507,-0.3054879833456545,-0.016085275526460205,0.33370352426832545,-0.22425474889553232,-0.2396148148911883,0.3191213467409262
0.11805971819632302,-0.06630930676575882,-0.10436707755801153,-0.03204518689427248,-0.19493012117927766,0.00021043217265425546,-0.05930032828502956,-0.23772224451415944,-0.0018608723873479497,-0.12426480727387874,0.8121119035045488,0.01127943689537702,0.008571083609681576,0.1277864747439322,0.10154111475057238,0.14862320985984834,-0.07845264617315699,0.2550099645759219,0.15500686800278266,-0.27797382940562904
-0.3699805353990759,0.2712862299568708,-0.2509824749247189,0.13910048895745283,-0.3657313122725319,0.022750989849271045,-0.5657477295819658,-0.6343427827743563,0.0025879223191076746,0.44094164557097454,0.12414472839607432,0.004014065769464648,0.032232100894839216,0.33229247377666266,-0.20330763516141218,0.3793970635726545,0.3166181383679811,1.1637596013465072,0.06297807219148865,0.3887775272359953
-0.05761079637558243,0.00262766863735261,-0.06783817405921064,-0.016517331493866937,0.010147680082571798,0.07966365158768046,-0.4465230497751157,-0.0026006675448805826,-0.04796129330037292,0.06714406665788789,0.19886358274506533,0.252161609141965,-0.0011626841702776424,0.06486793273898672,0.03808806397014114,-0.028589139556931775,0.04169507780959304,0.768401080761392,-0.010039554878131287,-0.02049686284036277
0.19583908911347261,-0.1413244598324987,-0.030160523537813344,-0.06383035189852043,0.042323273077005404,0.0053556848499435525,0.009685104590118702,0.057161316389193605,-0.006240579916392855,-0.00827865520814177,-0.11383165013814586,0.0018858608879856746,-0.005839210343847997,-0.11789866118926434,0.134293571884272,-0.0006224657598503337,-0.12587273785115682,-0.03593186870609372,0.02116267436499677,-0.12218189055040597
0.10693423327914628,-0.05374276078794499,0.918561264177325,-0.03535693996265673,-0.3282118973536072,0.002787271163533214,-0.0587650219368586,0.05138118673827813,0.0247590995460902,-0.02441859614115008,0.8235107022920178,-0.0023372339685417583,0.005805948523708825,0.08106896058013341,0.15678183188446926,3.861970951587676e-05,-0.06355699015173535,0.17267657178813856,0.07521140558922869,-0.23363760461313754
0.5459640677642785,0.06619158653243291,-1.0070751491804757,-0.06376493426967914,-0.8806332269027856,-0.008630152912805096,-0.12860775540033204,-0.9175247060023995,0.28684101199958667,-0.6504256878327154,-0.9824238774009098,0.015761162382227592,0.015823379393127543,0.8249266044580862,-0.0764677689249581,0.7795927062167314,-0.18777956415797198,1.2548990118075674,1.5039856555221844,0.16865952441223842
-0.014242344314957134,0.005506894004694408,-0.2467863456468532,-0.008090802139369895,0.05422147926871369,0.016662966947241755,0.6222413978356807,-0.03367326442525078,-0.012648234196469346,-0.0059258205553791195,-0.351614659134891,0.025613306921920417,0.012390293555466872,0.010634949102184184,-0.04281607447993426,-0.008158387436610218,0.04199107352279302,-0.035670304132925525,0.30200523933946705,0.07606919444121496
-0.0035645634113713235,-0.00890423458066231,0.9736213358386369,-0.0003426373337222857,-0.34001229218240037,-0.01249607446720007,-0.3779334284046744,-0.004743511474859152,0.001865710633304523,0.0022997361231296373,0.9407484579735846,0.011944602388199693,0.011038300229460783,0.10502699693705414,0.07192617578070809,-0.01195913577645562,0.0039077409714021885,0.775511886847198,0.02370452251239333,-0.18578736845210236
-0.009619521671331576,-0.005065064033672791,0.01882428446727875,0.01225546866390364,0.5109056527999216,-0.0015922101175457138,0.13393537415409854,0.31449349968776086,-0.007617403934143716,0.01604615809668493,0.6135723413595493,-0.007838968475948102,0.0012637388551092433,-0.035752935269789926,0.8085190089850889,-0.0009262104701571773,0.015526929104629486,-0.28222521994689315,-0.007002367094972919,-0.3502472395574061
-0.059093311358876126,0.17140177709186113,0.19438001837354546,0.009817005642392872,-0.03852611245239636,0.44097701371901604,-0.2155043915577473,0.16632047306663564,-0.01321246981538973,0.12577125542608505,-0.38619444326103936,-0.02179348173430328,-0.008125944087057687,-0.13800873916706657,0.08670660580290865,0.02677673464273107,0.2130710731493745,0.35196590673758066,0.8673860758224589,0.2060080923526502
-0.01401612702805222,0.006340591035672788,-0.02627517244479123,-0.014139074418059656,-0.4635459821574071,0.0012415284566124358,-0.0690557726454637,-0.3115642021073717,-0.014425954748949027,0.0040447178740322075,0.6389871965527701,-0.014088586422003979,0.008923836258293814,0.8204576316804094,0.09239566115325049,0.00774792498123336,0.034972262432790585,0.1979011135455245,-0.011879015997195395,-0.018254357188764937
0.0244633403634053,0.5133445054043134,-0.25546042415718745,0.2825118112693372,-0.17259071353285124,0.1936613018001487,0.12181396096555597,0.36791486989477734,0.6558285820737427,-0.051224244087900904,-0.7010801140025105,0.013314380311995128,0.014835531545088128,0.465826206219275,-0.6621740507571516,0.12231220303656706,0.04855122517837204,1.2711147961132387,0.45371947397319423,0.2558025268174299
0.10076868219045974,0.7489784028634978,-0.10652385178489165,0.26316562932620313,-0.5288770634802809,-0.015677617713183434,-0.245857630486446,0.18270299308628107,0.6577173408368747,-0.1541239927146172,-0.33777476091004943,-0.006735399401396062,-0.020429152297305696,0.9170607760939299,-1.0492879779038533,0.1464380827364107,0.3416319115558361,0.41390488771975553,0.13860353837275372,0.17110288399790127
-0.013556626190827668,-0.004713282526860677,0.11455389968726824,0.8115107914680271,0.309565244837958,0.03526999571687053,0.02590214032948967,0.1242354944456414,-0.037446953406040935,0.032578266135606104,0.11618423521362373,0.2007615440600547,-0.006939782519197258,0.08630412878262153,-0.7421922368849856,-0.01943765820443844,-0.0008322152274164406,-0.13723153624684886,-0.00944517427530514,-0.1088747216728707
-0.36944707703812685,0.3676796545667382,-0.3493459843994813,0.1547861444020922,1.4719190762644527,0.6312917679634849,0.028406123111831227,1.029880601906776,-0.005028811844379399,0.2650984826433195,-1.8657958805144508,-0.006147150562837803,0.16188389698911393,-0.34144528067721,-0.3976290949418427,-0.09999936680306645,0.45902787577873744,-0.4760275886148747,0.9142869851957811,0.4031305046675145
-1.2821173811252369,0.9590647856375148,0.24591414079023957,0.508491012981712,2.314010529819023,0.4494382490193682,0.6397783728047637,1.737698396627846,-1.1024020317581054e-05,0.6636081806449765,-1.526019110347166,-0.013756646735475664,0.870541267256465,-0.2339009199905014,-1.462324681687965,-0.6658477778819274,1.2053928735719996,-2.0027036086824483,-0.15709520122716839,1.7960089380923365
0.015570659788239486,0.04790699247240513,-0.025610373144146534,0.01213427610488704,-0.023298065153225144,-0.010093454026053446,-0.005547463149565768,0.09375383466295885,0.1081150352801169,-0.012360502965297355,0.9278280505972595,-0.003767238001778967,-0.007268970101099911,0.08409158830224368,-0.08153091870490183,0.022359127588807266,-0.029901958388846062,0.01587017364995582,0.01184608715738928,-0.2702608478271648
-0.005611988303895147,0.587668871877764,0.02024012007259496,0.01658566557416959,-0.27426585133953335,0.025839908879876777,-0.19615562206142637,0.27662446771428323,-0.007621241586028574,-0.016848431508399146,0.14573240172844998,-0.011034507824210456,0.005446649761517167,0.482272666268311,-0.21587197072709555,-0.007936543314704184,0.0017151900211252232,0.3836300506219931,-0.003419453983493911,0.05891738763919696
-0.027282910234134438,0.02882860119258378,0.00317226490589514,0.019765642731627266,0.04923040437826606,-0.008773024610645006,-0.45215246413291915,0.05572475571999568,0.015224358390446027,0.014844053885569286,-0.002235933253538323,0.011925916502863454,0.011400720445784069,0.0036607096326366833,-0.07983904599735986,-0.019739238537553546,0.03789015332000534,0.8768496271080927,0.0015309334662215257,0.0322003985459867
0.010785683557480538,0.707083845444549,0.022995120557292567,-2.0602761840488905e-05,-0.3835756821182916,-0.0016020063086064134,-0.0637701525554861,-0.06051170096508012,-0.0014539519513730628,-0.009706603654081089,-0.07038968952767834,0.013375155853694637,0.0068312057588760045,0.6385972876964277,-0.811065070883434,-0.03222110953794481,0.8006571974190166,0.19235814944621976,-0.01843709831499607,1.0533615170314097
-0.801199790490263,0.5836157031722274,-0.04763865662422721,0.3594230512178983,0.7358423710970161,0.4526643523926442,0.036583049662192814,0.4352545164168423,0.12346234325371562,0.14714567504956066,-0.9182051077412968,0.003743444276525251,0.8306284583925149,0.1787598870873536,-0.7678015768056013,-0.02251000670649859,0.725218961361326,-0.5060694480787037,0.4431390458281796,0.6839704945697529
-0.018509409913329094,0.043043127144704485,-0.00048341827335374524,-0.010482427474622254,0.0026750560254369237,0.015793869845953122,-0.016695017960818716,0.5124659459857516,-0.01956318172089486,0.0010544181739779836,0.00635119405948373,0.003225436182288568,0.01839720528545071,0.013854969092985574,0.6026599829756184,-0.0012791619472585075,0.018699254678757573,0.01431968406906548,0.006741679447844369,0.016014948749180014
-0.00940227314639987,0.13741021736538933,-0.6052700629784769,-0.0034201523420105784,0.14868344764081717,-0.0025121694172587864,0.13586897005430046,-0.015094569468173488,0.026024126437922124,-0.006382253235484016,-0.7987297047352481,7.055920165172092e-05,0.006029779871520053,0.03886609823339641,-0.20686053884549307,-0.004428577685093122,0.15446748900377927,0.2300787639202321,0.7494313414575022,1.1369931792599048
0.003507887720318256,0.0008613705180261812,-0.010036706329794039,-0.03028901121018267,-0.04081996128558612,-0.01536388739208358,-0.006777623290451588,-0.020455661448432173,-0.00038985420775764466,-0.009253290194980395,0.012918934942061606,-0.011822853761823739,-0.012057785344207358,0.019850170082649395,0.025721639974390337,0.007493680102770163,-0.015832911573732456,0.058225949819587064,0.0023852397348146353,-0.022312670449623512
0.02795627809729808,0.010804995265354297,0.022512108957573895,0.001180149522102757,-0.010457544808327512,-0.015581621660213683,0.005598168964772594,0.9522198506007671,0.02259038867489784,-0.0027681143404131234,-0.031651493828742744,-0.014584781197101125,-0.005203579400838419,0.01835984274809242,-0.04287429461323556,0.004784701473962458,0.011316474343103709,0.0003893350656398054,0.02915635623745242,0.010897119790533427
-0.09394920136185851,0.4324160436832474,0.3449310050011042,0.27863511480621755,-0.2133719978659356,0.7083508548966173,-0.9770992916482488,1.2730857555414403,0.4787218066007157,0.1385005434831966,0.1262188738453279,0.03582203002399208,-0.018604091910541083,0.4200583174916375,-0.1137520621682525,0.09124190171602486,0.09172075229977489,0.7476244860686624,0.14215572892585937,0.11769783303595568
-0.498871047153076,0.9185666526326883,-0.7025967319858983,0.19664684834334442,0.6176770642191687,0.19462026382723505,0.5026568796712472,0.4234190053594283,-0.008982931985440165,0.26053281322123106,-1.7581983244124602,-0.002351300513643427,0.33586454689415096,0.29068004804507164,-0.5494511061875365,-0.22692533584132565,1.108065642139425,-0.6089289472310063,0.9214697696646735,0.7942281243368713
-0.03201245587477497,0.02105414043813539,0.02701229307803458,-0.006341200533294577,0.024408830427564684,0.0039282749502727345,0.36055299176550476,0.025657354436782253,0.004952526069690727,0.035504736425599655,0.015575841001592438,0.01749509703172236,0.009512561079687273,0.00609174144617652,-0.0168403660627148,-0.011118121218494478,0.02647852065571801,-0.0371305353845751,-0.01288302974195891,0.02220267079023614
0.05637103189424076,0.3305600148014885,-0.08280614451715246,0.18524552348629136,-0.23220758757879595,0.02050806058791283,-0.15216901295711824,0.19383430660118545,0.5344327963244749,-0.07891060322373306,-0.1810767019091838,0.003887825712493657,-0.02104692921510953,0.4692576128461756,-0.5067178151540331,0.08538357168322108,-0.032981255151284083,0.244546375583407,0.08292691117799846,0.09840812704369074
-0.9674034468218096,0.5975616869053028,0.21331846497381396,0.40035367479621753,1.2349426572209266,0.3401431310506076,0.3220383569587287,0.9721262703905396,0.003328397679695262,0.5321924312836471,-0.7933176244220055,0.014850674430114397,0.6520127759070573,-0.2929092645179766,-0.8485222716345517,-0.5095180359394464,0.7642726189155702,-1.2706842710538169,-0.11282539863576102,0.6780362625952728
-0.4377603791339155,0.40731863179018446,-0.8798806736135453,0.1458907262658898,0.3205733907823762,0.011662622264849189,0.46175221297396696,-0.08540838785622963,0.00010725802153017938,0.5227924733270937,-1.244722419809777,-0.010486902043307114,0.006925583316043694,0.05899947559452961,-0.4892845694412688,-0.001174197228475296,0.4867577728233502,-0.3349620763595455,0.8110940498203946,0.621782387605401
0.43543720999439334,-0.12917748939970644,-0.30532980963848455,-0.19060721938049197,-0.8444465954176089,0.003392280725392629,-0.3502266150266028,-0.893235575450455,-0.007867911068780327,-0.511958079768218,1.098747457169145,-0.019701017444129963,-0.011877493555736895,0.5517136597105975,0.26476339215405503,0.6168325633650826,-0.12925168313363447,1.0969603555501464,0.6303900527002236,-0.42876014528653306
-0.11250744108254494,0.15542466919253864,-0.3154724413518412,0.023687472842857386,0.2113575988893103,0.3145318963500924,-0.06482941319699868,0.10930703730208412,0.0056124641338058025,0.1391236701243162,-0.8500906607999654,-0.015216937246368113,0.01613546119511933,-0.21930600299054034,0.010301144720873987,-0.007676031908854718,0.20783176614330484,0.10903416563741546,0.618428109612282,0.29280411846097215
-0.032797167073105676,0.006351440274524738,0.5495649339559026,0.000892708892573933,-0.18017428205498143,0.025776839916406266,-0.5631172663149778,0.0025311516811866355,-0.012532228359260659,0.03326369136218092,0.583349072921579,0.015418436482724545,-0.006153133495901716,0.05083974429184228,0.06365878531638693,-0.018676357963625725,0.026926145806558353,0.9959500760172545,-0.011446060189383935,-0.1019998072468718
0.12107044661840491,0.5506893285804706,-0.17082593937784973,0.3836343400831666,-0.4161338640873425,0.02728204502999236,-0.23535954165867168,0.34344728604879426,0.9169975174647476,-0.15418849112218752,-0.40676928920683014,0.01248479910778856,0.0014544038658249828,0.7923912857724832,-0.8474805780734257,0.1897398458971134,-0.08150151480265654,0.40651429792052013,0.2015457373575541,0.1525200808648812
-0.013066234569566858,0.10199047672365029,-0.4191008463173724,0.010096959973756139,0.12717153135336548,0.0037204224748679637,0.201982138020036,0.014350549567682445,0.02732707821020228,-0.0036079724140795095,0.278260499996202,0.01381434061347639,0.0055659724156205855,0.026877102322905952,-0.15268584291877027,-0.008414943046406328,0.11448101549933062,-0.0859402477607957,0.5230274406116159,-0.11869478749151854
-0.0022288175778809125,0.08953321849876156,-0.30799809165123787,-0.0025869018376690686,0.07480410203096377,0.003212473147446464,0.17493661703188104,0.8426036933294052,-0.0025288757344641803,-0.006933532383310183,-0.5026061853957113,0.009738206288862445,0.035126515513248954,0.04095757027900636,-0.11727364907889722,0.008113686660171756,0.07483878156743246,-0.03589323998544952,0.41486649165253026,0.1248687230298787
-0.043913995270690676,0.042303136604705464,0.25262162547138933,0.017089105003447562,0.6540927532016679,0.02296284449685511,0.030081753802167516,0.4871541092808799,-0.017290440812617092,0.04030347474207413,-0.1930495440785509,-0.0016183251163752292,0.012875520500432721,0.013949144061162235,-0.18812704072171998,-0.02869806941303231,0.047062135201738006,-0.08192826177141019,0.015881063337122556,-0.12194888831913173
-0.0090957919445711,-0.016718325338053973,0.0026201972149617813,0.00014388968960235733,0.02450213458864902,0.017579334965997215,-0.0026574323908601367,0.025054997532150465,0.016834995435801428,0.011797800901813024,0.009028941507293423,0.004218223990314237,-0.008491401437228607,-0.026311850972979278,0.046785007837492294,-0.006864308494265477,-0.02697461663525621,0.01262651403067078,-0.03251859225651217,-0.01343981401792702
-0.03826360901466284,0.21405539365390833,0.12524414758796162,0.1481839365156756,-0.07412238917182072,0.28105481837403457,-0.3322595267750156,0.2129880247367005,0.2794033968248883,0.034282811755910365,-0.11597334554345805,0.0008078370216469519,0.013035934459013018,0.09646531221819821,-0.10695544427298856,0.05446858253400666,0.03686958021537349,0.26424404003455776,0.0732700207963065,0.09994688328558961
-0.3239710953413088,0.23032019510338902,-0.07290535355584593,0.13700276209790685,0.045373253543727454,0.01012304327910715,0.02743302103754742,-0.04034524254219241,-0.010891976532267231,0.4236406826607948,0.7201617195919773,0.09039430908162593,0.005538275861429689,0.057249880743345034,-0.03833830307325816,-0.008895348254568143,0.23537200474626926,-0.16367686238251208,-0.18138327954604955,0.03224247823016532
0.0009268089856699496,-0.006671142072925635,-0.0036436316338910963,0.00893784537742509,0.00593219538495767,0.0021735208119938385,-0.020587513783932976,0.004209129287789539,0.012440866959316453,0.011058890317175617,-0.01806973464321222,0.007375998179621769,0.03677645387050389,-0.014344064038911253,0.015861747460833825,0.00036341513730134625,-0.010627161358327218,0.0029784083087234592,0.026099800128770754,-0.004325417217835467
-0.1869363794675201,0.1423834787021694,0.0966419246240884,0.4824661271810136,0.3773434861092889,0.06118347350068027,0.10635393952657417,0.08687098930422378,0.024361653395415676,0.11460678671477331,-0.20729093853057187,-0.004971908949295287,0.1108016682197164,-0.008153190768779829,-0.5257906585498975,-0.09318136967460783,0.1662976955842973,-0.31907107048853894,-0.02785066214682222,0.08761214576992986
0.023928951929128566,0.030785762823079935,0.01044260297523696,0.009344452893040428,0.002236042061539604,0.01757389013738723,-0.05403132221841393,0.009991295045737522,-0.024950596977816937,0.008339884632489292,0.024350328461302556,-0.005533976360268781,0.007974618730035684,0.049265078254087706,-0.029329285448293316,-0.000738907549318971,-0.006478718533144115,0.04138783733518192,0.02786315492659626,-0.031138177357559155
-0.6462339759024228,0.42327322444183924,0.2123237859537172,0.2689545566942944,-0.008460441042372807,-0.004857942840688044,0.008755643964980825,-0.11759746187447423,0.01085425984651927,0.8084639177742045,0.3620321150427354,0.005594367304565846,-0.002156421812712186,0.07748771572495021,-0.3604398443551371,0.009717185769704088,0.47156210364980045,-0.25419510142742235,-0.33647536152918034,0.41564605391303683
-0.6598731726427377,0.39877463786394624,0.14709067504392076,0.24218760265353143,0.8200501229094199,0.2291789621898578,0.21349286365240616,0.6320413319797024,0.00544135516475856,0.32702213099355776,-0.5406936420694343,0.009176622381846614,0.4638023490308773,-0.20347689069045488,-0.5327470593779462,-0.3327185644691996,0.5233205812660074,-0.8359724272558189,-0.09090667963932676,0.4456838807565242
0.006278524802142917,0.016526120842385195,0.01695472659813677,-0.0024791873930501574,-0.022846596260044136,0.012514211116788864,-0.0038525925588485557,0.0346118446961903,0.011671058283934405,0.0008185636911358044,0.003644252195890761,-0.005157147881838343,0.009534465210203675,-0.024763752902730113,0.013609514741839628,-0.023620899985384795,-0.02141367782192722,0.007628757589667743,-0.022752355869588757,0.011833884394069048
-1.0752181100698899,0.6595379773363004,0.2492843538016171,0.4602166677465975,1.3545855503621704,0.3845982236330584,0.36166379100521223,1.0597992436084196,-0.019240732882886604,0.5617460075460201,-0.832655561669257,-0.002193633532605534,0.7368353919053682,-0.32586895097035345,-0.9526112074100366,-0.5446398469750204,0.8561671546968566,-1.4012162003630984,-0.13991843039850385,0.7217076848591539
0.007526138377799481,-0.03969343951010368,0.017849303738849045,-0.005767249138581546,-0.4751216470687258,0.00596670979509608,-0.10114145209909778,-0.30972640154780307,-0.01735989406880563,-0.010016451517856153,0.6494600988372167,-0.025497120055076414,-0.005222334833588613,0.7460047570577976,0.13330898508054476,-0.012987001857015294,-0.03501743866924509,0.2105471766595538,-0.008279078287716747,-0.07546617741948093
0.025754112772790178,0.005807364550411422,-0.009421741571159646,0.013131615195081315,-0.10909015143943902,0.021050326358549594,-0.031185776853440445,0.3169612651183975,0.0155997934677974,-0.02594034818626645,0.12523782959386642,-0.021432084844440837,-0.00882634346523483,0.1301717255977723,0.026630180479864787,-0.003887706585118854,-0.00754468495187922,0.041546967277626815,0.015264922189152725,-0.014060947903230382
0.43054267293541804,-0.3000452812103466,-0.02676761202689095,-0.16403033360781605,0.03962230523187373,-0.006094847537312853,0.02876299363714692,0.11316379000461291,-0.015379198039401252,-0.021062919211463894,-0.16515648852878828,0.02074302352658444,-0.024896213451449083,-0.229221966754415,0.37610399419996027,-0.002525359797722359,-0.3155742542593386,-0.03686419164830019,-0.016664376233310664,-0.3306092311546832
0.020113303261128337,-0.00639972466316429,-0.0265452037671482,-0.008542290036063414,-0.4238329209079926,-0.050733729737919855,-0.13265851920842592,-0.26826953416780297,-0.01706415795416263,-0.016294061054120235,0.46327174254977277,-0.028700367737808402,-0.01665556528471621,0.6298916010834109,0.9252111651350168,0.04820624036527055,-0.014049703782950815,0.3593174950969751,0.012874084434545107,-0.012328303716752897
-0.009633032182535979,0.3457467393217976,-0.015417143070046255,0.013594314606015689,-0.14857725837708138,0.011235002307941423,0.2743234885361764,0.029445624529489987,0.014548104481485042,0.026295970842389958,-0.10980253101081895,0.010061738606901953,0.004092646590984056,0.26489090568977836,-0.39805577798229524,-0.01570523458974363,0.35728649666355217,0.07351368833361081,-0.014884565276183214,0.08430400194354523
-0.02629741194732991,-0.005747884175750782,-0.03816835230739077,-0.011296040329427805,0.013744923485132886,0.05086738342799539,-0.016805720986852193,0.01712853196989931,-0.024971329410880847,0.024367207553669723,0.07973444899138862,0.1078849803004236,-0.0035840671603858867,0.008979138021064117,0.029892625597244465,-0.005940239972341905,0.011700154356515878,0.01833919142298978,-0.01239064870397405,-0.00525833575048331
-0.3389262248389743,0.24631012669126667,0.18594481690832246,0.1429128027749804,0.3971996800785933,0.273932551850608,-0.08392587440450525,0.3714534804313513,0.008841781964309046,0.2050897300724742,-0.21097060110492205,0.011525122338467733,0.2224609824737658,-0.17493110681975263,-0.16771621246963758,-0.15588925964817912,0.3268892270147478,-0.3044578351767149,-0.06694732282571109,0.24188941888818627
-0.278977396710715,0.19123598015656237,0.04087086405795214,0.08887775336105691,0.35145282900154445,0.11013047537415353,0.11003241306264733,1.122196727512337,-0.001928603550839175,0.15030673247614187,-0.2142958730761219,-0.008932421949208007,0.18466540401105258,-0.059042542243534765,-0.24620575123109295,-0.14295681259082083,0.23946396331059536,-0.3992919333797081,-0.02862139134269854,0.175707084447856
-0.10268738498362334,0.0313970579233309,-0.006059335212502222,-0.010407031777598573,0.027885225046416585,0.40829675851608077,-0.43706371153698187,0.9681282930736048,-0.09543626126639725,0.11312750773113141,0.39481313682374597,0.4974519227987269,0.022644742008413946,-0.04881476835309194,0.20270343406944488,-0.03537189607733083,0.11888560686211427,0.2747120931789574,0.019082209699703152,-0.028110657335058176
0.010083214049451566,0.0018161718120682862,0.0018508029322467177,0.012867866011525043,-0.01377362943418851,-0.010229772487338773,-0.12984024519536885,-0.03392619999974841,0.015927563228618272,-0.02722067321597387,0.009641218423150383,-0.014534458183758186,-0.008607376051708065,0.03550342199011746,-8.094152763987034e-05,0.024132979643712603,-0.012600850223816205,0.2877495490926884,0.004675948728173356,-0.006995036018075601
0.13304975414541037,0.3170985601077944,-0.08897655157424852,-0.07511990496743898,-0.41139648982556903,-0.008102076051106872,-0.1344295237394969,-0.0389351130071181,-0.0038600647230378465,-0.13184749457741832,0.12230439499480547,-0.011702548747391737,0.011421407588481529,0.4726843759641699,0.0013497738411502001,0.1903447676878851,-0.08273280672652374,0.39260821896864584,0.15803088945033944,-0.05001206532262292
0.1821852803473519,-0.08281903665712684,-0.1609778318874559,-0.0986003154533576,-0.32031580762701584,-0.008510537446999636,-0.11639168455784626,-0.32728557759954163,-0.010823894651538827,-0.2038624194243435,0.040280265144769706,-0.01423782468836942,-0.002958590708229659,0.1758646248044208,0.17062769265137534,0.246607312203374,-0.11059241109931392,0.4453010433440832,0.24494190288297202,0.556411487399448
-0.09659066456482024,-0.07384759011286453,-0.3176865626086221,-0.053507058301556415,-0.08109326037359724,0.21885189629410712,-0.2535826982250644,-0.02231464074932963,-0.19287342647815564,0.08278080036671191,0.7959753194969693,0.9510248393554535,0.011739829200486216,0.21036784993434868,0.1693598612609738,-0.03771894526992607,0.047556177835056807,0.1255054006965271,-0.004836622588391118,0.41136884785789324
0.019246086134218684,-0.005864357455313427,0.007420835996663384,-0.005755567027537065,0.00832341068253097,-0.027842773031436577,-0.0008118703047335735,0.004734515776903481,0.007431679607678163,-0.019420791273848968,-0.03814532657629517,-0.01675565837118039,0.010531186064660945,0.008147484049634134,-0.0017121274984502404,0.00424509029651008,-0.0014548248547934435,0.002491145422430887,0.015580184891326782,-0.0056814480197045205
-0.041306368604750565,0.05430884231968848,0.037835770588606425,0.011560362919894372,0.022814944978569736,0.0013015933235656623,0.002391822765924515,0.04609365075336753,-0.010606718820978914,0.01746058963480757,0.6572456375000223,-0.03581792250807675,0.02502271990987167,0.0015741286842078893,-0.047884532198876756,-0.02141264669866782,0.03588562787893275,-0.04644097380504069,-0.011143902870726662,-0.20056622742571395
0.014352968201573404,-0.023455962593970196,-0.008539340152858453,-0.0020773857127260632,0.033933411396317496,0.0013999926639763323,-0.30231075446545347,0.12343859640114595,-0.0012116096378984552,-0.00276484509556203,-0.047582002450652375,0.0013682537511512307,-0.001125671618092721,-0.009259958484200206,-0.002283092126836859,0.005099909041582081,-0.010015256467007714,0.5870268921109554,0.0337930210178659,0.384184888136473
0.6966188915642274,-0.5277061345526176,0.834045107032313,-0.09692363909290998,0.019972378330481603,0.1785487178651505,-0.17738805929408866,0.33680335809112305,0.009930935715737395,0.07165230435988876,0.3744985848737126,0.02190350292978812,0.0143762707003058,-0.5324896646525151,0.6455854046466518,-0.020823962090768887,-0.5855512064431059,0.06686678323859385,-0.003269388656332119,-0.7169067205350426
-0.04072968938659269,0.023804990501482964,-0.048249444609307954,5.072427243384527e-05,0.03608253582249248,-0.006632748707749134,-0.002839508446431587,0.032041402530632444,0.0002778781070090653,0.01104224571704193,-0.05356294224412142,0.007993871262571086,0.02787532240649116,0.006794752257569148,0.3424291096283955,-0.007517966317425793,0.02314091455977066,-0.03791535078143874,0.001984250613665647,0.02095375853402061
0.005599273347845973,-0.01961046425742037,0.031475619436294094,0.010616294580398832,0.015371378724894151,-0.010279227358533025,-0.002259626023907047,0.03388034801915255,-0.00739432818568808,-0.012775478472289263,0.02749698560118739,-0.007681745210241821,-0.0012594191441688612,-0.004153610739333643,-0.010710147023110433,0.0012407688614355875,-0.0031765541149498424,0.002240475311640155,-0.005770517451367396,-0.012764641725428958
0.40096360851885937,-0.1649580431298846,-0.3709192841450011,-0.17961154402483615,-1.0362406514338875,0.006873823311057718,-0.454724215771524,-1.1732852148952164,-0.004502552195638602,-0.5039555669040592,0.18542456726953674,0.00199162006419225,0.007949412995627857,0.6582371896084122,0.39651161794649514,0.7978291421839271,-0.19284413744940704,1.3428007454279953,0.7192591480501384,-0.04991840972743693
-0.005031275268440048,0.07538717676639,-0.030818399381578508,-0.0067452685320876955,0.011374409645788165,0.0173558662968552,0.010214571007995409,0.05070257136763179,-0.013213438915760458,0.004034678694849493,-0.10128885964425333,-0.0035586394324049744,0.018781905613478627,0.018015010332674025,-0.05881031742853178,-0.009589168051966603,0.02775944660991363,0.007447364764414276,0.022428909420372806,0.02600519494360556
0.012502917191732972,0.1920954521254355,-0.003260852266105916,-0.018960080228363013,-0.09946411422313217,0.0004114649466269585,-0.047630680907954616,0.3060774516097101,-0.00445974478869755,0.012631366578879097,0.07151061457250997,0.018963139903762943,0.01234838394403509,0.17527893076756937,-0.08579492145539286,-0.02181496811336893,-0.0021292616356645717,0.07030233404161843,-0.020926151601037522,0.000369079370253292
-0.1948614530703886,0.1477579466370073,0.3726818429240573,0.07203080707387141,0.04676466426145867,0.675715335106253,-0.754330379909609,0.28232818129596915,-0.03744605642725199,0.2189455974107613,0.05206439885051292,0.01671045719551467,0.0077858931477435,-0.4244336392416675,0.26949803439064185,-0.009287257060628634,0.17301934930671542,0.4664032127743454,0.0689126515382338,0.13013976899851326
0.0027985678681400235,0.14202755393521738,0.015861221404096456,-0.020962500880716294,-0.08215105097271228,0.007642631444988451,0.8762971554336743,0.027551873233819683,-0.009968250691580825,-0.003982351632731768,0.003950995070945413,0.0007242272878238126,0.007085901375349318,0.10402329187320254,-0.13611919257190017,-0.013960673108886549,0.13209484721073686,0.043123193684012316,-0.022873453658472043,0.9612359396589758
0.11801682060249838,-0.07071267239348547,-0.09436203001562049,-0.06878242066261626,-0.2359716645167274,-0.03647280709954111,-0.060615309627171064,-0.22187833213441907,0.010330169847881954,-0.13477292745735442,0.5317926954924052,0.023192293500146142,-0.00045817001785610585,0.15490878494459537,0.0865073937351408,0.15074614540988876,-0.07047307947035411,0.27064258315593864,0.14997757845508436,0.18472435986938837
0.03949608189937205,-0.01579153680214664,0.00039874145919379256,-0.0225696087568965,-0.03702940358728944,-0.0100023179146851,-0.001422578345446839,-0.012085627444944439,-0.001238378196762569,-0.004807771392671004,0.005920141095180698,0.0016609444828485347,-0.006163952156350994,0.0028869979305926035,-0.006308938856457972,0.0038324784422819297,0.006868783865012616,0.039524859221176836,-0.01247737740456465,-0.010486171348353435
0.33288900288620643,0.13562526307345477,-0.0736130550511616,0.20483749916488342,-0.11653651263797926,0.013435959327038461,-0.5089617902980168,0.3035721362727545,0.5053850041764898,-0.07355549764967308,-0.40083654068746666,-0.012602666073349022,0.008499607350788287,0.23871143967837002,-0.33963176554468044,0.09134134274942732,-0.2746933437795314,0.9348899907884907,0.06717402080223386,-0.09784088475264222
-0.020129939416750023,-0.016406665294245226,0.04822850845998183,-0.001434972717846577,0.053834652885703695,0.009525405139884742,0.014897197055517949,0.0788774020855519,0.0026393057593005692,0.011253528908758519,-0.010058896207409062,0.009857259957761693,0.021171906422971187,-0.03912913154366347,-0.027030441839853044,-0.02348244423015016,-0.00705405658895829,-0.044852506662615955,0.002694147422681554,0.018688613985214205
-0.027621008065177585,0.12509763782204583,-0.5953836474440769,-0.0010220625201260974,-0.41635474120653426,-0.011467201395515663,-0.07072822216492204,-0.36898324866167614,-0.012167870546223366,0.01960654870642023,0.2464703708786391,0.03671301791721372,0.02901183046401678,0.9830130788977135,-0.03298957214193293,-0.022155481495722773,0.13113051070278248,0.6132218512632622,0.7093562785111571,0.0725404648370149
-0.003867426107534347,-0.0004917723774566472,0.008145118930814918,-0.015796541487853623,-0.35915793484100744,-0.010169531976346582,-0.11104460643036765,-0.2526445408450883,-0.01018757215506932,-0.0062655954285231255,0.5068956638747362,0.009678093987765181,0.0009373024115455729,0.5421327022242781,0.07499983237763638,0.03248495664023705,0.00734360291666529,0.2056142935230048,-0.00647891323686201,0.22477782579938102
0.012031994460148854,0.03127875776608459,-0.157194522228452,0.00924081742359235,-0.32449097178287645,0.02898636186757299,-0.1786887135502625,-0.3936460963095751,0.0017396144601496636,-0.020788473422491682,0.4038248847003771,0.023177669930414084,0.00016612392056431706,0.2367662974634556,0.04534911596517087,0.2698719505390561,0.0020328517140208897,0.40241356205967355,0.1966548909768662,-0.03427686891747755
0.03098058423627314,-0.024341907618259072,0.005294414832997462,0.007259528267203989,0.8864526593865015,0.01487727951625558,0.2173079374808885,0.5420625415257649,-0.02137156797267779,-0.004771033979367268,-0.054225406048472674,0.011179336496952168,0.0016157266303559199,-0.005871522486735402,-0.17441099585226624,0.0067488875522855405,-0.009579484236613539,-0.42857690218082234,-0.008008573621730302,-0.2889604162554909
0.03447486733144967,-0.03995946061003048,0.029714265596053568,0.30556659630329264,0.12260450190766461,-0.006116264435927869,0.7877091373381513,-0.068555994997133,0.008980317622595178,-0.026544348988624962,-0.058694260764267245,-0.009924544534585024,-0.007728206671400884,-0.016390467744817564,-0.24836681373121702,0.0016654950348755637,-0.07183928363492828,-0.02876277665618081,0.019034606872274394,-0.05433972286233321
-0.12308022782826342,0.09849368823384799,0.29620650428360806,0.050059512021853624,0.06311176443808723,0.5345901408634511,-0.5513609025432797,0.24746413866102404,-0.00029565677667153876,0.15608949022355417,0.014853436958722144,0.00549426581291176,0.022205850353296898,-0.30044342816788927,0.21973218965341113,-0.002692409747429424,0.09412423517857114,0.32521545054343526,0.025988903429239544,0.06468953083244687
0.006625213625770791,0.6060938214396978,-0.03773581164165046,-0.01619959099292818,0.30465625112047673,0.04502788715298702,0.043631277593904505,0.7069243311411727,-0.048610247643724555,0.029962878633184517,-0.06240908737754352,0.18785268950406805,0.022917266784587328,0.5846981649251758,-0.3490660558863797,-0.009034071569934082,0.011232177441049034,-0.12252969707696926,0.007923124751915289,-0.0727258331373233
-0.1842975239008487,0.14048993916495467,0.38712987379413094,0.061304915827677386,0.03741447216869976,0.6635143602548467,-0.7400217006482955,0.25198771729449654,-0.003242450442624273,0.22230908709431907,0.38737681066887264,0.02051085406256107,0.02302957417993596,0.35897627710768987,0.2904043926873797,-0.010928922957405962,0.18603936611170194,0.42452876804129097,0.024378388251940122,0.008148442297734176
-0.6719958077135672,0.4295478488619162,-0.0708603275980085,0.2951110567874887,0.12653408288305357,0.00719582056505622,0.05428296947893222,-0.11834980392944236,-0.02414407410417112,0.8580328501769934,0.38586098095335636,0.016552811221519418,-0.0035759829504876427,0.046144558664337816,-0.4366837322532928,-0.021780747135129494,0.5101539563967981,-0.3331923920858262,-0.3240374795961786,0.3776570894469474
0.008999177073721883,-0.015622819490650603,0.006813274201665955,-0.0008250545861146,-0.0013820964889039661,0.022337197516728927,-0.03464175370034682,0.028845553335596824,-0.021937514420607436,0.01050350562762976,-0.011273175733132966,-0.02798318687012976,0.01069049841255304,-0.013719882256742262,0.036042719522518134,0.00461633336218429,-0.019607672070437517,0.011204817372893184,0.005355952893975568,-0.014848361363166102
0.04109417510180686,-0.06234159237342923,-0.00782851240100551,-0.01592345780101635,-0.003970121318355679,-0.007347445091888236,0.08727933230181655,-0.023243940595769244,0.021548731361143905,-0.025210999709008988,-0.011249062732218502,0.022287246954316258,-0.011574165752394621,-0.032766889835395004,0.018711910281710015,-0.001673110622556935,-0.04230403695318527,0.026261945793166014,-0.0025885842432302525,-0.02298641235102641
-0.03015316046766043,0.11681370560165187,-0.4531456815661172,-0.0015227759239899662,0.025737896984529145,-0.014213784477434526,0.22652974754512817,-0.048483503410542014,0.0024346893598068938,0.02788697529450772,-0.5755366828548713,-0.0034833840053465756,-0.005508318045736043,0.16105244153112394,-0.11578396530433228,-0.010447184678763249,0.10774756397275351,-0.016803111803371608,0.5456274528548035,0.19204420042231143
-0.6303210854868506,0.41420708502248776,-0.10328277853908313,0.25167851643322386,-0.09849535179358654,-0.0006483074490429772,-0.004758027323902824,-0.2355927129777719,0.003483412411814644,0.8104332072764925,0.3617548001503917,-0.010833209987397924,-0.015093292876615677,0.35241687239820246,-0.3505736680079837,-0.006488157799750432,0.4458914658176259,-0.17337494070957282,-0.3062077085405518,0.43612064653516147
-0.005393873380885633,0.030844428638640894,0.029227887813402652,-0.002604369862776736,-0.04097007495417624,0.03803709138717854,-0.030531347228939423,-0.0005527542218704187,0.02453971625781976,-0.0019579397271654083,0.5457164039110135,-0.012793300854564843,0.006255638057726514,0.0336281645151181,0.009174132136161375,0.00833899215406229,0.015285404393096527,0.043985269788820947,0.023644254274668174,-0.18303831444384838
0.03346942296200345,0.18888197990322372,-0.016419996535569907,0.22190405961624057,-0.06083716231072986,-0.001983213644042365,-0.037346693802509365,0.11364895416827046,0.2662222996351347,-0.0034216364984250985,-0.11949546381376216,-0.0022221154015129837,0.006173171423530989,0.2516450979023526,-0.365235129174086,0.029814141964878926,-0.004117798652366507,0.057951913259662466,0.032838133878711914,0.04287225015216112
-0.042446474147535176,0.6400764909541721,-0.1287493868699916,-0.01313008716699191,-0.35776022066272956,0.022959565723570503,-0.0814534861753284,-0.06094181732504084,-0.04267558551187163,0.017688653441073558,-0.07451238744177699,0.1585890483757104,-0.009098478387263343,0.6542871793298982,-0.7556295234429752,0.0039485515562648465,0.7806606150266272,0.19710391069976874,0.08094038659510894,0.40781832328260753
0.4577281757631994,-0.22998954043888278,-0.28113499009372234,-0.1707659785584824,-0.8069623906352688,0.013789956351292477,-0.3270598413092051,-0.8732450971563385,0.011515391610336365,-0.5595180703985109,0.1350370561293831,-0.013000542878515702,-0.010955184165808679,0.4866672103518987,0.3735081222344373,0.6062611759518789,-0.26311486792673117,1.057683957352245,0.6089577689300567,-0.14272502696047312
-0.005631697501266075,0.44926302277812646,-0.01482268089397001,0.01733753640620941,-0.2456211589701215,-0.018516451935619734,-0.04149481388790009,-0.04893182413043267,-0.0068035178597418335,-0.022152688182059118,0.5570799386849097,0.016566635570329086,0.015545787230636807,0.43455036499763094,-0.5168191932520637,0.006637186420657487,0.5015630706995305,0.11226579538171208,0.008094193394119428,-0.07569029102275321
-0.2752132146499775,0.17921370521804755,-0.01921205000239071,0.13289965616313487,0.05768845457570638,-0.004997512981802668,-0.00373121303861375,-0.03679820656083561,-0.0015497437380340281,0.2986140375198436,0.07750043289154854,0.015432897824087318,0.00885227145860193,0.054785620873666716,-0.12378874002348854,-0.0059473062256978374,0.20130730469664995,-0.13548721085239002,-0.13220464653356093,0.20658348012113598
0.03996462734863529,-0.026734123468299495,-0.02872182199606831,-0.045815555711004666,0.004159820422680764,0.0017744587430648462,-0.003672407367775555,-0.02464237598364877,-0.02003627086742122,-0.01505957535963606,-0.006186749466577129,0.005380684012071552,-0.013376908337919846,0.0005395112891032339,0.015541638218877512,0.008923045619905114,-0.012412041301808415,0.03918488335717129,0.04521722603058943,-0.007169475714500216
0.0024767118665834998,-0.032016638862175706,-0.019195499233531622,-0.0331253316475867,0.022392394912492897,0.027367050067716517,-0.03332088502754736,0.03586920699346178,-0.01472213748168897,0.0021534283511485596,0.036524437089869195,0.09796441258522368,-0.0033872992802397705,-0.026734880489770727,0.9186715878439042,0.007375045304047799,-0.003438956969784761,0.009813237750083598,-0.006331590966956256,-0.013520047736396796
-0.1320627567299321,-0.06433587393940575,-0.3393991922002916,-0.027995772444329006,-0.0016005308014337496,0.23206616919306103,-0.2509478284293541,-0.010036867759515584,-0.18690338796746656,0.1768486838655059,0.7525228313831416,0.9648249177526338,0.025807258313636887,0.18515956529143657,0.16693464471228675,-0.05174185695649547,0.07723874287913568,0.10858765881721405,-0.03273859410306652,-0.13631284544696887
-0.004712281904647184,0.010633639334707273,0.006089464337011699,-0.00971903604880532,0.013883617513334194,0.02950419822017325,0.7717766321854405,0.019193992345159727,-0.019913293960777862,0.01259215663303679,-0.005396412196012391,0.007269225829873185,0.005889042599073082,-0.03093988844773509,-0.011815366652816716,-0.026836065336991136,0.03770604914456201,-0.02559885576330829,-0.015149433848903687,0.003169065986003707
0.03001215709238319,0.7141722987794948,-0.0875489175669577,-0.013795976583451632,-0.4799150781179267,0.02113982550473877,-0.16439391673455872,0.015267121209768444,-0.04098908826064106,-0.028304153892785303,0.06261959798253185,0.16156369176722063,-0.0013708340382652204,0.7054875637121005,-0.7798563068515558,0.039127708241818625,0.8072533748444659,0.29753984953745954,0.04149809952855212,0.1251343668395258
-0.00435843015013392,-0.015998148052808754,0.526815864154597,-0.011460017316086004,-0.15129723127232303,0.01230026603149752,-0.04787415857606484,0.0418882936755453,-0.018910795220549236,-0.01537122225739504,0.5018018850208353,-0.013439534823326528,0.010970146374684546,0.042241605473825126,0.033438475225059966,0.004089452970485068,-0.004435611296397303,0.061881126247690536,-0.004746558260624027,-0.12517343549154092
-0.03404477960266381,0.04200045626978135,0.22910434361123855,0.020252861893583652,-0.09962883808073564,0.008701029981669458,-0.0353471876404593,0.011106866708398506,0.007359447122495635,0.038908044726426734,0.25872018288809007,-0.0014467064930760015,0.016062260638019937,0.04841315576146307,-0.001467575112040345,-0.02676380563719956,0.00483924323018417,0.03414487985947677,-0.03993406971202145,-0.03434325836888861
-0.01270436275019753,0.049293425656716516,0.01695521497179883,0.00932706358259722,0.025674160951277503,-0.02856978238474328,-0.14135992435981254,0.030253717299966593,0.003769597455138782,0.0404330021521835,-0.001881106890758229,-0.008554725044961495,0.018505019130093933,0.02422276007998302,-0.03304548906258141,-0.0261619355445865,0.0481820007587596,0.24280073793184204,-0.02628558884557742,0.008746091281602104
-0.6375735330901025,0.390864100199814,0.0718651018285015,0.2750993990930133,0.7457427338178169,0.2732054139896366,0.15846045757325544,0.4457823731886519,0.011456504072131599,0.21768748508290414,-0.3320709008840619,-0.014840342320538703,0.5377009589382571,-0.09525377487442756,-0.5374911585152272,-0.1652279541791504,0.5342585228947547,-0.6719429086042964,0.14532836986232514,0.4135232203086523
-0.00463625030130297,0.04039548288593711,-0.27895203583005646,-0.011574882755090483,0.07572015990009001,0.0022871229723789364,0.1631049698925319,-0.0040571476883949345,-0.006495472080694783,0.019211714312135173,-0.42238061339491495,0.0022217945309255128,-0.0025157803009606115,-0.020172606424720595,-0.029615395617109335,-0.0069610500542022944,0.04929670192543311,-0.05787225961420789,0.31710111268746505,0.11123992991465272
0.0031090977505305976,0.7597899338982784,0.0014330429540001886,-0.038709591362407335,0.2590633434539233,-0.014268658551918034,0.09074643277148248,0.7314845590407806,-0.021062333670764124,-0.02004116810043441,-0.4911309592196404,-0.0070517405747008806,-0.0013164952478850072,0.6891086097787258,-1.0231396950080371,0.018351420823036646,0.8856678615357255,-0.11021967716513693,-0.007202902695134187,0.04932946703802185
0.006001780061549705,-0.019550921397599116,0.03848841452291872,0.015361879884931191,-0.025640762490012493,0.022123618762411142,-0.01888231603711101,-0.05753742971646749,-0.009992974346117636,0.003975531685657524,0.07746282378942625,0.006077173209861712,0.006770529297331362,0.002976847703042125,0.017010418335039204,0.014046485424375131,0.014607441908599889,0.028480488449761136,0.00411484249679471,-0.006945496449342526
-8.382051092750285e-05,-0.014423254923262489,-0.022516502500746848,-0.00783539932696238,-0.10645698406717274,0.016889984976313527,-0.0116519384888401,0.7574631799772557,0.02298348673977913,-0.002546345809904276,0.27851365389578714,0.01589506358434246,0.007302303943200918,0.5416763855446508,0.019288803108004123,0.0016087435753135001,-0.02348255672509983,0.06226288296834154,-0.010164633759116488,-0.0530837692298822
-1.0986976805788615,0.6360286477276571,0.21956407813101783,0.45984389450887286,1.4419130112979706,0.3944818487174224,0.3661133208272964,1.0835826177101096,-0.00013043744098907833,0.5932016205422099,-0.9285990510708602,-0.004257710355537817,0.7475520193081199,-0.40545316820673305,-0.9252657988206513,-0.5656106763120033,0.8641603761705933,-1.4425797911205247,-0.1358842766757589,1.6277962365350063
-0.031752762629796566,0.07779665000781687,-0.19662144248788546,0.014820982287462366,0.2767225584254317,-0.0005418027133795404,0.20393324709791513,0.14813853795887721,0.00039912244218958293,-0.0036811424290367437,-0.4853550815354693,0.009658399189829667,0.0004621225453175469,0.04408942665451934,-0.19308287316780293,-7.16847565424355e-05,0.08157603745963363,-0.1578830649131722,0.2993333308887318,0.0947258029483873
-0.018286324784149342,0.015958207494551218,-0.002250406637670213,0.02191875123465281,-0.01778375581764667,0.0034731692503908018,-0.01562475832549533,0.04492743031830995,0.02061827181456202,0.012230625757898668,0.0007872922345573716,0.00965720130913541,0.013351763307855351,0.013553321880875146,-0.08702829553768479,-0.013002936700550784,0.03724846913559059,-0.019537890394564644,-0.015088708761289983,0.4827361500043483
0.26860482957589193,-0.18192025142598595,-0.030337307350653372,-0.11867549744148076,0.03346470509227175,-0.0017648561505463518,0.03820886108131934,0.06903291772480952,0.01668922972461065,-0.007502662587614033,-0.1415687605342486,-0.019457534747425252,0.0059566157914642,-0.163889064177282,0.21544941022216782,0.005226397699943029,-0.21713378382199064,-0.0008686875806177019,0.045935638965314274,-0.18790614051453286
0.007904794199794337,-0.0009492358761033597,0.4963687945038105,-0.0010401039850279833,-0.22622101767165922,0.008975322200809809,-0.05979639301380585,-0.024685768801150622,0.0058375334084126065,-0.008805534813975238,0.548773238332881,0.021021322549772126,-0.0007770940010047712,0.1004286687023863,0.05185615562733137,0.008390513153970063,0.004115396330278807,0.1057815565363767,0.03574356652977895,-0.1019699532422404
-0.06702673488807577,-0.1265545832197014,-0.2821611322784094,0.27083252954230636,0.09033700808732725,0.2258207835686737,-0.21319864535004032,-0.1290686241881689,-0.20192218022509714,0.10031701024552295,0.7638360637099487,0.9588361566071728,-0.014044763066492978,0.20623944032788533,-0.08662665487584634,-0.03696555381175417,0.03193642579759238,0.08248827753848754,-0.028279905864646838,-0.24692131993203062
-0.16986197954524812,0.10102873156789277,0.2922689117519334,0.05850326203638842,0.1058454586466919,0.5174276101714297,-0.817168198971824,0.22709683487134058,0.004159834742534332,0.19272213075208344,0.026542148831324046,-0.005728115047105091,-0.011538448051487295,-0.30880572620619856,0.19374232535924904,-0.007963530508391783,0.10912339794957979,0.7873380415586828,-0.0010017489103119415,0.12292749110332442
0.05439359052644745,-0.033685463735520005,-0.04573264269052777,-0.03021019605711818,-0.14993093022176862,0.001110209432746331,-0.3033841021256085,-0.09405321198687333,-0.028896956336880386,-0.08254486113931436,0.056665788451245654,0.012428899674372575,0.009288541500592693,0.08758406400373205,0.3916767674718951,0.1118915740481762,-0.03329499989578232,0.6586723900058215,0.10431242907383269,-0.005876005574991344
0.7700482893543003,-0.5464239046379882,-0.06700811437518628,-0.3381459740961329,0.18460132570705054,0.008431909500156319,0.0676620662736146,0.31945694309042605,0.010196609723632191,0.028948251119391158,-0.4361675442145111,-2.297634756881885e-05,0.009983097180753896,-0.5055272236844934,0.7003775785917733,0.006415867561482552,-0.6188931021836045,-0.09681375245740624,-0.024774706898724783,-0.5582019515999126
-0.14484393879310511,0.06792485126733352,0.15118259969055886,0.018159304912420054,0.03365805785375861,0.4894940952917355,-0.5512734078453986,0.1559737243640064,-0.04651033211875036,0.20896657714359196,0.20842757798221778,0.24892818366709552,0.0062767929768183725,-0.20907371751697928,0.22636046423254574,-0.015438898467582356,0.1494597226783623,0.3052067146122882,-0.007098311537530887,0.052588031890635364
0.007885523903156706,0.11233478227267793,0.018382246813577245,0.11335832961036604,-0.4103711748984871,0.014715209086199988,-0.12500226229427702,-0.1534786644935618,0.13272028907026046,0.005862794577447231,0.4389256825278983,0.009596890235355848,0.022305775087216508,0.7391689142926102,0.04122714231217936,0.008051685710164692,0.03991113309512545,0.2114552476976447,0.015919729788172233,0.0027601132608450754
-0.1438914904467593,0.11342988179438215,0.42624559152512903,0.09561078048023589,0.03427120659011934,0.701086628397728,-0.7964139936333506,0.24293550615015105,0.007603580817619753,0.2138886072378715,0.10031984587239401,0.008458371674232155,0.008750347449613774,-0.38824130293099246,0.3167913584954923,0.01316731590332573,0.12691747876539983,0.4961243357861846,0.03929162597798047,0.08628806086354426
-0.021320757314508845,0.0935689986645504,-0.4299651904229685,0.008608997322738303,0.17063264541913636,-0.0002023456277164869,0.5404825636533566,0.04894481413806165,-0.012508949568790229,0.04249247687326776,-0.302075847302807,-0.012115572938293316,0.002147401153969466,-0.004038987567500591,-0.12745032497977424,-0.023903457242270602,0.1101671788443167,-0.09899701185966438,0.5074792069469619,0.0701253095686048
-0.021836165892795658,0.39279984003528395,0.32841194214564773,0.012279681061037754,-0.31855075510857395,0.007227422865567072,-0.0546580457399142,0.2044676392665983,0.02016477155430197,-0.0017074940448747761,0.43885685731649865,0.0011950306237211463,0.01156226544862486,0.382351781543277,-0.13786160907398318,-0.008986045330629789,0.0015615609076306183,0.13405377323056056,-0.013992761848948909,0.9678734554243417
0.5874982901887762,-0.20404652476299584,-0.062103631236268955,-0.26658120335290403,0.005177205954729819,-0.007850882240562254,0.01005188109202337,0.32904817563580613,-0.027028035726183453,0.022615255510378143,-0.1929738093719865,-0.010053438722811685,0.017336674472676845,-0.1869744637418556,0.49055073047315834,-0.013662868897095051,-0.47603734276395804,-0.01375860941949322,0.01521657626519972,-0.4165062856554732
0.006295654217911734,0.3824288901974149,0.0019479172022713433,-0.010929521671779395,0.2525905183027939,-0.006963173684528024,0.06331857735497398,0.4789893628493788,-0.003295500279298336,-0.001411073494280281,-0.16576167482965723,0.011781225527772226,-0.004776621885373206,0.34323066886204695,-0.24140096694795624,-0.012859080111207427,-0.006176631263295554,-0.14730528645778057,-0.007946563376470662,-0.036996475081400144
-0.17509069837895133,0.18640740202490982,0.35259219887454035,0.10542366612137988,0.06332102303936143,0.5610226551371007,-0.6078629354032332,0.25702670787462784,0.005391910288929132,0.2193809925224099,0.00970551474270542,-0.025786987958476632,0.009898849090051329,-0.2947666173131516,0.16068121581513797,-0.019134564002388728,0.17772934479027708,0.3176004195814691,0.039789107599136196,0.12260298830412741
-0.03914652169994663,0.6774213501835715,0.0215224825605199,-0.006800041839241544,-0.3686736631565942,0.022277957541380865,-0.10879536733637488,0.29107574191988433,-0.0020124253738421126,0.012449888105171053,0.26378652677024067,-0.011826339532802104,0.02984187567929271,0.6368960166387,-0.028698447482343212,0.01917675991938362,0.04727630447460179,0.1827433031456007,0.016440197861821965,0.07656780853163206
-0.035609852331931445,0.02734760549898256,0.0020652366489845135,0.023448128379567886,0.47515711283692336,0.01337430219835966,0.12765604022120286,0.29352834057339966,-0.003407665398686449,0.008181339975073365,-0.2885930012582977,0.004965514400108613,0.006508256802340706,-0.00915528726658828,-0.14531577541096052,-0.025744307113000787,0.019285035817687503,-0.25909446950570963,-0.0041718795115123965,-0.04181871031258161
-0.02491119968656702,0.03079377131606713,-0.009646922101562363,0.01314336376238583,0.02325211063667364,0.0019284875696393613,0.007872810955281192,0.020021846990282227,-0.002186020876957151,0.027834440762033025,-0.03434523347659711,-0.007043785481485134,0.023097040770032457,0.015505259662787227,-0.014656238940871872,-0.005697450728829559,0.05338651265222674,-0.022780655397597955,0.010133825270454352,0.06267570806019403
0.027565753882642555,0.1892559684598803,-0.05505610327940771,0.13334994595333288,0.868242785777855,0.021686548619177026,0.16722877720997706,0.7257116722391633,0.27990147321045994,-0.05451233907889248,-0.6960789291584499,0.014606446160249,0.006682484290057515,0.23390398692924547,-0.505698718570655,0.0535275920865729,-0.026925285983844815,-0.3391211517373284,0.07429008623608975,-0.06354914456505424
-0.027525875409947297,-0.02850255268292666,0.37320410973741436,0.00862269812585387,-0.22366336575168602,0.07557200200105023,-0.11133571557963942,-0.02012784025724753,-0.06598206455387512,0.03352719705513997,0.7332717521083759,0.32893996212168514,-0.003055351135617967,0.13569064813170478,0.09867154058548813,0.0018389077185074956,0.019419797284737243,0.14839083860129376,0.04365545123028455,-0.15030834242723806
-0.07398821350910932,0.7446804837579806,-0.30676127626666605,-0.03309982753496706,-0.5048184790543252,0.21388551806113618,-0.33029965009655055,0.2993131204338412,-0.15705161935018083,0.06614541431008313,0.9525712131650907,0.8369076553615642,0.0003011269370817799,0.9419562710289587,-0.16526870566056087,-0.015014731295526187,0.0650665729518928,0.34360203180762605,-0.02665105854461919,-0.07925343279952413
0.7986981462003594,-0.5274837460246121,-0.16998139906604096,-0.3055953322328524,-0.17988980855062384,-0.010935164146028666,-0.09512439873433344,-0.1457168004098586,-0.00039389334802000277,-0.24420449434109595,-0.26955867593541005,0.0033097073540521217,-0.0027655730181859947,-0.170282613530078,0.6829674152040255,0.25504058987888445,-0.5948160928802975,0.37715586923357197,0.262131398522993,-0.5436196307413906
0.000861966070578694,0.4797131440288424,0.015430524244964173,-0.030081477619469117,-0.26407022705411554,-0.0014761334813800284,-0.07123399666455431,0.2208423695002935,-0.00849526830986463,-0.024158463148364277,0.16557744359815418,0.0018574037793309137,-0.012448262011889715,0.41603052346960934,-0.17387813726318285,0.0031221640573399854,0.017488087768661963,0.10243472209828686,-0.005892224481584357,0.05349618387340637
0.03056043806233219,-0.017946520630806078,-0.005548496706451679,-0.0193208811378704,-0.021643219842498732,0.013218502503324627,-0.029126794892470304,-0.009364431117832469,-0.005381362228850152,-0.013718422083396874,0.0346163098362985,-0.008217030524709897,-0.009078655706052334,-0.002725779652694429,0.021017850475161682,0.017431487245038308,-0.01512757596753325,0.03795719705539382,0.00896946167416245,-0.021989089842041818
-0.6989931095740062,0.44210036746654013,-0.07004723121941242,0.28157289897620985,-0.3017941026207193,-0.007994612174964331,0.06176887367249204,-0.3937299303159365,0.002236602420082675,0.8137491927946658,0.6337225818367133,-0.01994228388329081,0.0012728547734485798,0.7567355562429213,-0.32512937674945264,0.011772022521842413,0.5056058417374136,-0.08053646533079366,-0.3156241584557933,0.4607875476832877
-0.020407445286970857,0.8073519812163831,0.0038055437560341535,-0.029113189858719905,-0.4127001310965672,0.011840608598584875,-0.1280994656429611,-0.047928871246544144,-0.024655170525800272,0.019060032846685428,-0.1248579694786696,-0.019351708997819725,0.0017316056015400786,0.6738961789174095,-0.8715714382580343,-0.01574019555533704,0.9293733237057988,0.19408026937228193,-0.011420702621626972,0.19623539078879962
-0.17282957155475162,0.12870392167525618,0.23552329044010226,0.032487759174347666,0.0856824297913231,0.6387695905013517,-0.657567506412124,0.28734721638442995,-0.04417045255904931,0.19706292371940634,-0.04722169132839702,0.08023631168139028,0.011493279485824308,-0.3289957353994175,0.26652169419620314,-0.03125803684930491,0.16680902046339532,0.3893794423082359,0.11778726754128802,0.12973870881775385
-0.15892064789531624,0.10655043317638599,0.16769174172182644,0.03944954015774903,0.03434861672331417,0.2976669431375773,-0.3019720478221334,0.15516968280757473,0.012869338266547285,0.16904582736082802,0.07202857618662406,-0.020541732742327658,0.013138529872604894,-0.1793956669768929,0.0742750226507292,-0.01295604074447829,0.1055032381564451,0.17024730551736628,-0.02920442863049504,0.08125301191221065
-0.01790745938883269,0.027957388184442492,-0.000988245193688805,0.02419857816793862,0.006524251215987397,0.012047925395253083,0.477073785419724,0.004670665146080204,0.0395173890482276,0.004159722203873525,0.01496147662083908,-0.0008656102823409607,0.01862732567343601,0.046410766399397785,-0.03919261566776327,0.0028558342361680177,0.02610986887114903,0.00910450602230484,0.002613593474007151,0.018758449693737085
-0.03061880849128694,0.6489734666774687,-0.825057335417585,0.017301616046131237,-0.06376265086967652,0.04152116487285847,0.7329320612445934,0.6439470677468574,-0.02875173299141407,0.01634431410618779,-0.8935657049909019,0.2093156312798017,0.010748396642094536,0.5707463680772276,-0.41594454106979345,0.0006936682315732082,0.15389146014143468,0.0683487309671155,0.9142334273241043,0.33177150460991506
-0.017162095871620618,0.15515205727276013,-0.7532965007829086,-0.0025609564276744988,0.2591110903273842,0.029336983668413613,0.36088623197693176,0.0294002743748161,-0.007819272071120539,0.02334873305072807,-1.221255331820853,0.02659407347772598,0.016417525880649868,0.002669482129320279,-0.21717491871931374,-0.021807031028112718,0.16583786437182088,-0.1298981010487186,0.9165222824100719,0.933988598302002
-0.01743512521191286,0.02625700362609701,-0.017149773751144643,0.0007666373028622489,-0.012807466388001152,0.021845950359501543,-0.40165750850120685,0.0029138695557232907,-0.0004910057777215166,0.018527193398685617,-0.06462609657552607,-0.012525452543407277,0.006146639783770132,0.04057985299020117,-0.05302220674204669,0.025505968188510468,-0.003068060235278374,0.7779144379016043,0.03427969294212291,0.7972187924695511
0.00423910343835208,0.6444036501288274,0.07726051686574176,0.2815071958599873,-0.22361550793531706,-0.0042914678915030305,-0.06104253671630218,-0.13453861349732685,-0.0009751223785639564,0.021641451474983,-0.13011640829438317,-0.001785464298574664,0.0014433303422121315,0.5742292680876211,-1.0365259197629921,-0.002542678098197874,0.7747386161519952,0.10649058883987705,0.03162120821460432,0.1024851486104228
0.0025282907932879057,0.7107975110807822,-0.0012789760373297454,-0.008513368359126609,-0.4013330958470368,-0.004208743402410033,-0.10640049979080567,-0.04192024075956795,0.018364876780060876,-0.010516807246950817,-0.06885552275738618,0.01641468357730625,-0.0008686127947204816,0.6215784310333857,-0.8203080271707162,-0.00452222747748742,0.7927782974465161,0.2076379178530967,-0.012710702087662794,0.13912521076762818
-0.5639636736680532,0.34694091666270355,0.07878161087376682,0.20830982540845752,0.6903905527236508,0.21062474106219506,0.18440890466136564,0.5251607339202103,-0.0019144161388971882,0.3086147908796518,-0.4566565722919163,0.01109255971135276,0.38663815496472004,-0.13379640076483124,0.22888830726275547,-0.27813602781678826,0.471354104959382,-0.7228137151183089,-0.06586723027054384,0.3895815486001767
0.027861153815022313,-0.02478941124181224,0.7654273930633803,0.03577404027462584,-0.567454476589997,-0.008849811418204937,-0.15495224709600272,-0.1774998149355028,0.014822885285341874,-0.025058772023138928,1.7159654485794997,-0.004374822045326833,0.015212156997884096,0.5896823571192861,0.1335447322556588,-0.013063014066319345,-0.012913073284515296,0.28940719618097455,-0.006330632507863173,-0.35378700933170115
-1.5204088698242662,0.9539954582433838,0.1321815740703733,0.5932108760175704,1.2856855161921084,0.3085651411827426,0.6359950039717611,0.8164703907535986,-0.01006496917133216,1.2278833991946583,-0.1006246415614793,-0.0086035568325898,0.643191699246118,-0.264695564414553,-0.4374205159090148,-0.4701346999409214,1.1864558791035489,-1.50748681458161,-0.39556879305734893,0.8848991751133205
0.04457869001466618,0.07017584634701153,-0.3799269503363618,-0.0032093431491919634,0.0749809637525423,0.005817126802283447,0.19054933311146302,-0.017577630641090223,-0.0034030040207355776,-0.02428109414256554,-0.642685498976105,-0.0464945157659182,-0.011648975962778564,0.03440801080584969,-0.14617727704538794,-0.0002394682490291563,0.07536662612395355,-0.0501499098044464,0.48288803753441256,0.1485173664162549
0.05695980254198358,0.01369792012682233,-0.0009882162865651961,-0.0340024045016389,-0.05949001215470382,0.005425221735194611,-0.0043875492989165505,-0.0040824710302492274,0.003071033487229327,-0.027500615228398664,-0.004620291143530613,-0.0015453039310145402,-0.004261241242240859,0.04118169520278447,0.04179289583406571,0.017093977915161946,-0.06403626282897028,0.040522924905512014,0.002937217827588136,-0.030822180613742298
-0.006849741919032487,0.024303745319963356,-0.009674150555148519,-0.00698360763612049,0.4904659305274116,-0.00433664123494133,0.12363327086186225,0.34598040152107534,-0.009455351769105842,0.010046175733839618,-0.14376465570031696,8.737542402424562e-05,0.005611588491939292,0.38368577364227,0.49511547561785796,-0.003895476360074976,-0.00311678375572674,-0.2627664538457495,-0.024600196647789563,-0.12383748497961367
-0.03362660351118155,0.37583373118935187,-0.06973011689652021,0.25726660530768103,-0.06913493214277866,0.03583043057150702,-0.09861240514944564,0.9844900758501935,0.48705886740873483,-0.031985317550988615,-0.33167324085452476,-0.014295568254711063,0.06481279760802969,0.3778725087144183,-0.5460957878297232,0.06202540849998413,0.025191291628406987,0.08955639437190682,0.09480740237367313,0.14774132254182537
0.01812419251242298,-0.018053169837407037,0.21261891567498278,0.7439516993456278,0.2494859357795188,0.003375036271742186,0.05162970180813575,-0.1841339604875409,0.0063971366582993485,-0.0024068794241357237,0.31842557214899175,-0.005109495051042782,0.009096023301876033,0.018832092213559873,-0.6413213158572559,-0.022913826436522004,-0.008679417989841549,-0.1297139567224162,0.0015565753409831923,-0.19799954265578298
-0.06347540921674416,0.052442935709560524,0.10146587296109222,-0.0016537736765284794,0.04534048872159539,0.22754186555841036,-0.26634166818471605,0.10856069642739684,-0.012311564475553899,0.07162802122298968,-0.050024079402100366,-0.028203293863247623,0.0009039028585314918,-0.13833798768801825,0.1118414055111808,-0.013119343324316256,0.05858958097444323,0.10929452962377428,0.033500021262340814,0.05521409673121387
-0.030747208855599853,1.0150756289188745,0.6735265039224547,0.00965207670570694,-0.7788719337764399,-0.006011915509905324,0.30487135203036425,0.4105403936795602,-0.0013618873331962744,0.022768235497575482,0.9844451135163248,0.012600319437065573,-0.01042186662610392,0.9734653168944004,-0.30586609821985095,0.0090236483118166,0.044907940104166474,0.3941628056822826,0.0033267552632812933,-0.036712274420676524
-0.008138488939804773,0.10519402139222012,-0.4829808847317991,-0.015699729343635813,0.1507965775527807,0.01616723227059939,0.23881730184447492,-0.026227020462727915,-0.009025303947837467,-0.014546454143693197,-0.04741100166896341,-0.005329698312264884,-6.095390486990371e-05,0.04068799870893185,-0.14879005364634293,0.003904421487147014,0.1203157430874407,-0.04198050098082626,0.6540100474779817,-0.010589682500974803
-0.00976698279016677,0.027075158446686714,0.003330748301478106,0.013634305343689111,0.03736162359817338,0.01588414568718499,0.006163976374815382,0.04379020871698896,0.029877557370472756,0.012669082025427294,-0.05739780453354474,-0.013717293721639202,0.012905579414291527,0.0020725762049117586,-0.027584984318047807,-0.0009388690820323238,0.031833268623893955,-0.0015459617960803008,0.017073981241923088,0.38550336980273275
-1.4720135560227026,0.8759433326780229,-0.30577624472085496,0.510060032031299,1.7505180581913573,1.2823709258334177,-0.2287803893964093,2.350438828279858,-0.17839808655363043,0.9556947148935965,-1.1970955892114974,0.877874602992931,0.8266062002109368,-0.5626513784793298,-0.7523276111249138,-0.6471843850298117,1.2904182034475535,-1.1315459309262947,0.5924806005574357,1.023834372876199
0.3933443197252229,-0.190277334581804,-0.23766238968684839,-0.1735363247531007,-0.7373599479444228,0.014953187161395001,-0.3068863619787823,-0.8137290138614677,-0.025077618000860405,-0.47805350914187783,0.12405597282989086,0.0009362593300894211,-0.0016361338925489745,0.47213427209935505,0.348413250609386,0.5719770704514515,-0.2052254462852343,0.9556025983755339,0.5733492916965469,-0.1192811846123395
-0.042841966172556464,0.02909336895052329,-0.0036183878526337837,0.015416079359304849,0.02146572024006787,0.05670775691901929,-0.012999924567013987,0.03597729602001712,-0.0030949832487667367,0.023672258828268542,-0.02437209154379376,0.011803473833732652,0.01347899900255108,-0.031866047647396326,-0.025311752772909448,0.0009223886787150127,0.02225475137610351,-0.019234945041968887,-0.008185583307971077,-0.005911846583390475
-0.09993692997667553,0.08181257641213409,0.19003946138072048,0.054658282999471716,0.07012797516986768,0.32570486279565586,-0.3476842803871259,0.16481048575241802,0.01069620012103906,0.09943454784277785,-0.01882722109559035,0.0016340260865195244,0.0016839618702665232,-0.19553478333285162,0.1305207775404603,-0.0026855613181841803,0.06199583568334687,0.1988591409363631,0.024283908824071877,0.07198929215205037
-0.2784214391683605,0.20868250674309954,-0.024108608681435842,0.11041520227265483,0.05094821370711207,0.015142088487596777,-0.009104823546973465,-0.048492464910827926,0.007699283492400308,0.335308591758089,0.050815312539744806,-0.022392586640827335,-0.003165914350931136,0.006502738238316484,-0.20045717791020903,-0.003785846230652493,0.23023370384630962,-0.11758210477903357,-0.10822987907249544,0.2488947466056173
0.13026737097373634,-0.17679844986416102,-0.24228182117213398,-0.1465438118096099,-0.000386858784814495,0.16677752035782728,-0.14707968494065526,0.038382806754582,-0.123709793525317,0.06038995115307371,0.40519673515546906,0.6079915051996677,-0.02127106558207533,0.020098852440805292,0.31447409608295396,-0.03096038784618542,-0.09548974861569029,0.10054430468830694,-0.016965266231183777,-0.22681736395486515
0.2889987874494846,-0.15593808588248673,-0.32606217994428494,-0.1428679401267632,-0.5888528212296144,0.06138960299110514,-0.30302412679814167,-0.649037361709781,-0.05189092697393896,-0.3683822535178891,0.2613441435664417,0.2479279838898537,0.016885406570577813,0.4417255509248472,1.078619270452883,0.4587095469719778,-0.15544091720382272,0.815104114913773,0.4340084117378302,0.08897208129548002
-0.7672041532863586,0.4633341034091055,0.9156447095889442,0.6473097766153297,0.7963230574965232,0.24499922836263144,0.18843860286597147,0.6090838498463171,0.024573024324715188,0.4077300203639069,0.1224461894007667,0.024359175857880423,0.5079980875885582,-0.10491328283589323,-0.9110858639920281,-0.38435338818430204,0.6176419718628922,-0.8339599641284071,-0.07025858945979235,0.3522226812637719
0.3699969555545348,0.5168321578035228,-0.21741304553154636,-0.14375679615319864,-0.765395691864334,0.007800615720344336,-0.11552695195170012,-0.21530765393764553,0.0167623372564907,0.020846095034422064,0.09453521740903999,0.006913904310823379,-0.008536746162030795,1.3010591884902343,-0.4490294851145737,-0.015004734849451995,0.5765142757857803,0.35226572688668845,0.21341261431829275,0.16902952627259563
0.048565568175334986,-0.01965472985732313,-0.025702052540468198,-0.030632021942360754,0.45071546271143553,-0.027717834784916573,-0.2656239801894069,0.23254253469226885,0.016246425760686446,-0.07478719628400463,-0.351288970542719,-0.013634529978893707,0.0066743343664613965,0.07637587958443058,-0.11476844604350604,0.09413372690789852,-0.024789169875217593,0.5625061948418028,0.08188279854791079,-0.09643350965743762
0.10358318612195863,0.5171672899496488,-0.01855973840350466,0.9062406066062493,-0.4796609243573426,-0.010186417452154373,-0.24955783208532073,-0.07008489059602815,0.8007597586421071,-0.12166511868291345,0.045028572034640155,0.009388122850289277,0.009857914108537001,1.2845278470928052,-1.2360271915451384,0.16538131909598341,-0.027880374335039558,0.4062887916893438,0.14810528396737782,0.587709419776063
-0.38396564664021604,0.21101760918361845,0.0691375048033756,1.032976901362472,0.5888285063072338,0.009554508804073717,0.15115330605280328,-0.1787510201659194,0.012251210930055715,0.935631960971125,-0.1415023301036268,-0.002904984348689706,0.036130460339146714,-0.22165507655474295,-0.8681679076510836,-0.009287911450660094,0.21619515268476353,-0.5853034358759918,-0.3547948531522455,0.14293186599034005
0.607852162450089,-0.21025919763185483,-0.9448541459338992,-0.15361717937652397,-0.942480597258175,-0.006803848971783108,-0.14746608790781046,-1.3022459503773824,-0.01120256835539004,-0.7261960786923175,-0.6883545288629305,0.020572634570147335,0.0017085884215759855,0.6990781409948472,0.4941064531749081,0.8368246963956624,-0.25116206865678375,1.3515730315261638,1.4487968354106857,0.04096004914849569
-0.004243426278827872,0.12562921559414084,0.0012732567256038673,0.10030304431816017,-0.03357313772706052,0.019487961255242506,-0.02751878326173113,0.10783633189736191,0.20062540558534037,-0.0019932009180226055,-0.06849845520488065,-0.01525900546309655,0.02848807288142668,0.16115461801769665,-0.2023710144586075,0.015976170518685048,0.025451719344416836,0.037336283388293603,0.015299627788369819,0.7534778982640841
0.011381996798874782,-0.02202339078022734,0.024470153787452723,0.011942116967749048,0.0225474248392198,0.022226063182916,-0.013863851108044358,-0.010398890009731272,0.0007740977419867113,-0.016270693420499357,0.003215541577819202,0.01009231502559707,0.007793012472617844,0.003075766310513788,0.014924247782581185,-0.005894147094999719,-0.003493580230141728,0.005499758210528942,0.002790864762032568,-0.026108565487602008
0.015818859754874803,0.8039736026220263,0.004798772489191179,0.007925726885234154,-0.44149402804544685,-0.011802503504650749,-0.11329311538088065,0.3514287073467172,0.009236743452267566,-0.011479676498750865,0.2705621015268453,0.025230051566449356,-0.0017919914733050147,0.7150850848117418,-0.30498189653057056,0.013946024288958253,-0.012273966598516442,0.2048934755840896,-0.02974165208593832,0.05116577249227374
0.9151029909041035,-0.6386942779810834,-0.08850077012011033,-0.37469148455137974,0.16444209819890038,0.012682741936328831,0.7834392121763961,0.2954298229954432,-6.210583229143696e-05,-0.007296698682147459,-0.41809154920812225,-0.020969763259488364,0.009695111963986995,-0.5477905197788828,1.2946600357576281,0.036728944208721824,-0.7195924641884276,-0.03752361636256643,0.029080054298632044,-0.6794566503536565
0.11588273415775227,0.10991803896823779,-0.4453272179936329,-0.06724630366100823,-1.0075378873938163,0.014685226404669773,-0.4145787562563104,-1.1933112952969174,-0.011024805459941538,-0.13525805767507695,0.390993850681291,0.013472098558560507,0.00841930373768361,0.7598533014273374,0.05714450444059635,0.7798688101792187,0.14236586762774525,1.1886703136674928,0.5722125005376939,0.11822129862219756
-0.12743901125690885,0.2785687152177565,-0.042178507050353,0.06320312239725362,-0.08431244040651312,0.10408549276253605,-0.08677188352497768,-0.08221104362252596,0.0011546309349170902,-0.07544095185265502,-0.2170199865755068,0.01830712413266445,0.19481951518075338,0.2866537428505846,-0.2910151759168542,0.10833173099767493,0.3229300726361476,0.1397009507209749,0.21360361084317794,0.18161986958610526
-0.006693115629684575,0.8085505315749147,0.6705900618741654,0.009727370174476991,-0.7032156665268092,-0.0017935287318871888,0.3199470421388309,0.4117960046243705,0.00851708079118399,0.010612825106182812,0.9027777318791964,0.006978823853529985,0.005619876361278704,0.7957639495971613,-0.2680919113361705,-0.012474784292024404,0.017624569189072917,0.331829042906032,-0.01801930972175608,-0.06487445271214219
0.7379120624674039,-0.6362239939572866,-0.2539326189984924,-0.35128315972671353,0.15983424401622334,0.14834118358344853,-0.11567692776537537,0.26815904858955175,-0.1276308738401451,0.07262420641718609,0.1234437744977754,0.5922947472655383,0.014253029769087655,-0.4009314314081775,0.8200738557712205,-0.018965030037881442,-0.5931730724019791,-0.004343693363610569,-0.025114187141962077,-0.6961350498952319
-0.5097665341149444,0.9017970802497675,-0.07649914301857093,0.20018249412129255,0.29037079297021406,-0.00216217425284652,0.08951035773047683,0.21849594652937812,-0.008527641777836754,0.7164757674405553,-0.3380989553674246,-0.01114974708111878,-0.008325825328699498,0.47939465532042486,-1.0575523653117813,-0.0013156603082475704,0.9889780157030282,-0.38458756502925445,-0.2988796505969563,0.4181725023797288
-0.029944443130409493,0.045358894001161824,0.016417956663529795,0.027375967555165123,0.06323745184643052,-0.0021902460292639626,0.03369312770525802,0.04821379078010497,0.003851909707457954,0.02613859823551464,-0.040797518468472564,-0.006755305719457115,0.0553919678578281,-0.017279545275540865,-0.04100020912431844,-0.013132600070998285,0.036152647802129276,-0.07872880922257476,-0.0053764875599865425,0.016896338538086676
-0.04578889310707875,0.5383209174285061,-0.24633527997343602,-0.04941649686811034,-0.3438504167692647,0.13401146018842142,-0.22564901483142574,0.23029396252439374,-0.12535922916868963,0.057140294363711513,0.5707901874793113,0.5411926523320626,-0.006399103295646282,0.6152105315415975,-0.07979311242616152,-0.033299380725121244,0.019328074630176162,0.24820383156263578,0.02506517519200043,-0.01869464877060708
-0.07203291287730317,-0.04919026676602084,0.6494668519967254,-0.05138326202024506,-0.34728707759974087,0.10716066122331508,-0.170023902113513,-0.017863315824812792,-0.10587807004726385,0.05036449829683846,1.1569895324645798,0.44407290719664816,0.006690180268788612,0.19695028192724723,0.16183431138157417,-0.019273061309057725,0.05079024299146366,0.2119571599820124,0.024706758691557845,-0.23628909743083246
-0.1816856552741903,1.1977106839289864,0.0803513019068719,0.0590179612716102,0.764890574146189,0.33535707113480046,0.2564108839599504,1.399077350887169,-0.012732311089219047,0.5173250258190186,-1.1605806043078468,0.023496273760928443,0.6736876606691067,0.2217978134680488,-1.111331802162616,-0.47118235141148324,0.9664450405487487,-1.04265519509504,-0.12016725085641984,0.23969789339559533
0.0007685532570584114,0.6916293665000337,-0.024363738020676422,0.01183224936964679,-0.38588282036957167,-0.03094780132247994,0.6149791419421676,0.32206702745099236,0.0021900647863326538,-0.03501341665735125,0.1838347499334576,0.010093577512723184,-0.00017061293403315258,0.6403383427784757,-0.286466399332651,0.013617936619323423,-0.029194638584630565,0.1902429749220168,0.018033979098672437,0.0895647967983452
-0.007050477726931664,-0.030504518704415867,0.12149414856009184,0.6511146878735353,0.2608755572387759,0.010170136728830218,0.07691325617705799,-0.1763015679996936,-0.002608987622724853,0.018283248826081754,0.47306850221649605,-0.014928474090307207,0.03500020626784705,0.4177151894067028,-0.5423753601547011,0.012115290070567601,-0.0007115277092184505,-0.14406057446843598,0.03749583356764686,-0.2103072290335749
-0.09572027891469936,-0.061562016160227676,-0.3208455881111805,-0.04915638480557154,-0.06937940191414284,0.2522021113020504,-0.25122518669883975,0.11911021006468085,-0.19617641429181953,0.11776339297452686,0.7893833189090942,0.9715535281013937,0.009590684169738241,0.23621930141657277,0.16616638964819147,-0.045118669680016946,0.06820927802676167,0.14025780538296934,-0.015262927424368262,-0.15863787472128316
-0.019518738927116815,-0.013189462615892525,-0.007609648264611114,0.025163285090884287,0.016273253161610136,3.267066943488713e-05,0.02228142734312866,0.016552364569299934,-0.01552737000976712,0.00870027956856078,0.005338401782985169,-0.007461748674926801,0.004631663812931915,-0.007067003604749676,0.009110923258406196,-0.005953529382452663,0.007149309984201965,-0.003971664244236998,-0.00654893494534049,0.005379285271030224
-0.07789047968859658,-0.004352068555251315,-0.13691995110849967,0.006696628112636915,0.04071099663011382,0.10698665290560151,-0.08397022024307085,-0.018878007773157863,-0.09347740673864766,0.060751484679210224,0.30578230490358616,0.4471200520769889,0.009628007644239399,0.08808131454926003,0.007733177183122715,-0.02887317677675501,0.08870468233631129,0.02388131302688678,-0.01109228355233675,0.10749201360855677
0.02577483406441395,-0.018681476878675662,-0.014941960990419868,-0.002853098529626538,-0.025952378959534533,-0.009799385492717493,0.011133199162913703,0.0012572869650862989,0.003744481274275558,-0.005672246168111701,0.23232918945553044,3.592898354595406e-05,0.008768956854284629,0.01474584990240035,0.8718395745228339,-0.006374223323935176,-0.027416282267471975,-0.0052511372355675875,0.014823523833522393,-0.07295665419494514
0.10974817049150046,0.5606722595615448,-0.23075201507727106,0.37033138492159134,-0.4582335610049546,0.04265596642617159,0.3916558329430148,0.34749326810356296,0.9220949044474263,-0.12108188194956593,-0.2009167968618948,0.20857077513276684,-0.004543826929007724,0.8955425077849942,-0.8390427894592993,0.17827964931772242,-0.08604155737813608,0.48386779034990024,0.16039875612115467,0.11422779056533729
-0.028532462064510045,0.00028990624604100304,0.004808420950411665,0.007895326290024759,0.03258460408844696,0.020226408626471775,0.052877243994349406,0.042709204198594634,-0.007310422432087396,0.024240322249512086,-0.017649269033824938,-0.0006647874008589215,0.019858435078645566,-0.025297765117083048,-0.04979176931877504,-0.011677257573610827,0.01234604493004132,-0.032766898506953177,0.006464334471450444,0.44889148372972887
-1.1660857720766848,1.237295537526168,0.16240921608815811,0.8455337136929033,1.253907022527215,0.4564092187866509,0.21673843914254565,1.5205186457762436,0.781879191256461,0.535152734127537,-1.3527377699223146,0.0017434324281969567,0.8700728238625834,0.2826751931371854,-1.8327709623821322,-0.4782102432786561,0.9279190446370437,-1.2864790974405598,-0.0011249108772288345,0.9787237872018367
-0.017578550507974355,0.006308428214097428,-0.12080041460812581,0.020986805868931747,-0.42966628006855534,-0.0020281758534420064,-0.053446744412804184,-0.3204994294289206,-0.02663807160430879,0.0063147614930904455,0.4912246677047556,0.0147780740867558,-0.015452688880261897,0.8156625180219852,0.09842335484555091,-0.015056844783432555,0.016570869695335933,0.18187861585791637,0.11324664249347724,0.01502578882171935
-0.014691607793941106,0.1485351953514525,-0.8122110748480184,0.020640793766538258,-0.1120760115611773,0.017691972382836877,0.31328621625320996,-0.22248936865301175,0.0011752160054450747,0.006966708065451104,-0.8318290503676616,0.007940902609049087,0.015291001209105703,0.6071950205693422,-0.1662302245559071,0.018104734076921918,0.150030315381365,0.04044190131700564,0.9739124302100411,0.2946459817122417
0.2262998692408004,-0.02827768449968276,0.1226648323895768,-0.12255137970802982,-0.6588480912610044,0.6533122951208118,-1.0265012698452043,-0.5057975448992326,0.02295300418804614,-0.26545291372067914,0.1303014988088479,-0.02971042497550829,0.0011104188744455682,0.07520187827324633,0.5984539337405584,0.551365267475722,-0.04318174387491431,1.4159439728752448,0.5917935952758218,-0.000800501639303371
0.11854713138681969,0.32240645501187826,-0.3688298650737703,-0.059617950186810466,-0.01946349028174298,0.08812745289524831,0.05295136613077121,0.08649095487953051,-0.002555069735494041,0.021104054945747637,-0.7410502760459865,0.005711434061000678,0.02064245336510966,0.15846991720623063,-0.32809957908842174,-0.01646816059327127,0.36239527565933893,0.050178442578302215,0.4850690680013057,0.1164777388552056
-0.0032557578069617454,-0.0011764811898327442,-0.048113074222181904,0.005876190714439258,0.37242360160819343,0.015121498862084682,0.0752431201063112,0.22522085904378758,-0.009439478793644282,0.0009658108046162028,-0.044431833808821125,-0.010051052765116452,0.011112801155912524,-0.008778608049464487,-0.09352056752552103,-0.013746028516152687,0.00567840830629171,-0.1806692851551523,-0.00338546057266244,0.38507986169078945
-0.021328926898594017,0.7667210166191089,0.13410567416969932,0.5320514782433141,-0.22901686650981237,0.022274479475839895,-0.06867327247725646,0.20667036788245047,-0.0003991311725827715,-0.012804139202174943,0.2532362236998687,0.02352693468308065,-0.02014886978786942,0.7080348149569295,-0.7471409662552647,0.008909015038053344,0.011622815765291838,0.14389146934225813,-0.005081607833225264,0.013729950373258108
0.06693475789491125,0.1064319671627029,-0.017487940150600075,0.044181502801902355,-0.08593521321434272,-0.0017062171975825323,-0.07075405858650931,0.04337311439543351,0.17433485694559098,-0.060515710275914694,-0.05438809967419719,-0.008438972436455892,-0.001126089003668684,0.1513018718028507,-0.09981333206624139,0.03128691300527106,-0.035312951836723915,0.08848830324827948,0.061177003749310205,-0.010143133819645185
-1.1452317018880303,0.6836935794397614,0.25910325366584797,0.4727425831467321,2.2189850108236753,0.396364246846837,0.5612238667319106,1.6036461636487642,0.011799459411029457,0.5999422275645203,-1.356627282413997,0.00843834626919158,0.7636386580328829,-0.36059131541924416,-0.5470761097571851,-0.5916623658253459,0.9013299042350676,-1.860813063404376,-0.171254084140195,0.6232703573623773
0.04398273731142817,0.0003255513102996561,0.03262010322055346,-0.011148088336582093,-0.1512989641959376,0.16515982348462308,-0.5477263325388332,-0.11674838673571769,-0.014240345922719059,-0.09681380757898171,0.020819415950358744,-0.01267326648036722,0.010477308910146598,0.02002259067132433,0.13943601759009228,0.13752764797452255,0.003982037800331562,1.2891001649304967,0.16138470370416227,0.01372642697787343
0.26450557409389924,-0.20091220921177236,-0.3192966105116102,-0.15945085526670996,-0.5670657153130999,0.07243362078505955,-0.28117261815663497,-0.7010190201009098,-0.0567806131256237,-0.3380585144477414,0.23082193991841318,0.22614605148855457,0.009379197281301788,0.369105632756205,0.3227315310886659,0.4573812222399394,-0.17206360638533752,0.7875553985728238,0.45836176418096936,-0.11010304515527818
0.01679156038391206,-0.037146669757384114,0.017250187995184005,-0.007963452740489084,-0.016139854868179586,0.0006476797768685508,-0.003575275276903696,-0.048623216998510396,-0.010997505642545051,-0.010987492290490947,0.058821015734398414,0.00543894667720589,-0.021248298103629912,-0.003444040894409601,0.04977070522004253,-0.005898867215654465,-0.03247706798215249,0.03023958499977969,-0.008217153160172663,-0.04901901436980269
-0.015488434158010017,-0.004093904295345952,-0.03959905464483639,-0.012554011101614368,0.004888660834879397,0.033582998830104974,-0.07929416825504737,0.024339222479288897,0.0013909526877875146,0.005702388904362544,0.08033540470004609,0.0915495133561006,0.006616260783786187,0.0102925385034823,0.026676947804524023,-0.016921005223834343,0.0048118585638158955,0.03160059217707775,-0.01016378092639121,-0.027287481971919787
0.1105382682622065,-0.06816187000483807,-0.10063579964636564,-0.05657353989839618,0.17589645952944427,-0.020410729921374854,-0.0074488583379017015,0.037690867534007855,0.005211118735280334,-0.12068763692862876,-0.20941745594182062,-0.001826399270708972,-0.0276920810963006,0.11545955614449205,-0.010987514163553211,0.13740722222730054,-0.07021234209708808,0.08281312442716546,0.1394340095776341,-0.09228289676686287
-0.01338899201487621,0.016611744176091767,0.5058552594774279,0.012783995198638732,-0.1874277690992191,0.007441010107719078,-0.0331546217768064,-0.005919079307542227,0.019548511284426057,-0.00938371550317546,0.5037605087992826,-0.011371625947009132,0.007206745669568374,0.05317592747794378,0.004005927576146033,0.0004414573343378735,0.00874644802068496,0.0970812066514738,0.005472960569108903,-0.12069809599315295
-0.1207396186517938,0.8778390439271749,0.2351616944653459,0.04298379654591693,-0.4088185468739891,0.43602594067403966,-0.5974574478060481,0.10696285553388449,0.008453205642196442,0.12179837116446503,-0.10664331829124195,-0.01186603092752585,0.01602188688237459,0.465179127418386,-0.7077621215251054,0.007812832881144753,0.99345722998044,0.519422011249884,0.04819434365620834,0.25513638889272505
-0.004954375083234102,0.543125054639347,0.5650818454054067,0.01319953057773466,-0.4760432752290547,0.02291295707318935,-0.17885705211105157,-0.014745845083428528,-0.011215706162927382,0.01691400555719443,0.4668111898602303,-0.004840063770138242,-0.008698601442286813,0.506229551412039,-0.5394081453025484,-0.0026636454183669826,0.6032917871358352,0.30227240333709127,5.244705151418588e-05,0.06040056698195783
-0.03708140252114522,0.02462308212433912,0.06819632825636308,0.0010536950102857214,0.02540886890728641,0.13909500462668195,-0.17696730718406142,0.060613212895151924,-0.014466490596415702,0.036219675171627816,0.00884182859042187,0.004717970408006626,0.017475128015144926,-0.09227046998712977,0.05165721478037179,0.0011255190175942934,0.05096899744479155,0.08266853517420968,0.0171557656449826,0.014494052311138305
0.006049859449656641,0.01762466310953024,0.009631253142827385,-0.015368043237978718,-0.01741114327729053,-0.008873183910655415,-0.022480707958922326,0.0009606649887233865,0.0013400365843392464,0.0020277835255348036,0.03473764210908734,0.019262859624038637,-0.00948442993982218,0.049275662794959235,-0.01955489329236314,-0.010213868217229808,0.01010638615972293,0.015639993414575285,-0.00553150436929279,-0.020488348772320617
-0.21882416611022606,0.18479145722788498,0.5741591772762414,0.08173432254680253,0.36083536028145574,0.9706544543539373,-0.7720461917334689,0.5937168394114691,0.002610328927708021,0.30149919695129107,-0.08390968240773326,0.002275706811893565,-0.01786843843908939,-0.608473348277036,0.4077447340326128,0.0018401048890803766,0.17447740962658176,0.5132949685549975,0.0573714098071202,0.10201990138466623
-0.0066806311159127475,-0.03329460060274408,0.016139672944013438,0.006107205752177955,0.0490779660415932,0.0025914165730366564,0.02388750612700083,0.06038941999742624,-0.005821166779668091,-0.011078937524931535,-0.04137264449160527,0.008510757987435471,0.002348341429756099,-0.04137904246305967,0.034944332689964205,-0.044350069033779825,0.007819789242455591,-0.03422544791585339,-0.019412204603239232,-0.00011283177334386364
0.01730136387886804,-0.006955412282104556,0.02804789495320788,-0.0019035968950538622,0.010583796091434207,0.00282649459535931,-0.03397080414364171,0.017323443661518285,0.004476252098917592,0.012281426997291161,0.03067818106392987,-0.0071359731042429635,-0.0028986369472982967,-0.016456180790082757,0.01496273025566058,0.004609581774993366,-0.025149924311214843,0.013175146935545445,-0.021252195697565538,-0.02680320306235471
0.02234419953030145,-0.009911648018775726,0.46670155577890543,0.002068645796329831,-0.3225533741597183,-0.010605948106233542,0.10614304738364704,0.6532784991967118,-0.0004004642768006293,-0.01906610019949635,0.6525809901172139,-0.0044294300324985774,-0.013163126972041281,0.25350596908060546,0.07918118026083988,0.0013523730820374298,-0.027533538078588663,0.1786940681039349,-0.0017604678872531938,-0.10294102635590689
-0.027901726697208088,0.026614784660879392,-0.01992312277079468,-0.01033830799134786,0.03993322608736122,-0.0015509899155216264,-0.008049958420128428,-0.02432671656318061,-0.008955533113678455,0.02340037351760697,0.002265895341673086,0.02095983419108801,0.022069392829161906,-0.005184882470524723,0.010253484471986662,-0.0034350187109533706,0.03475280954148822,-0.037051754297731145,0.01803039145137941,0.018337185665941908
0.026544087637435734,-0.010955944873927644,0.02953570849652158,-0.047285652891186004,-0.0227250202212337,-0.030234418530953294,-0.10559004466429783,-0.01229637485138324,-0.00018219951630603706,-0.038843544742065673,0.0031004690798057156,-0.006891283812497704,0.0038347364349246987,0.011334223843397391,-0.004227813785000655,0.014982428600541439,-0.022818412959274087,0.2480893047088427,-0.02927135028635012,0.9054938326018867
0.09524477111120472,-0.062109577373434595,-0.08853496645710893,-0.03224027989800504,0.5216204661941494,-0.004607013627942729,0.1249874970052113,0.27753794950220523,0.030466360522242775,-0.14857767881553222,-0.4235229116348331,0.00020314343264822912,0.016455134909270384,0.1309993057026414,-0.09271030192643775,0.14642833801463534,-0.05831093313555002,-0.10898113675245753,0.16091771685176554,-0.14472704248162976
0.0021373436150908627,0.5915378966915611,0.021806415552183767,0.004420266840894761,-0.9007197752132933,0.015551401940375312,-0.23061550139434603,-0.4088450223731343,-0.024642203301352156,0.004353458561172738,0.7400698918290911,0.0027846086069042092,-0.020011088139688323,1.4431106138484726,-0.5168144445299239,0.0007928624163951164,0.6739006580435755,0.46164973266425174,-0.029616584648240372,0.07874953671893847
-1.4397172427501563,0.8224162086198551,0.29190642119794546,0.5779631248792675,1.8572816716785634,0.49981636858125955,0.4644565085830022,1.3879712797737838,0.008338494738268278,0.7751435898422043,-1.1829724932863928,-0.013668113511351832,0.9778017699909501,-0.45894219298473454,-1.1979321317603753,-0.7296717077719033,1.1476464819422205,-1.8845189146986265,-0.18756903294883262,0.9573804063495645
-0.08056638726885086,0.07927779007173191,0.14313322605550155,0.0491674944493416,-0.008962219717275104,0.2950328608518648,-0.31608837990423055,0.10747506759115519,0.01314773232935422,0.07771358010475309,0.029916032236289896,0.012139923986164026,-0.0021905800567974206,-0.15674541119203253,0.22042652865464804,-0.020178890473297767,0.10126725220582426,0.18451365091597943,0.001941813836653131,0.060826887821432814
-1.456099666968249,0.9736132315328484,0.2549004599022852,0.6557206874283862,1.8219872182136478,0.48973239773063276,0.4593760159808677,1.5076455258050077,0.14059973371652068,0.7542167952342823,-1.2335546900137908,0.034752892418462404,0.9979392356929371,-0.3338325235837213,-1.398590571226066,-0.7196379432632294,1.1553915538302977,-1.8497218210978528,-0.152258739238791,1.0196774553562524
-0.011664642060004522,0.010539583383429554,0.00529204164487292,0.0038665380212826368,0.009151870268066227,0.01486965017355564,0.009689152528460768,0.0006835388646234562,0.007060344821101744,-0.00284473699932046,0.012016647398269326,0.005894726678723682,0.017812164855562695,0.0011642332198680792,-0.014244996131034358,-0.018554515112897477,0.005890464335759188,-0.04052175438629892,0.01803812468431009,-0.003087210428561341
0.14213371958392568,0.5942254046682116,-0.16974480292253472,0.34788766793476716,-0.43919864927978663,-0.0115189425496291,-0.2596524329225757,0.3992397152321169,0.9637416561062236,-0.15507053752397823,-0.45992250061607876,0.007170358028416255,0.011365899921851337,0.8476352503517428,-0.9122979324935616,0.20827081858760682,-0.10329627271266163,0.3987060978237456,0.18439753123309963,0.17682076942264932
0.5389025241242064,-0.26908977126295575,-0.35990028330898244,-0.22920715229015085,-1.057564952350145,-0.012329171861119943,-0.4023065738018045,-1.1893450680284825,-0.0032265744340664896,-0.6949482213505397,0.18372668223444077,0.0066995156963550444,0.005960166032565894,0.6481414221787198,0.4548741702477453,0.7992566097223005,-0.30814534965718815,1.364415977694497,0.7693044048110298,-0.14167294639730948
-0.7217023806798103,0.41830190390467137,0.15791522834778027,0.2481209530560969,0.8732411458814493,0.2630453197338125,1.0556878529308362,0.7449307799104367,0.02251787867589944,0.3532373997276241,-0.5431811515918564,0.001964724297849812,0.48005470954869195,-0.23555393295825736,-0.5668350678470966,-0.3541264782766915,0.5565813326249568,-0.8699760146270658,-0.09058987986938596,0.4628478994396482
0.007866648314593471,0.6736781864978559,-0.1185575439586011,0.48381640699001593,-0.2915891020374836,0.029198995484407908,-0.19417403715802733,0.9691121666570737,0.9877537029502289,-0.10577779969764753,-0.5040857477089489,0.010010815171246554,0.0665970148530139,0.8244211976821625,-1.056084701646252,0.13281741672060232,-0.010178609377643096,0.24917066720361516,0.17009728651520362,0.24826697190338806
0.007521376047937095,-0.00040401341597358885,-0.0012313039811284463,-0.009475921761520185,-0.02873630280121478,-0.008831358400532265,0.5838931758389697,-0.02230141044639288,0.014241142056040702,0.011609803699566712,0.000769282455661354,0.008391040531941,-0.00748381894119217,0.028347915073111546,-0.017438668730307694,0.010449312392462468,0.0049603319923899845,0.025810850187282783,0.001137582008274839,0.7985076596579156
-0.031170435900513313,0.024909133146436405,-0.019961471870095723,0.028596306759379252,0.07090061584202588,-0.019163887872866353,0.05731817103409045,0.026688166116785823,0.02967357100861799,0.030408786451684607,-0.08174149986393357,-0.014692662637444174,0.03453245201266825,0.001662880382837275,-0.07932513672199482,-0.038546347382103004,0.03616839670780555,-0.06427038239230495,0.010562526631307254,0.6161541243519746
-0.042414846523660364,0.043456558339784575,0.17827562572825686,0.007611652778471063,-0.10092572203693545,0.3974588964917969,-0.5164637349473226,-0.0023389568347535177,0.009009689812460727,0.018740219405027743,0.04499377563426854,-0.016527249150638978,0.03308204848327219,-0.0985992390937108,0.2033641549465011,0.11459335712389801,0.043025331690042065,0.44340445600825873,0.14777332277127334,0.043858310165602134
0.31637343265223866,-0.14858421582301323,0.06963234907401755,-0.05059467271879392,0.688074708945934,0.1952795033886676,-0.08807899307833665,1.0759812515916707,0.1713717468635769,0.026845243756875706,-0.5982480383998511,-0.0071476452161299405,0.002313431303978149,-0.20312642147439428,0.10919051941641471,0.0616584590836573,-0.2585994181703129,-0.16760329443662733,0.036475928308324135,-0.32606607842863644
0.15520912955992022,0.6305687225672475,-0.5036922027670965,0.35358680537299375,-0.3053894348531308,0.003998282684747109,0.21398382670062702,0.3155157651035431,0.890058408116925,-0.1438398444479462,-0.963676577693625,-0.012908957414943809,-0.0001891538743738915,0.8026379841414099,-0.9538576408775994,0.17132286014771025,0.0035367231140558293,0.35018818510367655,0.5973269316375105,0.26617637898513535
0.016480168125144492,-0.0009544634103214547,0.0048614476182179175,-0.006810044229719606,-0.0009900416871789287,0.008178793592797249,0.0007909170089501032,0.07819058868609469,-0.01194397466697331,-0.016803284215210566,-0.001369107111021963,-0.0024345553717874877,0.0022116801469408962,-0.004734323085975811,0.027348493670408418,-0.008573020454141168,-0.012890306986272387,0.048898399098631785,-0.012046244496232702,-0.03092924226869741
0.005556606039464492,-0.031220456284176544,-0.014128560677952214,-0.013599365711560115,-0.013657997644608335,0.03634439759780118,-0.038684916780320516,-0.02750233726549425,-0.05089224413373936,-0.023198825249696194,0.15380929343341507,0.1374280839352465,-0.014518819176127146,0.035800232062886565,0.025352019906188822,-0.002465234826242474,-0.012894982706873144,0.03084617224390027,-0.0012087946839452867,-0.0436776305279505
-0.0500607983880718,0.167889224927311,-0.3700819689402618,0.0026898991910527447,1.0566123579784703,-5.9927885219052124e-05,0.6439374821526641,0.6514415439988356,0.010237257115300498,0.02258723085032294,-1.4527604176970323,0.011823779796251908,0.016416425677955784,0.11210169495992944,-0.48827419320594545,0.0011641773054584946,0.18535024495998192,-0.5547228714139639,0.9838089002912964,0.10431282155196722
0.010428551234116176,-0.033846306713261116,-0.03284542210073398,-0.008245486848240648,-0.014128292702522492,-0.02116486331472127,-0.43703118870317725,-0.07929800360294291,-0.01223931256330136,-0.06347000297518593,-0.05763238675502491,0.005985074202191307,-0.008577285441045598,0.021727213666457183,0.022829985018414795,0.044273147436941405,-0.013678677140699015,0.8493493019843926,0.05543373953367873,0.03345325198056534
-0.0950484904555222,0.16879957600123296,-0.5535024718453881,0.051489227886420005,0.23218434323641027,0.01201021913005227,0.27446851335759187,0.40344767942122334,0.0002965968119071974,0.0992546946947579,-0.9327671343661643,-0.027285791868100172,0.026263599826053245,0.011269804740116808,-0.2641769116968236,-0.04127654421579692,0.20245966428938877,-0.1641022473873085,0.6180155466165054,0.27927174488719003
-0.01949724232420713,-0.011901877847430482,0.009018522614221593,0.0010069150724314,0.039530486837148306,-0.009882925667821582,-0.004842088608446551,-0.03137937958216776,-0.04329938027711311,-0.0033412468363896632,0.026068279353872393,-0.014017509691553742,-0.010925736787615992,-0.023468952514880483,0.0029574240102881177,-0.0005702784637798882,0.002122537710219857,-0.06852594333227768,-0.025451502946875783,0.6110053418459447
-0.002894620357912907,0.7070608223939943,-0.02128650793274449,0.0025003286706085735,-0.35182352756619534,-0.022124680988409345,-0.08335231545475023,-0.03938229469836422,-0.013738892182459517,-0.02291346098498733,-0.13670470940723076,0.003816413219923406,-0.010860504979585791,0.6344637464712957,-0.8153377696376183,0.003220130556120507,0.8010149111776856,0.1689933106652178,0.02771670477918793,0.14672655715209781
-0.00825430675307157,0.9726242756337908,0.19912637641137115,0.9734340034326681,-0.1406016781812534,-0.004547193430331836,-0.032904793431246956,0.18436299134607054,0.0013885963047448654,-0.009009395536944938,0.20133217688742364,-0.013411104250029872,0.008149692343119914,0.8730404912807608,-1.2524625217154914,0.01426921334352496,0.014389068341081567,0.06491564994922853,0.03585256093334398,-0.01059872111891401
-0.7694946951465264,0.4895716793242614,0.8031065532136046,0.9771859049926439,1.2984956755096921,1.169484282366675,-1.2785272173680504,0.945607128662952,0.014980520808623934,0.5671960724936006,-0.617183930496769,-0.010041222074861099,0.35115712226258616,-0.7404701826015169,-0.6760451165747179,-0.24813859634162994,0.6093915546974447,0.6401678147533771,0.01331758173588939,1.2907504752070147
0.02598363085087528,0.41849433258254076,-0.3629321951323878,-0.019167155896053077,-0.1092193922192923,-0.01083522060706102,0.14115706925282848,0.046213102345589605,-0.021856966210744636,0.004588361974551224,-0.5283186955299426,-0.020982401823567448,-0.017734514089480596,0.3419624292722483,-0.3302006924188537,0.002469388718144958,0.2414922401368292,0.08521234382552394,0.45189979158734905,0.1917761787285773
-0.006146196838667098,0.031159226169745008,0.19002408787611702,0.812710657415291,0.292024814244889,-0.0027411168869053686,-0.12837728117315395,0.1252612361245026,0.03002771624056534,-0.0018861721515309152,-0.062383968442962026,-0.012789103843603348,0.006756675806710322,0.04523614456941923,-0.7535514980559648,-0.011376512778646911,0.020337393478072206,0.2651945234134492,0.0006225370317690954,-0.08556858626072207
0.22597908290985214,-0.06241313474660142,-0.2684408237721404,-0.08838403344284633,-0.6740951352159671,-0.023710101526619225,0.316553164724529,-0.7707458255564686,0.023410323936828285,-0.26754719520214476,0.13728064244169472,0.010735985906781449,-0.019727028610526554,0.4499597560150683,0.2014337063461533,0.5209213841087594,-0.10914322010332973,0.8552360249205644,0.4373669040419057,-0.023458190848300482
-1.4114925267118688,0.8634210108995213,0.2963236259977074,0.5546924734238419,1.789026460848353,0.4923009574037249,0.4810661522204467,1.3766816000368691,0.001764904899110837,0.7661978764271812,-0.5221004386062368,0.00322800069529317,0.9613097032514855,-0.42797842281335446,-0.9098636254624064,-0.7328608979933486,1.1285545060620505,-1.8484050842912532,-0.18032700775444127,0.7365824918932944
-0.015159777145535038,0.0801819745918021,-0.3216162741496194,0.03352828786717944,0.10063369499679238,0.020345613428450707,0.17316310628308335,0.01885162467923523,0.002664821939870724,0.006854340582552434,-0.5658458588834185,-0.01874043544786793,0.010738576928567493,0.008828333263550167,-0.1314747866786742,-0.007567661753049045,0.08912232246329334,-0.06089171599029213,0.39826402714272835,0.1566641466547444
0.035194776686416976,-0.0427836739497496,0.013769409807923596,-0.0073830299288171405,-0.021048245638631852,-0.0007910181474854172,-0.009843875821712436,-0.03668999674067594,-0.00824328527793417,0.01273314609392292,0.05140163085458227,0.008988097693538791,-0.01687146140847702,0.01503634569183515,0.04059379345501814,0.003653238214199794,-0.007861984553553032,0.01910402443730893,-0.02591896110205616,-0.01763175532539234
0.022732666565589105,-0.0065163978577441805,0.10095337198400411,-0.02199843837599667,-0.059499756094266394,0.1906160425119705,-0.24263015878059457,0.02562217081864227,-0.003787786921933229,0.012576437580793834,0.05948648420333388,-0.0020047297111065905,-0.031903037200079046,-0.06404570811641751,0.13928723617665556,0.030087595876831814,-0.006884918545017038,0.227408873134306,0.06707916111511072,-0.010234231314889486
0.06245243279082062,0.4369030467284792,-0.19928488605360686,0.2679573147655069,-0.2771534973951775,0.06482074631450074,-0.2157219202547787,0.3148017618081579,0.652821276237656,-0.06759535932179032,-0.16703124111621115,0.24981866758673607,0.0015687134904479698,0.6354033482740455,-0.6624799107614635,0.09514567005567938,-0.019085374851621345,0.3006812237870862,0.13094149790849696,0.08576389449784488
0.005572984414358656,-0.04060726151098811,0.04024701275814854,0.21426298655784415,0.046687025206559214,-0.02383479963763738,0.017042231431914485,-0.11440113724789205,-0.015140853024079672,-0.017066061157405974,0.0036242903429554024,-0.022676198867561802,-0.009677524533541305,-0.008986105147693603,-0.0469654999407157,0.03641920544910154,-0.005786364307549967,-0.019496630180578345,0.003376944608004629,-0.03828461775221824
0.05096485649464722,0.373845379722276,-0.08932352948901393,0.25431786138500984,-0.24222264795999118,-0.014615095364653989,-0.13965474301149933,0.254968798605622,0.5924376194029395,-0.09904555575147424,-0.22823944748022548,-0.0292885499448479,0.01088458052351559,0.5227224248004526,-0.5759694621736465,0.09874044378743489,-0.04193407966087809,0.24573387884545375,0.08371217434513809,0.088552677183784
-0.216109307141677,0.14607657413981373,0.46386544722868883,0.08104927847932018,0.06777806351764137,0.7748426019923893,-0.8652335991226765,0.33518560660980956,-0.005532793945984058,0.2399202949161527,0.09246081461898029,-0.015537181252101765,0.011723489787621274,-0.4499854170183183,0.34697911713920965,-0.008564761107193036,0.16168565338550867,0.5033735865081569,0.08126656864149356,0.1107831880318016
-0.27551982632987565,0.08466580924435999,0.1673165998414365,0.9679529815676564,0.6937455282388612,0.5438109439728911,-0.508862272963841,0.039806584113646036,-0.10124594258404375,1.1162926958381327,0.037916019350180394,0.38897214329551777,-0.002953169097767487,-0.5567160058026608,-0.4226594869136655,-0.013532839554965693,0.17447910624529797,-0.08783789323862742,-0.3269535197441624,-0.018472275966732624
0.49186633256951134,-0.253705219258789,-0.3251184162389311,-0.18831628993906643,-0.9018335378269133,0.00660038645201688,-0.36449402411281984,-0.9811957023623629,0.0100653858266091,-0.62716293165853,0.10958252269116685,-0.0004230020991517567,0.011408008148271545,0.5355465443583157,0.3771147749752386,0.7199226189397108,-0.2869515947551314,1.2246499265944297,0.6940107392301513,-0.16541133343390138
0.026836330674211158,0.009384888550898269,-0.026742244611523948,-0.0334484041212543,-0.0195558821756973,-0.001158687868032083,0.860597499339605,0.013947372581195976,-0.018042815161467336,-0.019458519353463523,0.009612072127329346,0.00029918331955754683,-0.020502904645493494,0.02544438554650305,0.02828428161213182,0.016061303791968573,-0.00266075822786049,0.06018046391096125,0.0038208481209910375,-0.02414044470764018
-0.915050755108453,1.1203007923485144,0.06153008854154734,0.37865881643899246,0.7087558047525765,0.41500813625249156,0.08919633800098394,0.8387493828362855,-0.027543647192964902,0.3063132816085034,-0.6756388402345397,0.0015712947194929548,0.8013557997736133,0.42101597592542644,-0.9672938306357814,-0.20340797525791485,0.7871300085782026,-0.7219012349931991,0.23308378187868642,0.7617752780047973
-0.0257683999935204,0.0017661508295699277,0.0532308476781924,0.26701391633790245,0.10891421218878863,-0.02156277753337247,0.045112709072834115,-0.1120824071886027,-0.008145247757377079,-0.015030889605001832,-0.06671270749783571,-0.01583823710517279,0.011112172981367456,0.004614752095276372,-0.2731167465774353,0.016999153705277555,0.0047359676355425255,-0.038104086982003925,0.014298061520511504,-0.01792862212678846
-0.03384862569735782,0.03567964792373554,0.024448990048914696,0.040422005104656614,0.03276991002153555,-0.00701297887130822,0.04562327558956404,-0.004424794018757999,0.0009937815631135619,0.017001030182474577,-0.0482423531996181,-0.02172188640376056,0.016143844820902874,0.02066489768898581,-0.07269232153594063,-0.029330399131610757,0.05072518227025485,-0.08105692269991936,-0.03437143136870309,0.029997356948918044
0.11825465428288334,-0.08180292074456531,-0.026361873115530093,-0.04408294090719647,-0.005093574968763864,-0.014528192939571853,-0.0008408287989625368,0.3282717396285975,-0.013323165779489773,0.00576348679109784,-0.009182337454978307,0.017677406231828532,-0.007255234238775659,-0.02336776464213955,0.16152083188608793,0.003093840300987227,-0.10250436206366746,0.002359421096443364,0.015184581682170498,-0.07033638367265732
0.012845542597826432,-0.011065995106795908,-0.015886937526097586,-0.026257278804654217,-0.012822339554037781,0.008073032672806402,-0.0010723740597987337,0.11562670295748423,0.004006968296604116,-0.0016155673261458907,-0.010279033489733183,0.007826468441519234,0.005715376396380164,-0.004004449503768348,0.005990417294969661,0.005733680148718719,0.0023607101543708913,0.03202535455633933,0.008457304448928437,-0.0003763421830463281
-0.004028206192486776,-0.015798120270406096,0.008348261469786365,-0.016788981148132535,0.0072459759330058176,0.029891009426483574,-0.03641827883525541,0.004485553574045759,-0.0007963346589423713,-0.01966080316134766,-0.009213098163885838,-0.010166967673209936,-0.0038048358098355314,0.007243015396605445,0.023845963152016498,-0.0011297058892471381,0.00030045309820567016,0.060023180961732314,0.03426055007465559,-0.009522049236825005
-0.005209865458359899,0.07831810894675924,-0.5895373435457802,0.002170822775393333,0.6596642170755083,0.02870491579800507,0.3684200302673428,0.2989541868936244,-0.01967044860795821,-0.01193946144626489,-1.190113371053336,0.02596522139088123,-0.0209010368373616,0.06618100661854145,-0.27070705488457975,0.04290854413980351,0.11696769206417003,-0.24565645920375903,0.728524383993049,0.1537877606603339
0.0001900568893048668,6.227635791295622e-05,-0.009934602037736707,0.011213876965987178,-0.018715528156536217,-0.0016339619507429858,0.028775351077065272,-0.04180006029730123,-0.008337870902718801,0.009401036336365985,0.8171478923082698,0.014461820616255925,0.0093611620206447,0.010661746690028489,-0.0022574825270308884,0.015846346641354214,-0.02285046334118917,-0.013498511536967659,-0.006626645257565317,-0.248399019586128
-0.01990682266306565,0.7171864571294299,-0.01085234567207988,0.0248126406588095,0.31999826064244274,-0.010400484145505385,0.08008470110189216,0.40611902638885616,0.011698639696285765,-0.017215832616923995,-0.5178423661510038,0.015289489634190698,-0.004102241811560697,0.6680682074007079,-1.0362958254629904,0.01625267628034385,0.8408728133349761,-0.17933126580275463,-0.022000670797219568,1.041013234942653
0.0775925857823089,-0.05104352524235643,-0.042702165735158816,-0.02117501585518128,-0.5151305083757057,-0.013722772772383854,-0.143025531937115,-0.3388010426484447,0.011594535673737465,-0.055747766348586233,0.5905093112114616,0.0045322292634156925,-0.005232347984876623,0.7534854381367369,0.1257834811094506,0.05167180752965696,-0.04802472482445927,0.29600360658131986,0.05736485972556933,-0.0654466353479588
-0.04723038690866492,-0.053118077064621474,-0.25056462841362187,-0.02604755735380119,-0.028282031231364916,0.17585978261957966,-0.185314820616632,-0.008397671932450224,-0.11994680789279527,0.08207237033727778,0.5548609940566035,0.6835192237519347,0.009151535390187088,0.1395385319271693,0.5881121114524688,-0.0021645517870150684,0.03919051028119118,0.10318324809635773,-0.01598974889414143,-0.11705504661584215
-0.05282175058507881,0.04361539339317237,0.14040843195163805,0.0444543927891135,0.0429022234238403,0.16707577982533003,-0.21278477155975067,0.13641821130747184,0.0022508648146741432,0.05231668184075983,-0.01651683367638456,-0.010685974733213288,0.0097193426909052,-0.11764438929924172,0.07195245459575489,-0.008280629459442645,0.014816337149620896,0.09394764342191488,-0.010761744099982887,0.050186004013531946
0.8478829208212368,-0.1421061120029091,-0.0761288021764261,-0.3455504307918594,-0.3012067408898156,-0.025154153874690117,-0.05766842955254099,0.3914296443089897,0.021714393114992955,-0.0013621699010947892,0.037845684180076694,0.0067141359972259776,-0.016089771784212073,0.3571844287651042,0.6200730452439397,0.01008282593244925,-0.6933185895741698,0.13838672102250713,0.004205695959451255,-0.6392134472199099
-0.2847298242611466,0.20152270746389433,0.033636090679380004,0.14305944870206946,0.4058598383809335,0.11205888219526222,0.10082880315219962,0.3293515056077092,0.0013906556648533336,0.16640052463145283,-0.25011487175419117,0.00872424168427379,0.1993372268862583,-0.05611220340508287,-0.2535959756902492,-0.17305382667894056,0.2487226190694403,-0.41020281483829585,-0.010454564759243709,0.21108415102717176
-0.04392977608188085,0.054893369376133296,-0.015135323277982792,0.045051472231534315,0.07136820255538748,0.033431553638243336,0.02341465054406726,0.06970456637965476,0.021778306211517523,0.02950964432853994,-0.06992590447007968,0.000689008254975186,0.03469578591531598,0.006626300799233353,-0.08593858195033635,-0.016004554683871037,0.06523078387099221,-0.055553052487330466,0.018484938433486923,0.32499511795639624
0.43560006797927286,-0.22518648512908743,-0.0841586273954421,0.7042879562759858,-0.39425732024538396,-0.008097115209866699,-0.20500166136893053,-1.0517069941246184,0.014967426642361606,-0.4905216949794814,0.0334674940154335,0.00536945080132949,-0.03641755177827325,0.462684687089661,-0.4222171790749058,0.5778720692759423,-0.2578841110138532,0.8109289823574258,0.5679260358543289,-0.2733854427208069
-0.03209990196446263,0.007512065178935961,0.010837755003583164,0.02479042921309774,0.0169059301169122,-0.029277083375795106,0.031331594387877665,0.00017994740805899313,-0.007645718010197311,0.018038460180202453,0.18629477456681898,-0.006940253262713035,0.010997842423552341,0.0029332592295792555,-0.04469989631923955,-0.015559066719164783,0.010348396795950995,-0.05892489301361555,-0.031241722840896595,-0.03205707405591434
0.6012563054393759,0.4550012106905429,-0.3830194253720293,-0.23210895189329517,-1.0354701455056166,0.00033479999759135305,-0.45270468650392715,-0.2560953928345858,0.018768884832393643,-0.759354820165316,-0.2520246994001506,-0.019971229058102478,-0.011790149059270286,1.331850433209577,-0.5112928176596785,0.86593524459548,0.5398559302124423,1.4379447227949251,0.8493235216101636,-0.07674915838803512
0.33140707887919646,-0.15498628801140132,-0.23515457902299025,-0.14081060238695242,-0.6182227114891387,-0.019390981528778453,-0.21551147524443792,-0.6599558537440583,0.01982462365348437,-0.40255342502099956,0.08885227367184226,-0.017856612651488784,0.014716043952501378,0.38471302270457086,0.28526763234999214,0.4750934448687893,-0.1896135287245538,0.7929739098181815,0.4468137798751052,-0.10105220798769016
0.5561977002268969,-0.2623385894008733,-0.5181129506261302,-0.21990814580467563,-1.3084324721128144,0.0008672023080529764,-0.086721810353985,-1.5235679166218885,-0.007550615740720584,-0.6618111645638816,0.23359356349002866,-0.010471780120661613,-0.03300753302560218,0.8004853316852203,0.49449411184506603,1.035499918924245,-0.3250052346481398,1.6752923409602367,0.880544218637368,-0.096444596959858
0.8082592090302704,-0.5557002652865891,-0.0693161916029581,-0.34111805311410826,0.20214015365520263,0.006070103610626907,0.0545877561416283,0.37755057161993366,0.002308938691490707,0.02853793369559688,-0.41631208572282347,-0.007688433459514937,-0.0028390861628318836,-0.54059453643172,0.7374844186017487,-0.002781806312900572,-0.6464375858938243,-0.11031426977654744,-0.023876276105766925,-0.629020504040888
0.006346566988548205,0.0061144740170385814,-0.011734927475670596,-0.02039779852417664,0.27107498186102574,-0.023227317676921412,0.09752910113233416,0.1926726738276405,0.019343097852469848,0.0044470839900224626,0.05908835237509152,-0.016444840139259745,-0.01865976216113805,0.547324985673306,-0.11144361300492416,0.00943265798445126,0.0007702187961965666,-0.1248004463511319,-0.00032243913822407226,-0.11906037133721964
-0.8637670216155451,0.5218984747639721,0.12197273346773936,0.33284856854547107,1.0690839440705464,0.3370306170581173,0.28761163352113145,0.8509760881931338,-0.04909661372279442,0.46974848690367405,-0.5910237079542774,0.1378016456181838,0.6017477471524445,-0.2480239797304476,-0.7042558250091866,-0.4563534913567512,0.6870586742500472,-1.1061097287275174,-0.11137897982469241,0.5511113373781087
0.07537681510975262,-0.045722425784109545,-0.000494080796770496,0.023001205741905496,-0.12432315410161116,0.008115672690026138,-0.07090123120439544,-0.18341782254479927,-0.003586972461543018,-0.09337465761972358,0.05374544511333971,-0.014774354567389873,-0.002972037645200074,0.076970510448659,0.022666969135348384,0.11953905110831867,-0.04050710980706937,0.21608586992023948,0.07788773016036242,-0.007932457878347957
0.04202264158920826,-0.0021684527154496973,-0.0445431166421807,-0.019808669924415528,0.01310637474667747,-0.019347476695866887,0.0368273491443478,0.012280469338584574,-0.0005617612486780508,-0.019215361052418167,-0.03620927703970026,0.002598183406312808,0.009949341226913384,0.018760555958124328,0.03524221316787514,0.0034831680846303054,-0.02025236017898229,0.008884173249837996,-0.007967156675223968,-0.017326817303749922
-0.06547668532531027,0.243596431765023,0.11917523507246493,0.011594090950411555,-0.06545149935704417,0.21306691045038326,-0.24897132481295775,0.19489601036906787,0.0035696128838979195,0.07983018077886601,0.07061482690289066,-0.013057416922376944,0.021787754259630504,0.028317632733387544,-0.006750284791841109,-0.007932280034137191,0.04746370685562262,0.16512011853417766,0.02404281918317165,0.043148775281374604
-0.013038585076421751,-0.039980938818196386,-0.09613581623106818,-0.010332484898342138,0.008797642868963802,0.06698986931966486,-0.07592507095659341,-0.020017502955595845,-0.04951962548441741,0.03802937835030918,0.20979026377117607,0.2787794530932421,0.0032395872200493415,0.0442686636603976,0.04422131278188689,-0.010738340868134178,0.0022297924197484434,0.06214849514479331,-0.01701018142242842,-0.04989408104526414
-0.06511961811686506,0.027003762006903444,-0.002593868770581355,0.008385164038179524,0.737774747671301,0.013738045268349878,0.10503246485379718,0.8090988688686817,-0.02978977717354625,0.0288275600086502,-0.40720807904880474,0.01831360674805176,0.00012596583191699234,0.003809063649509061,-0.1997612614302516,0.00021052306581672078,0.02991596051178995,-0.22027361458220646,0.005397330126581987,-0.07036806978209315
0.01011701075691952,0.06401190510082491,-0.3572677563158583,-0.00524051663224938,0.059878832868234574,-0.014124827338060692,0.19071748780335246,-0.0043081867556253916,0.007957526841970021,-0.016288401735324864,-0.27579000264189985,0.015527052574287135,-0.0074193476152623,0.06602357246003274,-0.13772835130517913,0.031336212073463626,0.0929248591216552,-0.006418865989030749,0.45336158117686765,0.04777482980615551
-0.17950629571239687,1.0478404303871587,0.403741880348836,0.08236081596653626,-0.6691496485835298,0.7083556685286571,-0.9543627759277203,0.7945700167569753,-0.006171152738501896,0.20808575029491208,1.0307712832420812,0.018194145916763507,0.04203537832151379,0.8573993033245878,0.02145421307289907,-0.003164109442629935,0.12264640779656576,0.819839535778701,0.06581435500084905,0.022084394467078557
0.03683362304802383,0.7407698206511898,-0.47247207313222833,-0.008822452524276462,-0.2626029828762242,0.005994081457390155,0.10393342177846839,0.3054438111506867,0.0334039498851146,-0.00785121172843417,-0.34522607667176747,0.01698030756233796,-0.020092351920757767,0.6605041736022018,-0.3940475058602763,0.0018716743259157183,0.0768449627743125,0.10892568464017796,0.538073170732691,0.17559563617251964
-1.4609501410058572,0.8363510307070959,0.2938193244460953,0.5854525365181487,1.8436522129779631,0.5127952058152352,0.49071973524752666,1.3788421609147905,-0.024507204019771335,0.750053579728799,-1.1440680554687253,-0.011477623457350282,0.9774584626769962,-0.4697333063837699,-1.198222060527695,-0.7217174896681084,1.1364608994597523,-1.8668478262241759,-0.1650868569402805,0.9745603831853258
0.8596199833637149,-0.6378292097267956,0.4930263930701589,-0.3566243766330903,-0.04179202593799756,-0.004407844138436383,0.03863253656214011,0.3177341694586057,-0.0010835000055909926,-0.019870876243381574,0.11372788013617753,0.019185817467086943,0.01761326791677312,-0.4789943672351221,0.8478767540481538,-0.004235721898346437,-0.7122116849658874,0.0194834664713818,0.01748268036635399,-0.7538170692473485
-0.584330630032759,0.32713326877172455,0.14368690489510338,0.25627527431332175,0.756857320860806,0.24032019203646723,0.15508230725730882,0.541818354637681,-0.0007514953980023078,0.3066163217222128,-0.4522893370448154,0.013142996541409931,0.3787209001951025,-0.21198130553747518,-0.43474492069512016,-0.2739611236449991,0.433399974264558,-0.6821459665153907,-0.05244823725252297,0.37210275985101027
0.024099112476541982,0.004258642697375503,-0.024464276170461603,-0.050484364460163834,-0.05146493302116317,-0.017307397387870696,0.0016956524669183644,-0.0297266020284355,-0.010668280017931919,0.007364325326176568,-0.014002859107810788,-0.02869222745796414,-0.01513272373097918,0.030651729099738723,0.036140362463189205,0.032776978769882906,-0.0016395444703644273,0.048819689145468456,-0.0007917016462097399,-0.004273207617099477
-0.10057472508948503,-0.07908909816920112,0.5326154679048937,-0.0493115341858922,-0.37624025731702065,0.208117905251895,0.5352994795425865,-0.08453084247295503,-0.22484987736353948,0.09617270403439135,1.698778735636047,0.9858240403172812,-0.003543366454072251,0.318587573602848,0.23481874559104618,-0.05005713790420217,0.07063382789457202,0.3286315692295469,-0.01931290518751197,-0.32534747152811405
0.45589960562951054,-0.3237517887384071,-0.02936076542794268,-0.18441963874489092,0.09526410780717252,0.017441719270567084,0.5645252807669995,1.1433675389474047,-0.008704558521945736,0.003656465143013518,-0.24082997785614163,-0.012703704021564774,-0.009796755190002945,-0.2922410444086832,0.42879406234415507,0.0034213052863838536,-0.36980404044978554,-0.07126379216657402,-0.017618510644439513,-0.3363392106356235
-0.18548487458792934,0.23097902596766748,-0.14202310379503003,0.04558100401618688,0.20504612085029822,0.6702886906571079,0.10769364881726047,0.4347767537134273,-0.005931989453697639,0.1777498311246769,-0.7708684994923252,0.02533255996087725,0.006711779521202208,-0.3687276192848412,0.267606605065179,-0.00174502398841948,0.2716841896512535,0.4102150629804771,0.6927744426538639,0.36934799311383487
-0.014057987193817217,-0.014956385432218885,0.7705015367956831,-0.011101128787261527,-0.2779864218395883,-0.0013789054712979383,-0.050180622572408885,0.4162294142757226,0.00532270109121677,-0.01282274440751451,0.7622403058864854,0.02144006186402514,-0.004885319531958839,0.057982928784141685,0.06824539619562554,-0.004649425450206735,-0.004064851134775763,0.13036799834513954,-0.019169480946278517,0.5477874896761171
-0.0753065911434593,0.9271894352004214,0.30767309668752646,0.010224858811039423,-0.46822531976562887,0.24579653357328432,-0.3685557487243028,0.06741951383084427,0.01820748607673275,0.09772514312613154,0.0465123542377297,-0.019066342971047825,0.008030507919349502,0.6718539079720338,-0.9000769966540259,-0.004417197748374897,1.0378836540845364,0.3956188278875646,0.011818063323620355,0.21447268794134777
-0.013596725581156082,0.011753607272203018,-0.007745530051003684,-0.0017299814815525914,0.018441733372433097,0.005785780897808496,0.005316435202738678,0.04015607676158054,0.002941237783459639,0.006573581429584256,-0.016144647440164087,0.00880947904916203,-0.0017298371160108291,-0.009524058071803258,0.019248208546927718,-0.011382805154632716,-0.011280703352440462,-0.03212762925830969,0.0005490646938542034,0.009986521497531436
-0.14084652669288494,0.027089164965416655,-0.10929381972359652,0.019262680330339583,-0.4215261666441048,0.41078391135823794,-0.9507274034324302,-0.23528162650947512,-0.12848772188872512,0.15823539582702675,2.0800320563217416,0.5925111299827762,0.03480931517992313,0.7431935717791228,0.27049611825783093,-0.03206038664713206,0.13156934974178444,1.2770705849907142,0.014054430890543926,-0.3778401470494359
-0.012959659415011085,0.02282103081991289,-0.007445597843207713,0.017016537225366224,0.8763062472676926,-0.0031590268659232633,0.2162201183442896,0.5438522472401289,-0.011133604805471384,-0.015358011895961383,-0.510005831721166,-0.009039336880855956,0.012405950423430557,-0.013223195752674274,-0.23262363710355421,0.007307193581351641,0.019142169581685603,-0.4390995941627041,0.009354300660039042,-0.10294743010188522
-0.1520627456786336,0.8128604275719088,0.30265490706831943,0.06494387056032017,-0.3053190735550351,0.5355201360846783,-0.087650063393552,0.5593265321491268,0.01126146440278879,0.14675396231885254,0.22096541152821816,0.01427939671665019,0.018634491938377816,0.3239572859397237,-0.018550278717059485,-0.004687251526802202,0.10897315357440616,0.5602601448061885,0.041429257037041624,0.1647782851350987
0.08012921384332931,0.4154982735896519,-0.08258640907708911,0.29781739672074686,-0.28985028019125725,0.005212684960218719,-0.20461148845800678,0.28451636843760575,0.6691622675029495,-0.10087111795957712,-0.31177087270087916,0.003741223737419004,0.003982133664400396,0.548544138777529,-0.6790513042594981,0.134262039627223,-0.03207152752489317,0.3078143044470916,0.12631311775806137,0.8759432309545224
0.02984044644099788,0.15665330145371095,-0.026850949661563567,0.09856402544497246,-0.09685333640522123,0.011612306413513532,-0.09689322574527974,0.09115911781565501,0.24583853259569613,-0.0040707945466018185,-0.09380199650058726,-0.017124428371749347,0.006363550892715288,0.18448217469788405,0.6785037363473096,0.03873039757702017,-0.0045726695565908825,0.11830820084406667,0.04204512205653339,0.029870583858300822
0.0025185053490681068,0.0007978945710024052,0.01602634323439249,-0.008504339284867215,0.04522950491754823,-0.014356924303536519,0.013662742166377338,0.03811813641564467,0.0013225987334674514,-0.02119181440495322,-0.03830061759708748,-0.015663437033028416,0.014677876412693747,-0.009195551319993348,-0.02112066358218837,-0.011487293564655067,-0.009613541194455138,-0.04512808458006026,0.013276298790042511,0.013896549780005906
0.029216178682441956,-0.022953039538756406,-0.0007040413285854215,-0.014921779791325893,0.34466745175409225,-0.015371574657809514,0.07446463346719137,0.22739973819137765,-0.02541319231718549,0.003628376860830535,-0.17649761196089772,0.024062550480920885,-0.013197554770338172,0.004537540821987889,-0.04079916030150836,0.0006035510587887932,-0.023129829417383445,-0.16431231516378372,-0.0020122736911406397,-0.074058856677385
-0.023481294139056707,0.4787574396587374,0.00655685556992539,0.0038077533085406523,-0.25482675761301204,-0.009092133457073614,-0.04700661894212619,0.22773307404730478,-0.008991523972317504,0.015157134397451569,0.17553271759067718,0.012523118314606849,0.018425076320783645,0.44075303076759353,-0.17533447510969838,0.006317975080919325,0.002877024518784636,0.09437091826723563,-0.013556677115550399,0.04167835954906069
-0.023968121880519312,0.05861424110466127,-0.3362811479341952,0.0013341448263833704,0.12027709487633664,0.0023556785210319927,0.9627854819668616,0.9507159898213212,-0.031969250540702564,0.00046514618478866505,-0.5818122762517229,0.02270321178485831,-0.00640496256703771,-0.023306827685566488,-0.0964203511341362,0.0032214891240937276,0.08706738816574301,-0.08416980338032803,0.42127029748360306,0.14618369803057543
0.004463658903170759,0.4256477926615311,0.0885164559195129,0.8051582666122662,0.041685382975170986,0.054321978958446426,-0.47265552091515683,-0.2323460524959294,-0.037335451686542176,0.012161291392043397,0.05756165315790475,0.21552673219397764,0.009987363268484109,0.4735223075648313,-1.1761564244984373,0.003216996355511494,0.482713377802135,0.8619315547485816,0.01554737164005513,-0.03355514364210293
-0.028357126782216316,0.100221516157285,-0.4885030296630459,0.025290548624012293,0.1788537285907116,0.005894427811055969,0.2610431306892942,0.013259302613135227,-0.00023800108790078415,0.003925987787262103,-0.8272847122350651,-0.014026661212657518,0.011482362430904246,0.0020900165504405327,-0.19364808198127487,-0.02479547928011783,0.11137990219666394,-0.09021261062523696,0.5981700161102538,0.22311165653368417
0.3710606839568087,-0.17249234328560809,-0.28743021530530033,-0.14332031660532157,-0.7383166376258,0.038121075265661115,-0.29539321647731903,-0.8441819376818901,-0.018771769197650383,-0.4936993396782123,0.05924610647465716,-0.006249212953247368,0.04842128673956026,0.4684338317286966,0.3104186511673062,0.5987936791433643,-0.15722331309129559,0.9973978450046546,0.6201856555924006,0.6995588118307214
-0.019284165426527784,0.0182375777583931,0.2481016836502272,-0.025975348198669774,0.08966426433420041,0.4089460807183219,-0.4208548247502438,0.21990321977435986,-0.009516986669495396,0.11208700345083165,0.01662710152926078,0.007469158351187587,-0.008584274342826284,-0.32632216973387335,0.3002267575113208,0.00017162786953168422,0.009547765961244683,0.24120737996797192,0.02157071176034294,-0.019801128392586374
0.034895226980044304,0.9241460125000054,0.008477071723364054,0.21246125539492355,-0.48574978313887923,-0.0019025353848818325,0.6901047256581418,0.33356469668500754,0.007801096754832303,-0.019677411358963205,0.24723715807819102,-0.006789222011963239,-0.010242883820268342,0.879990572669089,-0.5569687825245094,0.035568018717327246,-0.005094429703440275,0.27431291299439403,0.029706059465689758,0.03465868544123188
0.014308217195944606,-0.010040496741105454,0.20843876478712808,0.9435019287370872,0.38203016124238365,0.0012587730654756175,0.09479918574530917,-0.25557314799582875,-0.008208194432202932,-0.0024681531584752215,0.8662336598077476,-0.016056246449866945,0.0016644624324214834,0.033097185765460765,-0.8720846978066156,-0.021584836472755883,0.0387602737947871,-0.18507937706097902,-0.011584696118065058,-0.3990563364179985
-0.13447499292251203,0.12589762935713675,0.4696880369425289,0.9698649395769555,0.41237239191240893,0.5490838824619528,-0.4836809342352586,0.19047151847626279,0.011892249950207259,0.16147368094119519,-0.026172670449584597,0.04104124555996228,0.0087624198980459,-0.2648448099854181,-0.6365538232166784,-0.006901756318043411,0.10763643735919531,0.19832809271766697,0.040643843726214574,-0.018823229248792678
-0.009057725591328059,0.02273919075264569,0.004409667744385448,0.013059768770187783,0.013169757840399105,-0.003380092325251581,0.015233898912842813,-0.000924820815799283,0.019380152371920697,0.014332191606037818,-0.013313284216402502,-0.01569764880483501,-0.00510845609438986,0.017583150054425026,-0.009225598871151975,0.003602389362250852,-0.023208146812952465,-0.0061674106020789534,-0.009282550583670128,0.012536008911180126
0.07377601432818787,0.31538583629351785,-0.07493604421109906,-0.03112615845322429,-0.3133376277939084,-0.01521745203991732,-0.08931097629647435,-0.17258244262319686,0.007350872135458809,-0.08304890513355838,-0.028710138490338967,0.0014367386475617804,-0.015743150803419963,0.3752338132172785,-0.31663534490322326,0.09808977763166153,0.3384808704960988,0.28370373805048654,0.10019856320465072,0.050594527154812385
-0.05590489503124825,0.3685115600611387,-0.09810408433684217,0.5860833073584724,0.2638400137981129,0.1543426396113168,-0.08087276422848115,0.16439453633234097,-0.1491003668276725,0.0753640456092915,0.42256987859387896,0.6041565207225641,0.023996708309658086,0.4758051688402194,-0.5941862042735007,-0.04378638635638729,0.05967779240371443,-0.07995368583189259,-0.021510477902447724,-0.1901416449898851
0.018573157773579273,-0.01905789570189223,0.01030516805203253,-0.020942262012516165,0.010527539899642719,-0.015431153697839024,-0.0061913431210574655,0.009031954051153389,-0.008880562271878292,-0.02211453342007671,0.0016729817100228292,-0.003090024185240044,-0.009920908792483248,-0.00280412788819058,0.027608947402349225,0.014469259146308306,-0.03649725126621675,0.007014749135293798,0.00023910165440206837,-0.0524963250860281
-0.45604952309073044,0.29567446644895823,0.10401845340705292,0.19941464286560942,0.5640551347995053,0.206108514689311,0.12572710563292613,0.472940506320229,0.020527518718877986,0.2609300517026139,-0.3853497963069155,-0.03064650057866008,0.3042523501518749,-0.14917376527897452,-0.3808140910583871,-0.23228211974322927,0.38165859899268934,-0.5679484428321033,-0.04218249676978926,0.34409377535647484
0.3744622692546585,0.6724706065085883,-0.2780792338673219,0.005658470125510746,-1.0924061248344288,-0.008594811576602183,-0.4236094950654095,-0.5175802436617644,0.42618826328188947,-0.4335336244268657,-0.20179637068164188,0.016941112363433684,-0.017195568338288683,1.224853273144824,-0.7997512776177409,0.5317051645352505,0.424612640075199,1.0748717062611552,0.5078565613538268,0.1091865061316705
-0.21040292381532266,0.878131045141961,0.532302645768192,0.07302766515880314,-0.3111123488613542,0.9779107844699465,-1.1701938884872312,0.743639213482292,-0.013748312901355348,0.26342809274455903,0.31029625764054536,0.004787338634022597,0.0056237788620605664,0.08677586880422232,0.19216976709850167,0.006431585103454123,0.17454110643624499,0.8584509607423284,0.09903840579243768,0.1726163866480469
0.5994695969335306,-0.33922491264267,-0.7250552642305432,-0.27925932499824674,-1.3180793731361193,0.227985986663407,-0.7745690750109278,-1.3332788494623675,-0.08997320454619567,-0.7198888366986057,0.8279813758488869,0.8449307542066911,-0.007010013403374017,1.008651667665939,0.6136528476444127,0.9232389462049129,-0.32310630367207727,1.8209731073886815,0.8950652741214592,-0.3462168803561263
0.009268124623211131,-0.0006597033524100148,-0.013028172772284878,0.0075855543471949295,-0.056232808858654476,-0.0067516572500471595,-0.025971845383971577,-0.04511210417966118,-0.014655972539918224,0.037529356046475074,1.1919338129756565,-0.004554926060840964,-0.008452483350045281,0.47058453501373154,0.02168472706008289,0.00055471636641644,-0.003955177756337561,0.04813782152832355,0.00957253832015708,-0.36111358055258347
0.02147804681730367,0.00401194694863124,0.23786586024064937,-0.002200986537499611,0.7751908441034839,-0.025438026824583442,0.2234370818446453,0.5252671670864084,-0.010671111757187362,0.006412735462862831,-0.2413034782063758,-0.0015597438786114997,-0.019901544885317132,0.04609895922620732,-0.2113268939882035,-0.011694351037379074,0.006300189535698971,-0.3780818178396118,0.002248318757541271,-0.0031939470874355774
-1.061167584349964,0.7217331594923617,-0.4753218475255696,0.4305825331243409,1.3506578392696713,0.4466375960534329,0.5282450926897392,0.7157203069005917,-0.008695552230451086,0.38882675962025487,-1.8835933060927705,0.00383728014026952,0.9099438499717681,-0.09513016217431927,-1.0450709548396535,-0.2899800559881388,1.0096230722825847,-1.1597569335477376,0.8847064677834948,1.0470955447913635
0.05512373470879793,0.26061571190155325,-0.08744227094512702,0.2208706382347177,-0.1864179191562044,-0.0047137650396069574,-0.105903947852207,0.1722500598959257,0.4765193839442042,-0.10112265420204006,-0.20570073250551077,0.00603421902459593,-0.01405198966859834,0.3658433805349522,0.5261968114149749,0.08328782198823943,-0.06988166930867865,0.17434409047023977,0.06218960140858333,0.07909786910809372
-0.026714101576572363,-0.07078406011855207,-0.2003148665839498,-0.04394013110762083,-0.01803068735169337,0.14665475899686914,-0.14674649009396398,-0.01694240404429367,-0.12096994146771983,0.07336119172286949,0.4832762012325557,0.6066283122305292,-0.0003259531334377599,0.09272650909338664,0.11971825940543884,-0.0063199066386343955,0.0134597983086392,0.08780421684031141,-0.02143246064782261,-0.09609989426818964
-0.000103187513578901,-0.01945931943239898,0.009373950961091488,-0.011090451890773245,-0.25650520474211724,-0.013780716169136707,-0.009299335608760975,-0.1620852445590604,-0.01499170206517287,0.0026917966491907556,0.32680374192982675,-0.013236717156820722,-0.012659861757126606,0.43193992415955196,0.040827904342672784,-0.010405326318854801,0.0232841511097883,0.09158398257263134,-0.027969795037570355,0.6578904756861579
0.025651473358741447,0.3504186677971403,0.1084297623428056,0.32426211515879727,-0.14801686905854086,-0.004328461159392216,-0.3170350205219848,0.04150086517531899,-0.0015879443485569775,-0.021653625642082574,0.15414376067418753,-0.001653378554375218,-0.027933584138133932,0.36519649447419267,0.07763870646707999,0.025822405253035394,-0.027124597030333118,0.6186599301783006,-0.01522252043221353,-0.02811779727698381
0.011192000219802501,0.015586836121958022,0.01932918661905875,0.012244934466015048,0.022557631858265308,-0.02288961619744962,0.03182636490748223,0.02950845240364354,0.01660085264339511,0.004750847465309736,0.0029956872164683453,0.00034720102481723545,-0.01879079746791292,0.003398517673609061,-0.03869503352992812,-0.019905892871747807,-0.00640034150466335,-0.04126766822021463,-0.02034055078921222,-0.018298611510464472
0.0245692340756347,0.07869919505386984,-0.0367349478690366,0.055434946389455675,-0.0569383403684879,0.00034979986087082214,-0.018082786467729397,0.6681261055465589,0.11408183139980842,-0.033325589532659364,-0.05540294561762243,0.009366431376786498,0.002089254522777098,0.1225573544539894,-0.09972771846237277,0.013303401224241613,-0.016434602404629368,0.048615579493684384,0.03005627255097137,0.6294981207199701
-0.8924424598093091,0.5271359796060239,0.4956119080428634,0.3220218028806529,0.5176479536680638,0.31908571614212017,-0.13433320683653524,0.5777972437307984,-0.013484072417635325,0.46878627566336356,0.24069557189282054,-0.015968451605545185,0.5995689687352506,0.5669368762069239,0.09703658633145525,-0.4568140151379392,0.7298460014427046,-0.34179271565407265,-0.1156732612289743,0.4727514610643346
0.28628889738166774,-0.08535571616223782,-0.48079363996891966,-0.09528857484899426,-1.2065421188237464,0.006778098198964068,-0.4848351288493245,-1.457383909410896,0.007406609622922517,-0.3326436096411516,0.25338656368558865,-0.03172919851734127,-0.012400722424910426,0.8053174557065759,0.31479081572236395,0.9598384628594473,-0.10166505432248506,1.507200203457799,0.7563400713524964,0.90360082462517
-0.0023495978358411074,0.07514227240594566,-0.3752090098979177,-0.01079002995763045,0.09812255277853693,0.012911491142547367,0.06227746535887523,0.003541289931390749,0.006898205224775274,0.003733570495395887,-0.5819309018759228,-0.004190601268612126,0.004985595174007896,0.026293492778591443,-0.1101311849348865,0.016474811592987783,0.07356685706544709,0.1608241564537784,0.44424787225317947,0.15565663551288123
0.005041183884337569,-0.013318307149574906,0.15932607066172283,0.01732618799270989,-0.031971433959098586,-0.021393361559186287,-0.009713517652660932,-0.00855856452730372,0.0036871090571412623,-0.015284606829583948,0.1693219696815139,0.0005207953236344761,-0.0010107484332726431,0.023919531843019235,-0.015454566209969392,0.0036613913958403327,0.023116261852018746,0.02308593755247568,0.015110273043671945,-0.01352783410759699
-0.001829055572696421,0.025681969863654522,-0.20141201585867197,0.005501836628992733,0.04258373394237392,0.004783361399823815,0.06111250471020485,0.2525838884313813,0.003770943018007307,0.0045616195297666345,-0.29130301763073496,0.02010425412404365,-0.0006793538048303371,0.027191348719129663,-0.034723603072753004,0.0032616983126223633,0.04475495631942385,-0.014497578493971219,0.2790482905084014,0.09334406517396555
0.005112285665598489,0.12715340406572276,0.09458596228127672,0.48508073918571415,0.13563183804678047,0.010177229429106866,0.03570150437009804,0.3469723827577473,0.007684264476684783,0.0060952236593490635,-0.036342592932351,0.01817249528830993,0.0049027055390917585,0.1260914198301563,-0.597622045624208,0.005039048359315022,0.14153355209018226,-0.056045712956057814,0.006609637733830229,-0.016095882284134683
-0.0016497611358486288,-0.028098505390825194,0.015291887237119358,-0.004391222465956718,0.004555439039754885,-0.00013521935819654253,0.0028822067695595897,-0.025603098989068755,-0.0011247550942833934,-0.00030856247403856715,0.63876749671461,0.011738230357746621,0.024341509551355868,0.006009012836330072,0.01039882404796649,0.004012272470669624,-0.017196204750155084,-0.036607995253296534,-0.0025209394315853697,-0.21655006632655968
-1.0424791966135483,0.6035933784064065,0.5623142971057045,1.1322523496266033,1.9039957665101732,0.3506786483513172,0.5010398237607054,1.0223433037485907,-0.008503962985340004,0.5807718893284565,-0.9132034146619021,-0.008283767073440631,0.7079393672589328,-0.2802049248457419,-1.6382772290605219,-0.5272562075402034,0.8387896526809457,-1.6327323125790532,-0.1264351920088902,1.0490602189674525
0.11164501791643125,0.5778221466375558,-0.12311711899242188,0.3728948610740083,-0.432508658588278,0.008834304943451842,-0.24786495614278334,0.32285450733163834,0.8837612736177811,-0.13836297278963197,-0.35359349522421984,-0.0007337614079258874,0.008884415263112034,0.8125181197653268,-0.8680363636943274,0.17595214138659007,-0.06046130994677249,0.40514273862766603,0.2117292678190237,0.16141297843302566
-0.10205606010422452,0.08834166855996782,0.24477922660704188,0.04957998168633932,0.04213849135547228,0.43360045411537224,-0.4886642111633663,0.20837202310536077,0.013360595145538712,0.14362496515912035,-0.011910982680945852,-0.025855663143533904,-0.0015916781582081946,-0.2439521994238114,0.18178310600193043,-1.93758178071695e-05,0.08786446351733185,0.30330745460292624,0.01776575682170456,0.08965551714647749
0.00990223552210655,0.0008570885305225276,0.019184682080906658,-0.01325587579450236,0.012254755338144357,0.02036171818666171,0.006107037008911146,0.04397722478907845,-0.010569987113682986,0.012002482612244354,0.016094523763757813,-0.006014733955838805,0.02945550660465629,-0.007826725798818955,0.48563171971253744,0.006362857403537064,0.012179570113099444,-0.009181122475801088,-0.006948670359758033,-0.01783650966567519
0.9740046248628857,-0.5611834191531355,-0.25468702832270934,0.3380069706508418,-0.10908895198224708,-0.010269573153000151,0.2666231989751911,-0.5629734663777793,-0.005467958587617852,-0.38532845087423495,-0.4849125082084669,-0.010824717361207468,-0.004423209991642595,-0.018453678508168245,0.14499910741489527,0.4311001402486747,-0.6989459543227058,0.5330920670671851,0.545391936588971,-0.6438102165617597
0.10048967753438831,0.5350967809068101,-0.11436535861789451,0.3589036823448508,-0.4024251374683722,-0.022154036802062918,-0.21111070669496315,0.31817233986957383,0.8524730094201439,-0.14703984523811403,-0.3188632240441586,0.009361395848760716,0.016642572889683824,0.7495766290039702,-0.8182079291131202,0.15268836431111588,-0.06818096167004721,0.3697826903701978,0.1399423320141608,0.13723957292950686
0.03558813179055572,-0.011030177629505488,0.03206890481978046,0.002154916116818364,0.015001313805735782,-0.0167432993198572,0.14287290552415938,0.020153160527268787,0.003285261718870853,-0.0351118342199069,0.6529209781309582,-0.008556027626385028,0.003762602776709856,0.004170600179518676,0.022969610038909682,0.0009696630159204255,-0.0011712399991602312,-0.005487016916371292,-0.00312121419640674,-0.2277850364128817
0.8605988550644321,-0.6193519638944116,-0.0747681224243383,-0.3560748421371107,0.3033303030961231,0.0033137811402989214,0.06575455569661158,0.43502342268204025,0.02110186164972576,0.037872900766992464,-0.49068892540437714,0.0004962403216930184,0.04033417555378999,-0.5868982268942405,0.7865913567222275,-0.037151968273914794,-0.7239402450725512,-0.19400570380424442,-0.041915843399535295,-0.6835369898941542
-0.012900627287360234,0.2285910044048528,0.02083906632255805,0.0040930196237207485,-0.1450461551211182,-0.0059395352594623346,-0.05865704385757568,0.0763628086755548,0.009162022965292848,-0.0037555020531487016,0.09001011937725677,0.017520430880607042,-0.010865877388766498,0.20910108567104763,-0.10109717541945318,0.006328205717532724,-0.018255858791376443,0.09375092502679744,-0.00979549683146851,0.03867807682787837
-0.017914918777857905,-0.01058896481678243,0.024454593127060727,0.017787932220729427,0.03905584640965697,0.008105922921735986,0.027266369093386228,0.04167424955354248,0.012512738250965931,-0.009269110579368514,-0.004093460073469329,-0.0062575999395916475,0.010846146501438041,-0.017190518239492535,-0.01518458735498047,-0.024465704725515274,0.0027136746130460437,-0.034722140752703745,-0.0373054677629958,0.017049054286052863
0.033557822711005325,0.004179842731379016,-0.0026500793666765264,-0.000985224410440964,-0.05828404594866596,-0.014138940452801362,-0.03383641834898879,-0.03788971723960842,0.0202363305407922,-0.02068347029398197,0.02795798551676204,0.003985695594590936,-0.024499298180983103,0.05054694238298353,-0.0038980873270162255,0.014046520963362324,-0.006356968461260595,0.05673827810094092,-0.0026617716556343544,0.006434353838800229
0.46104186319503093,-0.24286833803001712,-0.3158213317619414,-0.1752982655769469,-0.8453665564625024,-0.003412065466624246,-0.36691329704718745,-0.9263210380777973,-0.005953699594369896,-0.5613515462205497,0.09606992559148655,-0.023544491120884123,-0.006474654726937399,0.49268867634854174,0.3814268802314103,0.6482211179701131,-0.2787380622856081,1.13264516257895,0.6479625043597008,-0.12409223916356915
0.008056993738653815,0.0010385595983541211,0.002270634270335448,0.005341807692190475,-0.0328849224618327,-0.012857872899133847,0.5178110359210605,-0.012006999013038231,-0.005819664406312141,-0.01380873202540909,0.036142515465899555,0.0008803179128240284,-0.009767089180497266,0.043303604824314314,-0.003952966029297538,0.019395456811323316,-0.01702428464355189,0.03335840328459474,0.012821397179668119,0.0032367917038189182
0.051787615149630914,-0.015162414755756264,-0.043621128682438774,0.02050419379445403,-0.0357026641767904,-0.008549988831603864,0.0019354398645012795,0.5676499275972154,0.00895982216172473,-0.031182206710252222,-0.028210984725297747,-0.01508291042566308,-0.026037975829821255,0.026691253001413742,-0.025192702905737913,0.03631285240119311,-0.01818216289978745,0.05145180567355515,0.04316846972658401,-0.03534058058270427
-0.02551146970500636,0.01742861148910515,0.3499422494738609,0.005466256347484136,-0.12004431174357968,-0.0005367235140451233,-0.03380779967804621,0.031143313919314103,0.005342115283231697,0.0019562274090859314,0.3040653938583347,-0.00198065524271735,0.005388240938110536,0.017137208577456473,0.03635747400411306,-0.005060110320186304,-0.013039642915426416,0.052048780996181106,-0.016385760473451933,-0.03747664835133678
-0.40755432463683805,0.2662127169663721,0.7861857274548879,0.1800449354504766,-0.25590623713617316,-0.01723188787743615,-0.06880367825734551,0.35177431047683255,0.007184663447000106,0.47423318198090214,0.936221895242203,0.0003019759504338574,0.012101562091286718,0.16797518982822907,-0.12963667039684362,-0.00864417367852463,0.3093655174132124,-0.04749068542915104,-0.1675128368956336,0.15598390569278614
0.009279831505063401,-0.0005565873509152984,0.023811794033700966,-0.003305662779996749,0.5226739147285776,-0.017662132657716347,-0.07823864209000025,0.333758563159774,-0.005459626393018882,-0.0026356183844291614,-0.28900782692982974,0.002763809253144167,0.01460151192278528,-0.002383814244296364,-0.11411892471054283,-0.013378613642617535,0.0038138138688313962,0.17282777557393358,-0.026725171435958674,0.5601395523867087
-0.08800927006099515,-0.052161002130083414,-0.2797539978857449,-0.048301735645757495,-0.061714256307910144,0.23112698712587845,-0.2394007673727229,-0.033665277581893374,-0.17215374703765704,0.10864930343854239,0.6819421669821506,0.8218063995499088,-0.01341565454968864,0.19142288735726515,0.14944105130187507,-0.03542766090620668,0.0897715157589206,0.1754129955134589,-0.0014071994519772612,-0.13565901496781704
-0.04690881041108072,0.024715923699510218,-0.029649693453034587,0.012970016921154407,0.01980258814479097,-0.022567723599299948,0.05021760388448143,0.016796126189274126,0.003910004607904303,0.04572146868188633,-0.02258022514117548,0.012318592800312556,0.01007808469587011,0.0008093018049324958,0.8918798412376534,-0.01093067655244607,0.0222046954847495,-0.08477995521009804,0.0005536947570711284,0.04278780727233102
-0.3061123954967083,0.23663610232788948,0.5545842184734407,0.10918378699242859,-0.006925350104870126,0.9733079875634967,-0.1412128578919811,0.30138961086116345,-0.0002599036985250023,0.40201051937712967,0.3592683537011084,0.012682829643843773,-0.011171405415359253,-0.40898109362974355,0.43844861287704084,0.020286401305902865,0.26417756823556365,0.6886238744022364,0.04199152225692626,0.14448530080475278
0.015966668430356944,-0.01803196337057185,-0.014825485523570912,0.001831979833588928,-0.169898531981987,-0.004594797516099076,-0.03878448249376024,-0.1417542174256855,0.0018506146673617462,-0.011135811898209547,0.20407560009461168,-0.01999393063218896,-0.001314785908304722,0.2848913848401908,0.03574989215934292,0.021451957109971956,0.01277510349767701,0.10238304292562228,0.0360487412511855,-0.013025084860173545
-0.09807887452077246,-0.06365070258129861,-0.3256578760427923,-0.032820577342458586,-0.033082273653378194,0.23536948609635663,-0.2073266389877007,-0.04631768059914147,-0.17457717411264825,0.09693071365739835,0.7523686846210322,0.9463555571093454,0.0004139505283592504,0.22213370261241921,0.13832886881716067,-0.044179238500405414,0.0794545423880049,0.12923135872351815,-0.021182628740414128,-0.1391701567372007
-0.7914047050498231,0.5067090180651043,0.1371568438547202,0.315829218355271,0.062239834259494795,-0.009531383449123153,0.07505259896297105,-0.12060030403659794,0.002347953544894762,0.9436143017431107,0.3709651124166286,0.02253706203823202,0.011533775577113064,0.08318672020977502,-0.5118873916359321,-0.006865392191071858,0.5686790989139684,-0.328840735984963,-0.3648418699203528,0.5635429486811047
-0.25221336569748254,0.19534791580784686,0.37372974746068305,0.09093636111513051,-0.13242515652357073,-0.00038003740787305234,-0.00862004313342833,-0.05209751801098922,-0.00016954546762538297,0.2798069924742513,0.36671145297547236,0.016893488249794985,-0.013057650202277933,0.10287728333283022,-0.13632177482642371,-0.00494949701637281,0.18394333609439875,0.012704169288878117,0.035442163164932136,0.8397249643766804
0.02077670746223597,0.007492850219018528,-0.01875878847862733,-0.0037219039589742485,0.003505476793496349,0.002228706952998072,0.8870711399001815,0.00597037119189316,-0.022255492356600196,-0.0013681606871628893,0.0006547217141001718,0.00842005334569117,0.005244062357394886,-0.03728405969834245,0.0053954607021464915,-0.005455539913168371,-0.0085804246072203,0.014574355104285716,0.00616559923829702,-0.005598244736971566
0.10695404343657611,0.8537162833540639,-0.11522480457809621,0.28678674064836707,-0.5947237049646392,-0.005604722582063524,-0.2651080793351613,0.41130141878320525,0.6880548626812035,-0.1308907714041945,-0.1362755669332693,0.011949307326007245,0.0003974214352455706,1.0386574475736967,-0.8609152564187545,0.14794511910860286,-0.06130523094372598,0.49263652936669805,0.17360488762281132,0.7357476244454395
-0.9027591031119383,0.5068462716458207,0.1567433613747243,0.359035659764738,1.234703041960093,0.31963830097534696,0.3510213407594771,0.9547692566853331,-0.019651515232065986,0.5873567779012202,-0.40480444481706845,0.014629881977605771,0.6336155851075421,-0.376580026439937,-0.7417903315282376,-0.4942463475774975,0.7098491095186125,-1.2801317401990753,-0.17599808452229537,0.927062382686591
0.05990212786459793,0.23168244866259188,-0.04012422192173517,0.16596361967152265,-0.19697762137022204,-0.006228829624984901,-0.07809798224144684,0.10917509826842704,0.35899519254036033,-0.06510663197730289,-0.1620283863510268,0.001559081145619744,0.018742265201173686,0.3237343839989885,-0.34375191428725643,0.07974586352847654,-0.014163321035296335,0.1626113816677794,0.08095524947898554,0.2886800011627714
0.012593970045078066,0.02861983629979223,-0.032365977715703625,-0.0044404715087757885,0.019491892320466116,-0.013507469455674275,0.004865104321056075,0.030819148549112732,0.006602382003380565,0.0016797359588671514,-0.024888318526713336,0.008834768934680411,0.020007766758584455,0.02358617352400975,-0.016343014847888873,-0.02575516556135413,0.0008085362269692233,-0.008426028157916907,0.0011259959058168897,-0.0034503314736770083
0.2596376291282899,-0.19400815444345548,-0.020753950304642638,-0.09464772556017675,0.9282218300759261,-0.0057714937934571,0.2365346099180696,0.6274958322935403,-0.0033165700878700095,0.009474632567194545,-0.6201872075728289,-0.015384642027283168,-0.03637347698724163,-0.17233725751681792,0.0550993458561002,0.004007725309369242,-0.223594321904718,-0.45831439171071847,-0.0029791732869981994,-0.3586206175206661
0.010486003773344311,-0.010400302915303007,0.025993635035508486,0.01979353787627788,0.03345133641326543,-0.003701749408522511,0.020799556345809593,-0.0026415781605999217,0.01682882294884828,-0.009843311911173068,-0.014084750085508496,-0.015582297864358736,0.018174973636539513,-0.0069848741486287415,-0.04946846820093208,0.011450314126162877,-0.0022686325497815484,-0.02777785169114519,0.018834024948297407,-0.016846171907462126
-0.016536419895603817,0.002678538304904868,0.0172355576161058,0.0007933607564625531,-0.09227166191537746,0.010463019090831915,-0.021078805695798147,-0.03968910010106018,-0.0016996877915262335,0.016694204969163247,0.13382915073698837,-0.003783072139441133,-0.0066422541967457935,0.1518726955923551,0.009905593560150291,0.0006220894169401171,0.031125377424777917,0.029511291774621508,0.006054245518446109,0.02492741465315518
0.02754806054216887,0.09831504711940521,-0.016276063091181108,0.05685143163008511,-0.07264915999681261,0.023593794814519155,-0.04545889385039286,0.062367701885658954,0.13113308515461242,-0.013569207820382633,-0.06731684169621219,-0.00555035276657035,0.00806603535467717,0.10210107474034533,-0.1256832112985164,0.041394562534797084,0.005419514911460639,0.08286737885816868,0.026564043434233794,0.044703130780440394
0.6389350368062835,0.0117853941007473,-0.2983276149340715,-0.006253150100550893,-0.6649277291143346,-0.00017319082614199134,-0.0028920720406986795,-0.2132383800533522,0.5553553578423908,-0.38990917952954396,-0.29014233428656144,-0.013700005357361551,0.00544676973827977,0.5753217250192109,-0.043847623273992525,0.47644236307506455,-0.4147934099459912,0.8572920028647737,0.4516043352458239,0.37141242960735554
-0.03314904642543821,0.08831690352196761,0.5057047337860952,0.03174995666043976,-0.3732006095371892,0.010114783577718653,0.018851461757106704,-0.06957827822038314,0.004248046390009192,0.030592664021270893,0.5307700834138149,-0.010455488606199301,0.00520148561954289,0.43063933806715293,-0.026650844748685606,-0.01950807133863166,0.09196532710152304,0.17404234981380295,0.41218733293267706,-0.003100303953034307
0.007649064366279176,0.09346367023647378,-0.6369378479666034,-0.01271009414503669,0.16226199782873804,0.01682549050744236,0.2872298329864211,0.003633812777812612,-0.0031801015237026137,0.0012184558442062277,-0.9787109075868694,0.02055528709022195,0.0015767157484058141,0.04456457029662743,-0.1503119836635704,0.002414753455196236,0.10913768711447505,-0.08363679931685222,0.7350761236144804,0.4379250964962731
0.017422551500851657,-0.005862981120665959,-0.002076656899615225,-0.033582506774510225,-0.0006334733948926838,0.010857355241654194,0.18524721642402556,0.01091786998352552,-0.00933699661890319,0.0007772265254187179,-0.01339335626348514,0.02036009502939383,0.006953989199929928,-0.02389937638761084,0.03198424404189,0.006335067263577385,0.025210003704969536,0.0004498384227211794,-0.00114117213934212,0.01604228954155885
0.03722599981912936,0.1179295262387361,-0.015145974825236625,-0.02578554166959056,-0.05990182515206068,0.02468298799250841,-0.016878347943627987,0.06088563268733047,-0.00904129160957404,-0.01797089869670927,0.005493806662885663,0.002866873420037777,0.00576078576249094,0.08156336368941057,0.01499155533093241,0.01815736702269821,-0.010994029879820991,0.022124892471204402,0.003790614383857158,-0.0095126814457791
0.5395464792719402,-0.27265704788644873,-0.39120201071616567,-0.2197687653700063,-1.0415914762951328,-0.0009414861492563521,-0.42297845969146736,-0.901783967111912,0.002256485673718473,-0.6644378557942469,0.8928624333704851,0.016352548591937993,0.014942105887217175,0.5968992062429138,0.48789776684145286,0.7968187264632404,-0.30843763646335814,1.3571347438601733,0.7858817017815151,-0.4166232322860427
-0.05350980785920262,0.13820202664926037,-0.7441661386537332,0.01224055830172795,0.2749938588810338,0.0232827793851642,0.39836296546530753,0.027674823232671168,-0.03623652249239123,0.019129119535648727,-1.2134786723427473,0.0036941356022825627,0.012809318358382,-0.008826506865103617,-0.22761837179158606,-0.026450816568281882,0.16042388482051775,-0.16840687704198615,0.9006562797394042,0.3406292682069967
0.027196530394230152,0.3549375249983907,0.089266357942303,0.6240696486341005,0.02509906631430702,0.02799796533143907,-0.028040699142429498,-0.1263839139360308,0.12472416184618734,-0.031913607751706985,-0.14653694332014824,0.0028457549555039284,0.006441668805638399,0.3777336399224172,-0.9715010749330616,0.02244365658657574,0.29123624649783997,0.05881294651262539,0.03749051714135848,0.028122143553662556
0.005270193745019286,-0.0029930973860932833,0.038556913598319885,0.005035109601135743,-0.01437447297334466,0.006733961106774216,-0.01645723987079136,0.002162245384409614,-0.009384253259260738,-0.008694711954996005,0.036924876377066575,-0.023008647350048494,-0.017852677325064563,0.012881331177999798,0.018455461443929577,0.009057723553944689,-0.002339134739484201,0.04110895633741287,-0.028412707945243563,-0.010008537819988813
0.002246947317369319,0.010611826824719778,0.015155594679966074,0.0020613759650191486,-0.012844874864288522,-0.01571982893678745,0.008150289154791261,0.03864832136794604,-0.006823876130254278,-0.025767493803163406,0.044799261743314445,-0.0015347380478896704,0.000433005395237376,0.025985654921374685,-0.0010932574148835618,0.004424163866520498,-0.0038138061357703024,-0.006359505340004635,-0.012339855602700373,-0.015469964487060834
-0.2619458862469571,0.18259329063119073,0.5600254892483919,0.1154680558820957,0.12401818982504083,0.9694121335270325,-1.0688490289173662,0.41616707419366467,-0.029064874078206362,0.3152874542863476,0.3344501419302993,0.009316673142065416,-0.0004993204082748776,-0.5886602119679848,0.403530372842736,-0.021135923260536225,0.23417939575555208,0.6226615739196406,0.07828646542883343,0.05153078543633778
0.03726744341666317,0.26615887589026566,-0.06059599541213913,0.18699336291214746,-0.19808954763769954,0.0012011144153711373,-0.11605721175197646,0.15717070468628433,0.4586398425072106,-0.07677817083488764,0.4518752423528482,-0.0029178044954024495,-0.021133451302047555,0.39489114571576006,-0.4341787780672304,0.10318020272425822,-0.06120383238942267,0.17615336316838778,0.1057768911927936,0.1851257717401323
-0.40260122350276095,0.25110904634690956,0.810388749839302,0.15577646117838514,-0.19292277830006008,0.009635577707908526,-0.06336508445754377,-0.05632838702086679,-0.026499566177149443,0.5073280566067795,0.8435513597346974,-0.0016502386251194805,0.007859128341379973,0.06562335325196031,-0.14606092680021937,0.019940087662498412,0.26688427015864535,-0.04669997758671169,-0.19917585392191367,0.1276073837551014
-0.9239121279764627,0.5570006858521125,0.4019996607578348,0.37562110248142494,1.0915934236929188,0.6647528531832112,-0.3900817646302804,0.9837873648964043,0.004204139638004147,0.5684517764261071,-0.6059564351779391,0.019085770516177596,0.5445762918257346,-0.4957121857772803,-0.48231011203611646,-0.43992030504120305,0.7275317083089132,-0.4169567351455453,-0.11464610489250245,1.3441931759811965
0.03292190805910859,-0.028252452973539142,-0.019350952243108677,0.01504239360315043,0.4042240336486462,-0.009991084837811979,0.09836381582111929,0.2293909250881445,-0.029843429109404546,-0.01389054761503281,-0.25109785460446743,-0.005731660848503101,-0.02177687276157747,-0.011081784671952586,0.7931157716859155,0.02020569963062885,-0.006734621587188496,-0.18716815000937742,0.020569836657404805,-0.09362799591021613
-0.363090012934937,0.8711276887970468,-0.14508460969518308,0.5388582502178133,-0.3892092735148889,-0.00101449059835067,-0.2288972543493454,0.23966846799331706,0.896646294462491,0.43417287126014076,-0.18663947221364194,-0.0009539511527095149,-0.0290107565516557,0.8549214431798354,-1.1092801934091023,0.18430318109444616,0.27593912232015705,0.1977837647331364,-0.08022756883840916,0.48847498947280193
-0.011564948062626756,-0.008792214700083819,0.004500367806323076,-0.007180521443058369,-0.339842416772594,0.014086215394838706,-0.3731572403951707,-0.21260248041184943,0.016580900648607476,-0.0022021745984391024,0.43172770890783496,-0.0011287967158593584,-0.029348611556638142,0.517563408385846,0.07933952260625267,-0.014987987600451436,-0.001102187630175085,0.7516911603092483,0.012800282735555253,-0.0014933496480783216
-0.02066474656806548,0.04136549764481325,-0.06898161022449645,0.025328015915394797,0.022658913099511933,-0.0005500629151317799,0.01760914937150509,0.016301348795238507,-0.005852252695764693,0.011766989897696499,-0.02785120361191356,0.024289321613969937,0.015524583264904832,0.050959021310220405,-0.02956334144003611,0.004693848759261907,0.01949988777131489,-0.017685640601867433,0.041025793593704535,0.040467963234038055
-0.01769133374998766,-0.003008163140829114,0.09276014942305366,0.850286903341397,0.29916666414331106,0.05459084101581302,0.030283779724594163,-0.22425009187150635,-0.05845748928616921,0.026455639690533144,0.41050096947575626,0.2668957799969542,-0.019399687584034327,0.09097966011196702,-0.7530633673336673,-0.02126775997759292,0.02743424619496943,-0.09703185156232448,-0.00038548720122847063,-0.1950534663191596
0.1403663696319526,1.225006596647153,0.39633477596079647,0.3608953719962345,-0.21172803600253043,-0.02856620478785957,-0.16899645302668978,1.140611617808001,0.9481372753790022,-0.15370975455347627,-0.13706669874854627,-0.009182306181975424,-0.003124443141967515,1.462804543168671,-1.3459396482953223,0.19421340366478726,-0.07182644278683889,0.3041958978820418,0.20177044239243427,-0.011303942770798207
-0.9440519573097274,0.5629044593185718,0.6574034286944466,0.41057927801671174,1.0360696773919504,0.3016644864592909,0.2917834197409624,0.9150439899580582,0.0006198698751623121,0.5096074896612803,-0.2872027555986748,-0.016107924319554795,0.651733536137536,-0.2565052878742306,-0.7699519943805662,-0.48688606045086236,0.750788250039512,-1.1599184235324482,-0.09682581268915158,0.5425677345600217
-0.02364327058386212,0.015723115169534396,0.19720981322214193,0.7653476598263224,0.27391907109292957,0.012112360633590075,0.0485317772005353,0.10739454881956711,0.012589562074852113,-0.004963059864794566,-0.008395955978137387,0.0020098890253884873,-0.01769253006198764,0.04482447112633992,-0.7045701810268082,0.010766766721150721,0.004681165401612818,-0.07919455059001532,-0.012104665587879244,-0.08679655379383806
0.0003744894074962559,0.02000227387856209,-0.002943914140482139,0.004920906946131027,-0.016000584264158377,0.007217119719654796,0.0017726855201690497,-0.0004496756634768881,-0.0012713212257687311,-0.001992234487498291,0.032763062442854755,0.0031362309829394888,-0.0003504851563016758,0.02596429121665228,-0.024031376229648984,0.00950231115130197,0.02601732153154509,0.00440595232724948,-0.018468393209316328,0.01130960380133669
-0.1347785161403693,0.0954102756105547,0.3016753623854782,0.037666192871069176,-0.30764674621232746,0.5734029545425648,-0.7419275285437946,-0.02592779706851801,-0.024819292434754184,0.15694280217905177,0.5663310641855791,-0.007011485013743409,0.015847975455515757,0.2900126844798202,1.1482185037760932,-0.007794427155049124,0.12037590233056267,0.5906967982062387,0.06606452797850752,0.03916348431642069
0.008278431856121569,-0.01260019198436982,0.8578187637589846,-0.02010985359037659,-0.3432794089885209,0.0024604418383550376,-0.07396135372729844,0.0035029110159908823,0.010097105039706946,0.0166762770812968,0.8855289672309299,0.027247359046805898,-0.01749581389171605,0.10073848142381138,0.09320998017649589,0.0021174067597929547,0.013549973554228071,0.15188719808520723,-0.024029627554715414,-0.19748938942206412
-0.004413436858079848,0.007089124628241364,0.11128853211366385,0.5674414991084842,0.20400754799404136,-0.006248508469721111,0.05640432963385453,0.7619453923211172,-0.01117501548546075,-0.00043947846607666856,-0.034439979900469514,-0.0163152805270017,-0.0057947697384457455,0.02279612537647811,-0.5307706109312236,0.005217673170256229,0.026575508667300844,-0.10185800175312117,0.007508978716185162,0.8893948716606205
-0.021306714752647993,0.02824455017968413,0.015822971278000614,0.02380537119270702,0.5325036628936597,0.02502012659274513,0.1404567367557492,0.3626212911743378,0.02885340939673893,0.01211052445122027,-0.3309360642621147,-0.029508300743658122,0.016713238170300695,-0.006300009653925122,-0.14418966798160981,-0.008765701272272507,0.023959286833441396,-0.2830079922664351,-0.006553191012624859,-0.04408426695026542
0.019025478693911118,-0.009977587783697332,-0.010503350143520215,0.005337148984310203,-0.020260945600071315,0.006719538679645344,-0.008704482173335028,-0.03055477723021266,-0.0012133025612360154,-0.018697567512649355,-0.009236426519187605,-0.006208209737122829,0.024727702733515933,0.03155374431719293,0.008641396567184352,0.00724165937459505,-0.006373843723235241,0.013877260427350189,0.0030319434784630284,-0.007140742019831147
-0.021254453345315248,0.10754968175168515,0.1289743659269511,0.6959914884092185,0.44059690731008283,0.0028580491649895473,0.5314656647571208,-0.032566660149466894,-0.0023025740999413763,0.002912595379879643,-0.21749199200341407,-0.022591912633155513,-0.0041566142926033785,0.11141435311134079,-0.8058845486162124,-0.01233677898502521,0.10926012724635527,-0.2284745760656254,0.019467470819184766,-0.06766640613677533
0.033016313793978985,-0.005915866973068704,0.1756229961661308,0.9043053190517156,0.33817046419753466,-0.014035718254859482,0.08623132489843406,-0.26642104113041637,0.0189960059411431,0.003428046999544316,-0.04072653582560509,-0.011288510038694518,-0.0214259780834632,0.04209865070813497,-0.4762600167403295,0.014247329608774612,-0.03280682421662135,-0.13664374712213104,-0.01214950294713725,-0.09646147236327625
-0.04560154980600285,-0.035537368997556475,-0.18774726743800388,-0.04628220689234736,-0.06474149624941307,0.12803936623536857,-0.15281128584194714,-0.03267354252713778,-0.10561940872475714,0.04254667937456574,0.506199344004815,0.5423855556369148,-0.004272462248906851,0.1527877681013979,0.08733471677814364,-0.014982319749752573,0.03275002853811628,0.11695892112610994,-0.01488756575927739,-0.10856769865305865
-0.031332923640399614,0.022261730257915106,0.005191564290035328,0.01816589222207389,0.09397219777669563,-0.0027664718949376066,0.02611483968583913,0.06377060507877243,-0.003017076457472222,0.027830694982462746,-0.09872045846486671,-0.03514864550172083,0.01837609157236321,-0.020396341018266966,-0.05047583852149114,-0.0351439229402792,0.01857548320641064,-0.06164274590905825,0.0010023669472416091,0.0332454240492714
-0.398488450950229,0.38052210910366124,-0.6997770116557847,0.1463284657889172,0.718232685579372,0.1620279040502265,0.504453635487089,0.3571599454456404,-0.002775980582123096,0.21652607378838679,-1.5632665608039127,0.006512676241026543,0.26190448563518365,-0.07537001789080444,-0.542311467388729,-0.19350435990297007,0.4788536630981315,-0.6044022362891404,0.9059372994381125,0.5896388144534911
-0.7020660085229984,1.0602843714351662,0.12941576219874712,0.25809829636408066,0.8393854845953737,0.22864420190763127,0.19534334958288915,0.8298429849487016,-0.009783801697552698,0.3800814878010122,-0.856729146827474,-0.003118743339673832,0.43869143012647754,0.3564205723573817,-1.3792647283513269,-0.33494497679859914,1.2991207283909036,-0.8477698745288077,-0.11437184276122865,0.562617666463727
-0.034213360359118095,-0.011330440778131477,0.032627445591808704,0.011634094632988388,0.05294314333586974,0.0038547956592913666,0.005035969126391296,0.059638656080138894,0.002265461165923734,0.03191576197112654,-0.03335358785121842,-0.0031352974524060974,0.02403154500081467,-0.042558552519858996,0.0014287553000896318,-0.02591319023399414,0.005608709135405941,-0.054397183226675534,-0.0064611082660574765,0.012412792330135211
0.19292683582640374,1.0740851687942288,-0.1440586190074401,-0.08429384579478565,-0.8009980544329017,0.02120965974334229,-0.28126756697846667,-0.10281624534954695,0.0013125567821383691,-0.2325276169546173,-0.057775153970583595,0.009591185140676473,0.007563142447031346,1.247131206758239,-0.8904504408514726,0.2569693465645507,0.7593814396543035,0.6798942412010424,0.2854425371301346,0.13020485731475087
-0.4715832065546792,1.246613928041845,-0.0557846878242544,0.18974128883318428,-0.4310416022423138,-0.0069507677932789495,-0.09003214587441775,0.33329324961825046,-0.013749335636404528,0.6211872065684702,0.3687763017587093,-0.005865911751717032,-0.0019226232308097654,0.8702666314963547,-0.6493918121007082,0.019027636762031487,0.35990924187561624,0.04508911323099005,-0.20786909351281133,0.4257317651989207
0.7974916589296981,-0.5517637836446925,0.44861972743066225,0.6567360634131038,0.39494059449865493,0.03929408191038203,0.29770312886708566,0.03761972358252645,-0.0019915817836815633,0.003678012265970619,-0.11407328660362061,0.0036837869870884376,0.0016807202518239108,-0.35779925683732017,-0.1301548033624355,-0.019534706133817616,-0.630421990568519,-0.17820996532790728,0.030265767308550285,-0.7780702366668498
0.41138840561632356,-0.1850511423233999,-0.5342259626928313,-0.1746154133090162,0.22087455475727322,-0.014845059157410386,0.28642195339270105,0.15056518521305354,0.027668770819893575,-0.011642848608459173,-1.0232699333565611,-0.005218059234002117,0.004867595499639703,-0.20681394561942437,0.21501544103107326,0.012703228225684881,-0.2353062460099032,-0.11896169217786831,0.6246139525762057,-0.08528180538558251
-0.40008196051156864,0.26418525240089835,0.2845848861259538,0.1587072673525206,0.14318485064085415,0.5368770209175612,-0.5492883099180295,0.23236538296988082,0.002841937579047216,0.479312698755566,0.032689358922859006,-0.015301017119081972,0.021014646239977543,-0.3447070664293827,0.05881075956271405,-0.016503020533701288,0.29922574358273146,0.1630451517177741,-0.060535022013820466,0.29729585301370537
-0.01429867733838818,-8.480318472268685e-06,0.8664917951331819,-0.022034494755955657,-0.2804813847222689,0.0029733275433413593,-0.5630228801326477,0.019982487040832695,0.001588912670551567,0.0032369302687235736,0.8569606241482836,0.004102437940203898,-0.001360109825601206,0.08950976254492461,0.916206493407233,-0.014912984540001428,0.012393704163097019,1.0717421545938257,-0.0281830335377632,-0.14808556180734322
0.030040731023577426,-0.01155874164426562,0.007087807732685064,0.00334661077486665,-0.005853073989968642,-0.0017544586570790218,0.019486210194307844,0.001513968067579802,0.011008573479416445,-0.027407086684405065,-0.001450578307324651,-0.006660147598509142,-0.03158348157561393,-0.011894009538412683,0.006895193746125647,0.028152255980194735,-0.04266452162496852,0.027558559470152434,0.025419816329786113,-0.015354892279215113
0.0060569108099082225,-0.013590062772787768,0.026583724629164085,0.006581381951283275,-0.4283510856067181,0.0019599779022519,-0.11336506707761941,-0.29865574206456735,0.0060141620171149865,-0.016590194432605884,0.5517714109168038,0.0014275015247888702,-0.0135820244519325,0.6644271711074798,0.15075748748511958,0.014054722256143057,-0.04787998749076858,0.22462226135048888,-0.000266737032310736,-0.06978717225970273
-0.363951207431055,0.30007348157654273,-0.2323218303619984,0.1519623969844867,0.07568171772010604,0.3340486656849077,-0.15803449193150843,-0.3091144471849456,0.007608918431748669,-0.23708424922929533,-0.6676287425791106,-0.0019821075897217518,0.656914592086711,0.42167198637454967,-0.3317801910892656,0.4056388850232629,0.44929967841750107,0.2764844180191888,0.7457788676692889,0.5015758833837604
-0.5480732849887153,0.31031768886491806,0.1496903145254303,0.25942241904921604,0.7073063806039344,0.174729516473307,0.1754367155987176,0.5434888371799166,0.01885253422833462,0.29025856526842414,-0.3992711511024668,-0.017357439240006878,0.3559089580476553,-0.1784970546416765,0.12356387939116786,-0.28019156759337016,0.41636571785674037,-0.7252031820678568,-0.09322126824538265,0.35406252473558963
0.07125945829163335,-0.008898073906176893,-0.03542728505737181,-0.007749217218235072,-0.08466539108837579,0.020860389767742328,0.183727346610069,-0.029226761823222706,0.03781895257325797,-0.05041881957571873,0.03753949786074919,0.030575675460785386,-0.01722915932117617,0.07821176574478043,-0.0027070733251940877,0.030170824988373347,-0.010554671080681196,0.08591271488343047,0.04010701860655862,-0.027817749391275858
-0.2970271344370656,0.8220400012175471,-0.06821919775017851,0.5367459024406301,0.12759631104950328,0.14431914530584822,-0.12535677885439842,0.788631275411783,0.9541924492960646,0.06138164823686813,-0.7407213544694755,0.014099972402584218,0.2871689599156267,0.6821994882954671,-1.2254175084637708,-0.04717871706271622,0.2464847953866005,-0.15574713167731513,0.14300894720794555,0.42928912029542765
-0.5715419773924932,0.35500405767589005,0.11955410059026805,0.23475541394876884,0.7515025776542164,0.19030341181886135,-0.018353747335374267,0.5617733379516866,0.007614758397665969,0.30913247143047073,-0.4679321868193079,0.0022069576426287903,0.38358405375922905,-0.18194398349297056,-0.26288592300398894,-0.2922784571722201,0.4762453962060317,-0.30135677763293495,-0.07241494063348158,0.38919348407366733
-0.0045787587796945264,0.043961144160191264,-0.04757529158340331,-0.0017959838778310276,-0.44854530015396094,0.003837500408531016,-0.07389540180358392,-0.2704932791657225,0.004083584950008922,0.02976925278819614,0.48927727172937346,0.0021516461513617566,-0.0006185537612321459,0.7123525172152188,0.06864969817758727,-0.009949361303432547,0.018306514292561894,0.21013724829477573,0.04381205937586222,-0.008153161476168399
-0.07633148956516772,0.10957520129779792,0.22328394286553133,0.03846669877192039,0.006086794366536714,0.3978077034248997,-0.43873540045108217,0.17537768494361214,0.020104292792922744,0.1035640362980644,0.010893466343197052,0.0018642320128168734,0.008460490468858444,-0.22714861703342581,0.12348720698261367,-0.0037288392342789472,0.08623432661404958,0.2629792331021597,0.049429740776114985,0.39493956678987274
0.000188925498749163,0.04330661128732471,-0.08439666648234367,0.3789802211232492,0.16596470903854704,-0.019796932207801172,1.099930078879277,-0.154563737154432,0.005536136943554292,-0.021282986077482476,-0.28805900547915175,0.002496518632992624,0.01901230218708616,0.051944422044553476,0.3867669933495322,0.015662836599229634,0.030536659051865554,-0.06207252307986781,0.23961366667039077,0.03509927381588816
0.016672060526574245,-0.02896347030327953,-0.022087391427372,-0.017282229325812384,0.014004151837451746,-0.02218769188957951,0.009459456683737915,-0.014436871743120713,-0.0030895373724346316,-0.011514589241002928,0.02325593772533371,0.002447283038689164,-0.008227968803416448,-0.01936888021959816,0.03510203616045005,0.002166726756544117,-0.018283792115214255,0.022508638520872225,0.012651854021744737,-0.0012900666990923373
0.019030832286098864,-0.04534329917875971,0.011392149101883776,-0.007592187643945784,-0.007345238865728174,0.007228342595732452,0.002890591380875695,-0.009289703013293012,-9.048569314377541e-05,-0.00900812260261792,0.018050677719997354,-0.024406322421601477,0.001992625975213897,-0.017004708872517007,0.03879289391426756,0.023140976682132663,-0.013742841977089387,0.029434527366495402,-0.01777545293093578,-0.011298508255653511
0.08512452897285236,0.4772782616895412,-0.12247263543044527,1.0543010126654617,0.3484102688711167,0.06604382166870071,-0.09908711853365106,0.3932062572429822,0.7541567906136112,-0.09484297810176953,-0.42658748198450597,0.28971891167060543,-0.006816306633895902,0.7923039970380432,-0.67652019997589,0.15900386834487445,-0.03732527202548965,0.03268160180192621,0.14878095093430602,-0.047127376085226845
-0.1339556621235208,0.10469515976467741,0.6168336121762243,0.052422996853605595,-0.0359809133618955,0.4832556156689155,-0.5544761264295592,0.21369009816102522,-0.013720651794084836,0.16885592662347176,0.3798906807853501,0.03564979702167498,-0.0004774623526922414,-0.2626454833835814,0.23557004090981346,-0.016284105647064052,0.13150152184902278,0.3434604582000105,0.02699037496185786,0.04269752079763712
-0.037838327575929434,0.010861357061733232,-0.0009698732600195788,0.007260283613376836,-0.052905625712494915,-0.011520586769411917,-0.00927754098306687,0.9749849700525911,-0.02569441028007548,0.04564682342056885,0.9444673212685749,0.009802272128929005,0.003917824950280735,0.12847115228266387,0.8866984119017995,-0.01736047324869161,0.012455095934410045,0.0033860730357729565,-0.019998966611213774,-0.2473250608771474
0.0065150372445372156,-0.008737401376206405,0.02111345005837766,0.0162924890479929,-0.003714480267424021,-0.022782793879376657,-0.001830585621303781,-0.026384070365594463,-0.03739378057693455,0.003766721874566377,0.04433576788093364,0.010065319889328999,0.0001095884084361138,0.02077470841312898,0.020488468925867587,-0.02391421712964453,-0.03086485257540936,0.008934208591641648,-0.0058197982884367625,-0.0012060530857776093
-0.5839014912909428,0.5836892525348756,0.13297532042538424,0.23963285705082035,0.6283204935373422,0.2154937167772761,0.16747967923649199,0.5807410889275807,-0.011329045128029902,0.3211327552377084,-0.5063964071048117,0.02597457927148869,0.40296910616143095,0.024651539197410987,-0.760458605784796,-0.306808918294107,0.7459213577463023,-0.7041202402677267,-0.07910041787114386,0.42461928580393216
0.8837286258767494,-0.6669244598805395,-0.07362652376460327,-0.38644231247346145,0.2303284816791019,-0.04316497107478558,-0.17527118840208378,0.3416874868140068,-0.008816972541165162,0.003990158676833927,-0.5122458720647449,-0.010828574983675744,0.009815227264785696,-0.5880915242548898,0.8234676991668575,0.0016957368404373254,-0.7518247760263381,0.35995595110623363,-0.006021263509717945,-0.6495750959180371
-0.12165977689166113,0.31322546436677084,0.798610638502497,0.051141685222401964,-0.273969044705714,0.47863830887757064,-0.6254669232689885,0.3025475773430753,0.000648292858346282,0.15719477458538172,1.1911565195052556,0.001578970126972114,0.005134109665197237,-0.049390486790357895,0.17071487471155775,-0.011533261545250046,0.08322466558023663,0.4905765273326845,0.02729711081057324,-0.18539796215131996
-0.0182691844787684,0.011043344288438598,-0.0028353310675799503,-0.0033792204997984913,0.0057810432614461005,0.015627339018453708,-0.029840932095807526,0.041684104954048784,0.000474500410359251,0.005730497921704229,-0.06361436542490216,0.015633956741082557,-0.003527124045769126,-0.00254005133131308,-0.01380600199430029,0.004519463794057277,0.020600033853494112,0.013710970241625518,0.02217369347999477,0.018169652906623902
0.02896485810692464,0.08143056117127129,-0.6742265979639932,0.011889876306457813,0.1539462891152709,-0.009042271692748032,0.3181830628871423,-0.01797282492665832,0.005088858326766755,-0.025624435914889263,-1.0233684309377722,0.036221119624219006,-0.01608504178038993,0.03391298564733905,-0.20786510135647393,0.03002843441825533,0.10954446202856877,-0.048384644337227924,0.7961151098661957,0.24078222481592845
0.018796208898598267,-0.0012164367251804638,-0.025108020212829707,0.0393762243969556,-0.06728531836691459,0.009742985689407754,-0.03923619689411645,-0.05597702867774171,-0.0016411221830539488,0.025307266877704744,0.07529636859521825,0.02639899814520634,0.005880009340208301,0.11541258489929387,0.5088342389269795,0.005292050218245502,-0.006135484214448841,0.05008224242236807,1.515473019919611e-05,0.0018095970511522123
0.011203507802587272,0.18188346767979555,-0.11412222285727405,0.014193825862345487,-0.08850558052829668,-0.00409202990488184,0.03773156479189112,0.10299131431114718,0.01584389544648945,0.0061332578863600145,-0.1074012682489211,0.010899934492395475,-0.0013375603262335745,0.15658763106732274,0.5688842516335639,0.010240699238195938,0.007854103147786317,0.047006991197275014,0.11037879254533554,0.03573428035658401
-0.020605988233151948,0.022260216659924385,-0.015979893928304085,-0.007970597591656322,0.27212018222745005,-0.006546171326335904,0.06254157408827657,0.15222668660032443,0.02161096758531245,-0.010353167629722342,-0.15276326486477165,0.012589844696505308,0.0014497197274453578,0.01406746988362056,-0.07343659897538915,0.012446761245534047,-0.003370364914033702,-0.12317169574328043,-0.004036726193087396,-0.04010047925510911
0.2085928901824042,0.6658553202367841,-0.10341094887151495,-0.09036351971961751,-0.7727297533672246,0.034703719709629495,-0.04766926525274817,-0.4702522059378336,-0.006359320998498951,-0.26389749256718736,-0.08154014929289738,-0.0021336608851218607,-0.0043693194760486154,0.8787136978673711,-0.7123550596593217,0.29443956917309483,0.7626522982726502,0.6892490300710854,0.297686693583486,0.10195576133880555
-0.08613925826767949,0.03396991386804278,0.15505176471237164,0.03047755316279009,0.0843108041922622,0.29516998950822493,-0.28897990661069745,0.9250407297221942,-0.0020653576534310526,0.08780010159670429,-0.013277419836252097,0.004138352351229014,-0.0013175999888772596,-0.19585972093893067,0.12402914096250581,-0.0075539186655705845,0.07398785141697317,0.15057380611439866,0.03819156090896437,0.0484388765926642
0.017172505104657326,-0.003606738011392345,-0.026423481926040993,-0.00944912594673179,-0.2751132373628472,-0.0039986475509774695,-0.07297438135493252,-0.1759850555281532,0.013586198146190616,0.003333217693088126,0.3138478588775339,-0.004188021098732218,-0.03231266890942431,0.45695233516485967,0.07775378549616438,-0.0007839187399244821,-0.008181428812006994,0.13543376009703542,0.007990273979179913,-0.029598004073486124
0.2646014356297349,0.17554476965585392,-0.04867488234515658,-0.11591456139349866,0.12364219344502822,0.034175624591803413,0.08478383563922884,0.5454759033751407,-0.023409159166267932,0.3336245772788233,-0.407931028574409,0.005984906891901702,0.07809069962486549,-0.04837424025965475,-0.1464997606084655,-0.06890547753998622,0.22912715025185604,-0.2711635243866726,-0.12625055337268476,-0.11811576525615128
0.1001455177588059,0.6683598073283146,-0.10536957280927324,0.224208382054809,-0.23029185641381186,-0.0024838374478370695,-0.14664731271289366,0.30359153009168793,0.5435846492112265,-0.10365990587455153,-0.410620137483815,0.0012788652834185524,-0.0022230724925347218,0.7783790862920681,-0.9428072018443393,0.10421422094534806,0.31566645953103256,0.2584094852983153,0.11280495911609321,0.16521539567466753
-0.997049912605792,0.5923240415004623,0.1854382560770887,0.3525986759147216,0.16620231119333365,0.7493328927074376,-0.7901496624110498,0.08368827024817763,-0.0823054439987721,1.2091313631499634,0.5248621080689809,0.43045666662143706,-0.023200447789041848,-0.2200925817923144,-0.15401351968778854,-0.012333423941428681,0.7574865690177957,0.15407928963905226,-0.3360618277587042,0.6222167854188837
0.014920471352450133,0.009381565087500505,-0.027080903216146514,-0.006285738601854399,-0.48934242927057703,-0.021786289281794435,0.8024747484973547,-0.31755525200931584,0.013252816146917035,-0.026030464308073556,0.5926198304102156,0.002092189866393741,-0.004550554221749039,0.7846431343055779,0.11663045175145974,0.017362901423101304,0.003155965563548856,0.2496475562031143,0.011633942990292476,-0.07246963577461622
-0.3601246549544433,0.24489150330025247,-0.023634921238055676,0.12517287436124527,0.030464204140557113,-0.006084191436983497,-0.003201231021852176,-0.08903361643167632,0.00355279519762679,0.473392854282379,0.09121498827510967,-0.01357193419071949,-0.009131690319147848,0.04539517961909797,-0.21923647036782162,0.032116387225634736,0.27944480955409595,-0.15141893581300658,-0.18568230631146784,0.28248848305400553
0.5307818006337235,-0.28647730593444753,-0.09600184601148996,-0.22010605387074508,0.09762354089208433,-0.021120221084158737,0.05444525358986296,0.2890737445540341,-0.0016334181227714894,0.09017726582340238,-0.27255165683199495,0.01266336201064131,-0.005247980228782245,-0.29879488678892213,0.4521309430981925,0.0076149576296475835,-0.43909840848712106,-0.07728182820501278,-0.01937042943145612,-0.3966746171093163
-0.005463620634318131,0.11746245143489512,-0.5396991987737104,0.023525124681881667,0.11631495825558671,-0.0037735422969175786,0.025418626202234347,-0.05389316407289773,0.00570189677622734,0.022572007893621168,-0.8460184291709977,-0.02227650542094497,0.01249794081756863,0.060640505083187995,0.6816175875443399,0.0010202767849628652,0.09973236767845012,0.4460497982505274,0.6544910038217855,0.23389991249557268
-0.791239843555673,0.5378026510452372,-0.3576422491375046,0.29306580777020413,0.289460140655705,0.013801156276102176,-0.31093913987444444,-0.12115108819021567,-0.039573262852066436,0.9802682329419367,-0.3048340076151634,0.01053673811959818,0.029707800846886796,0.011828813952266919,-0.5198781689488691,-0.028686291464646005,0.6248552600998201,0.5169629322032583,-0.06874324980099819,0.6799636628611124
0.006951587806992265,0.052960948654004227,-0.009717510359602582,0.01588046704899091,0.01768107411006859,-0.007548217929250788,0.008331678592073366,0.04945609894888468,0.0359585329109132,0.03653057416454947,-0.05184230829143856,-0.005959516420465379,-0.0004050444428156767,0.012507787801898651,-0.08047957939290803,-0.0027637490232394566,0.025264895945917343,-0.03505115093899355,0.00016652417618646075,-0.010825374976747276
-0.015726446641818017,0.060165498406020985,-0.24225471760824682,-0.004219776855082045,0.06491357732816273,-0.015146071446859158,0.15555331467012345,0.11759033735042917,0.016669924450808598,0.01815923392541023,-0.4234771865052743,-0.015476760916126018,0.00986786483026665,0.0008180266231565254,-0.06055167999730807,0.0009879781914458041,0.06599719086300904,-0.056794073014832566,0.30354547565620904,0.10830430501131426
0.003099371895812252,-0.012869806048336862,-0.008094012251054307,-0.008738782373667606,-0.010809687932391886,0.02858087531897927,0.32034134534170555,0.010320250270771759,-0.023603766720297653,-0.0015053663132384189,0.012619746379590029,0.02952479617519611,0.009911500346023382,0.02697905490599863,0.08656756405535347,0.00796709618128368,0.01641237250997545,0.03859710688724379,0.025496823690032255,0.00010500092814135355
0.02234388827146546,0.018709819341140254,-0.01231222812244023,0.019997274968197712,-0.03382452132570604,0.006422925662097812,0.008188740993968309,-0.006220803837496783,0.02660300596352794,-0.002540328991752892,-0.00028972672509186906,0.011724352492576761,-0.003459201978755427,0.018811638689990282,0.0024897914146309293,0.019452489482575757,-0.014279507752729235,0.018108739946739314,0.010126266594641935,0.027179542723646775
-0.0010254572166407683,0.2834878221013626,-0.03810896686396616,0.18387163276375804,-0.1794645255165317,0.00820592589828582,-0.23662868747228433,0.19092519791224546,0.43357070215591154,-0.04535692755641864,-0.1740205995190097,-0.002981115334538315,0.01257927976014983,0.3861641340881582,-0.4362798522496575,0.0762059540765647,-0.02236009684444893,0.41739486367141626,0.04246505768808435,0.08496649030018977
0.7633703281153914,-0.002585540566869284,-0.050174798949410924,-0.3293029811644639,-0.10623975230320806,0.014237752006604792,-0.05771114575154151,0.2798778085692858,-0.010121759598708892,0.010182930692631152,-0.4472038355453889,0.01761785018655876,0.020650719137026624,-0.008930221932119713,0.1149557778906103,0.013553991427488362,0.003465475283924809,0.045362181622353996,0.0038967123957869966,-0.45105989546813
0.7764827973992586,-0.3393595303718221,-1.0584552099823745,-0.3478965719122475,-0.6139316741953188,-0.024464602167973786,-0.0058115128934071334,-0.8986099478163543,-0.01059455417599545,-0.6090018784806575,-1.1572420182229701,-0.004840278099214226,-0.021100811113759867,0.37061117465073595,0.4812601041826525,0.7271159288294742,-0.381815946012387,1.083303959607937,1.5137157768421992,-0.09977604869956389
-0.45371311266052256,1.0597882536690635,-0.06274850632054149,0.17860794923888137,-0.3692202300863798,0.017266218631144116,-0.07829255213676038,0.21501343469287848,0.01460555285377471,0.5721721363502396,0.2810185949804395,0.0059779705407544655,0.0075875161070816715,0.7090484090953185,-0.5841050345374688,0.0018791976973392514,0.37277504830850217,0.006690580908496891,-0.19305718655173615,1.2955308960952996
-0.031342504838299694,0.755877701356842,-0.002564834243028959,0.0006931748818472855,-0.3925515669920194,-0.0009167098357816339,-0.11743823078327195,0.3271540892295772,-0.0026469158291544895,0.006089071266177793,0.22261544853316917,0.01693155614012726,0.012837512581497797,0.665727387964656,-0.28623767586544285,-0.02583017873006679,0.04482304911907209,0.17469707324278547,-0.0021686769756315543,0.0395207940615535
-0.004080982744015148,-0.03431275846380053,0.005948881644407964,-0.018790025692662523,0.021598447664851344,0.027194536839318457,-0.021174559307750973,-0.009858454603222242,-0.018616670216206183,-0.0025347641950722866,0.01733030965808387,0.000869354995423723,0.008309366467581849,-0.0592024292494837,0.03698365112787485,0.01307081300897407,0.009606040067661845,-0.00016519979887437246,0.006182093266277635,-0.005189417315539312
0.008792959387622885,0.011639310053270222,0.021511469044549387,-0.007725499438303793,-0.05447902820982628,0.015378586180587009,-0.06299028007223233,-0.03305309666961281,0.00618893733965697,-0.01469287701537022,0.055463378380101784,0.016421521195624948,-0.019344401267050955,0.01366429164596708,0.38691121731249073,0.022649269348152867,0.0018876823516134743,0.04868110600915495,-0.006626517716034748,0.026196159763566058
0.052188392916021356,-0.044376849667915746,0.009202011664465245,-0.016567709095667602,-0.002957965277214548,-0.024641164662039167,-0.022332987876897654,0.8820349529737113,0.0017987970909555387,-0.013774914648795213,0.023356388926669774,-0.011244793389582482,-0.021086789496761137,-0.012776664881487303,0.0462506044684234,0.03979157278893865,-0.031888274684540995,0.012720488710334254,0.014139454508596199,0.005215198528179924
0.027168393428466733,0.07970973827190815,-0.5758103944470195,-0.013784183229461325,0.09341603907675958,-0.012041358349784922,0.2644129698507279,-0.02604891846191027,0.02023899032270024,-0.02891366305219112,-0.8912830803386382,-0.009560359302037138,-0.01315465498283878,0.04137105069606515,0.0516883467982386,0.016475823510115638,0.09285710799575621,-0.02854273764011832,0.7164213445604138,0.24853323605967234
-0.010002088803107354,-0.006812717582781981,0.47931587968904993,0.0030588687568598666,0.28907463691164353,-0.0006106374572754226,0.09426028360829336,0.30036379813005426,-0.0018210809194944496,0.023392660917681905,0.21773705243595973,-0.018909060480314335,0.014264123671880607,0.047393762952208596,-0.049895761353214094,-0.015674108268463927,0.011710001529239055,-0.17719628929056888,-0.00624249536187364,-0.1423992539446478
-0.07359686490688212,-0.05107268573398898,-0.3356155488664636,-0.05154347531072665,-0.07464535270127819,0.19059756713618137,-0.2665608899177302,0.4866846945325371,-0.18169348153702297,0.09145560044230967,0.623282778032271,0.8434118114784739,-0.0015637164201491686,0.20601738806077907,0.13000742420529268,-0.021688907306823303,0.048879212873941605,0.16772024647721562,0.009547124653598702,-0.10714043337859548
-0.8242195132049904,0.4377647801336139,0.17737091599709126,0.35359896679870345,0.9999077056940088,0.2756767782538775,0.22632121898375276,0.7270150503732873,0.02715047884854483,0.4258057825959123,-0.6028951796353929,-0.012489442993072824,0.517857410945522,-0.27455315799939456,-0.41578185730523853,-0.3994256608917354,0.5927686162655663,-1.0342119621875026,-0.1473603091823571,0.5140789351414723
-0.004150081122551167,-0.009909136300122363,-0.0008886322604549426,0.04375165292835228,-0.009699358244614547,-0.0019012809440858147,-0.018454091306536715,-0.012358181307142032,0.021225848300144214,0.007764661274597299,0.0035965877333507387,-0.004742473986514844,0.019555644308261875,-0.004516103482490769,-0.02537911292982297,0.01583735788404267,0.006719394723234591,0.01509129550749355,-0.008918637782702295,0.0018214512628625633
-0.012828721743711309,-0.03309005984083443,-0.004019521995007344,0.00842931540942214,0.013835507967992194,-0.01517262225293927,0.006334973638720385,0.008882394425150885,0.00671555223389713,0.005230478134958232,0.8436432344114801,0.0009366169929146458,-0.01502636455641413,-0.02113422854730671,-0.022409593540269737,-0.0254931299932854,-0.020607987463189877,0.0006463714554355102,-0.00912007603980522,-0.27838693562318173
0.052370553376458455,-0.03684573509866679,0.21830142913812922,0.9617337034143011,0.38269978813984523,-0.00563924362724723,0.08504245354422445,-0.2659832270439674,0.013609377707743646,-0.052235144202714176,-0.045776175993779214,-0.011662305955053603,-0.0019307082628290343,0.009242806013212488,-0.8509659729706627,0.004126684183290727,-0.030193239830515025,-0.15243600476197314,0.04302775879956609,-0.1601906947020255
-0.005448434773887605,0.03248493325179302,0.00912453186961825,0.01150536606250549,0.028247628555524706,-0.012706538013759736,-0.016840631645673714,0.001768915846383362,0.026010239184857276,0.001786194254599656,-0.04607614876976827,-0.017651502701667134,0.016337067888220383,-0.020298842153305657,0.4283620994819135,0.005658690255135518,0.007894215153141242,-0.015358988182903252,0.007523837118311316,0.03135855445371953
-0.01519887956072891,0.022091973560782324,0.003243257328175593,0.00954142241372357,0.011367684698990707,0.01732921478747677,0.008477776501312947,0.024226160145293864,0.01889789010362919,-0.003540425335150571,0.0020403712167260833,0.003084382502993421,0.0005636612691729357,0.01768340716154718,-0.03406292721770474,-0.014022822308266361,0.03073835067571057,-0.00919310037718091,-0.033217649727015186,-0.0034583002770886134
-0.021097398502433456,0.08324160008348887,-0.5045863378529998,0.008279811301670739,0.17876994580900926,0.023429063748188983,0.28839524635362423,-0.0019865693758174163,-0.0005303419862942357,-0.0034304381922718873,-0.7876132831694128,0.005581492807459124,-0.002638717001696807,0.0259288235500137,-0.16604507505755925,-0.018537963974156774,0.10984927951622346,-0.10108511482140867,0.5963766481695265,0.20751489958469066
-0.34467731458375334,0.22377466821918177,-0.001688057551093861,0.15360023744150095,0.06828383264188416,0.01728882838866686,0.00966134183496513,-0.06389137764254625,0.006215842282861098,0.42045946527999556,0.05918251956782405,-0.00270852417140237,0.0016336362298520553,0.034141294213614545,-0.23143648398121314,0.011384999276260735,0.27252935291619546,-0.1216913322579554,-0.13877851743160102,0.2580160054272749
0.11584460088245349,-0.07825612479203349,-0.028677392123139953,-0.045762408681105246,0.06536257614593778,0.01507807602716617,0.01433874291923405,0.0828207124416522,0.027770776792265993,0.0129750459004137,-0.09119000193689944,0.027720959247676813,0.024711287263362927,-0.07331494311234578,0.1255458140410041,0.010258518828646234,-0.10051259865745911,-0.035827786637419715,0.01507786787055515,-0.09944827188882614
0.0026946032935622165,0.2654604287411963,-0.7362550735691202,0.06799227892358611,0.15046926489220017,-0.00034905965860101366,0.7735998021697069,0.09703285442693711,0.13649531512917895,-0.030616835390290607,-1.1791912641081306,0.016872932447843894,0.014492457659515647,0.18963327538214844,-0.3840782648454822,0.008002482542338228,0.16446961444072544,-0.06513552271919934,0.8938921655321612,0.310123695345507
5.26880111857412e-05,-0.007140661145114137,0.9397854852369716,0.01568290609455087,-0.35187660956843514,-0.00018509476050530696,0.12049158208084954,-0.013182721853669893,-0.007883000507940994,0.01449459160629978,0.9705854838375335,0.014536423044814535,0.006526580175905676,0.09873093398416687,0.0806265618688197,0.0050533066109110375,-0.01906813428786389,0.6931761036612013,-0.03811783228388852,-0.21602021106740185
-0.01891278153834613,0.11748776543382262,-0.5900172442493902,-0.0030501990208439697,-0.4093721362529408,0.03320143283064887,-0.09119078509424547,-0.3829083147089256,-0.009258965224400818,0.023688021139796556,-0.16078985257356815,-0.005489237652111278,0.010631480550693856,0.977875223801834,-0.03933937343323893,0.015117702696820367,0.164802376140106,0.6246359897471218,0.7182982470798297,0.22343417931521256
0.02047817033946763,-0.025058377229282263,0.015802476896825964,-0.0026596251223379736,-0.04833421949060062,-0.007296108679699568,0.009464766262099772,-0.018966609396909077,-0.013760561467653205,-0.00566729911022398,0.060344716989917016,0.011962417764559745,-0.017674647248649592,0.02904695338781775,0.01641967575597798,-0.0013002119564658058,-0.009319560823228712,0.03234236744634287,-0.014252479313973812,-0.00985176425086454
0.2782840220649783,-0.1875272641693469,-0.010384035582436594,-0.12445424140173869,0.09811883200676982,0.10394797014613462,-0.07414647109712483,0.15341792663168094,-0.014918569251703465,0.0426911598934567,-0.17322081059513014,0.017098731096829353,-0.0054366737707504265,-0.25497736543217014,0.31936140555613735,0.007381626488747789,-0.22080067812700607,0.03971238349518461,0.01168575437626498,-0.20456142820990725
0.15683460272214686,0.06927332123644507,-0.6965278585633247,-0.00722126391429392,0.24019225060595567,-0.011094027316353994,0.3561359879822628,0.13167508857294352,0.09752677472623213,0.025589521711769533,-1.239724737341999,-0.039634617442026863,-0.004041142180034939,-0.03717419881954765,-0.14299518140858156,-0.00764064039129929,-0.009889320542501742,-0.1345837567819128,0.8169722431730696,0.17364452967313315
-0.5190047837279141,0.2705275213832041,0.07413861927606995,0.2010887668896578,0.6966724809756393,0.18694666556833506,0.17261193001614078,0.5029875970090671,-0.02012714219369845,0.26657841595659726,-0.43097737982062206,0.0028817966867849907,0.38631262406368844,-0.1833162179983484,-0.3768796548507461,-0.25098504004160854,0.3683568505714493,-0.6583932496848587,-0.06475535079242108,0.33718631445602554
-0.6180014775742418,0.4234285989794669,-0.051240749843069706,0.27546259374798693,0.6198377292392062,0.32673063240098815,0.08324526316756363,0.2581237726148949,0.010205884963350684,0.07693680270909403,-0.7386366321867782,0.006515761133647192,0.6729717878437131,0.10279958492886102,-0.5978787294805651,0.013439383730536218,0.5909341531021863,-0.4147620683303818,0.3724884282283524,0.5663101516252932
-0.00484057693375399,0.028857913048125107,-0.0024154662758897978,-0.018198252609189797,0.0007970088248429007,-0.013935335874872778,0.023295489023086202,0.026030599259902282,-0.01104566641157722,0.031739361211322266,-0.01915508388132029,0.0004507547520877407,0.004725720407449781,-0.03599742160221941,0.01360819766180349,-0.019050331925341096,0.004185473881878024,-0.04159491181450609,-0.029992301177689216,0.015085771415813968
0.03647467420900667,-0.021044967777700218,-0.022477750730473582,0.00018772103980583058,-0.02596126446640289,-0.009521239593980407,0.9848117005556387,-0.06668353560273074,0.00960400721337484,-0.05087935654996842,-0.021769951743917156,0.0008660816706819274,0.012434202119101047,0.04053974764222586,0.0017174830671690304,0.034756293968433924,-0.03933705965871716,0.02833357228378485,0.05710825820410612,-0.014550075652697846
-0.02572456669177128,-0.00930218978990984,-0.08398758221317049,-0.004436107284011339,-0.5639800626776934,0.06047347003827881,-0.3127323820744858,-0.34106000859508434,-0.021654180572600056,0.01553596519538179,0.9069730499818747,0.19517752424119855,0.01054649007098332,0.9901630076518567,0.15752220860071897,-0.022476826322520904,0.008791621423449839,0.5698685937707004,-0.022327286274778556,-0.07703977754221689
0.7999466707370645,0.30367197778740934,-0.6101231940307962,0.13894675768231535,-1.7315593239141125,0.012396880280669799,-0.7807163507409054,-1.0094177683612424,0.9794664297091634,-0.977888993113654,-0.2263737906771667,0.009744568797230388,0.006560861491512004,1.6596306909103404,-0.41151173418112413,1.17024706777252,-0.4389172673736782,2.1365096812191213,1.1443769950990956,-0.007709963830669147
0.14737914183220013,0.6430703139152717,-0.19051729681223137,0.3690480463484132,-0.5223123736052676,-0.007995149737857999,-0.2847368852837266,0.2990522941114626,0.985736472464728,-0.17166761689121046,-0.3664795437920961,0.026996818079785604,0.0012361769375162507,0.9227070355684351,-0.9693033785993129,0.23002135685822453,-0.03970274256983694,0.5182883113474415,0.21737711995860118,0.16969220353156705
0.015832740200048143,0.7046108821183953,0.01020946097204209,-0.019251300093361724,0.22542621366451557,0.016904784628556564,0.051947302838276026,0.7977888114759903,-0.0029385907364791967,-0.014997146035369576,-0.140952336716793,0.007537803655308954,-0.0032665990953710273,0.6301025017184901,-0.43731297473829495,-0.0030605613912869922,-0.0171048374328188,-0.11746752524984673,-0.02615371500422189,-0.04827548799178642
0.02303302624499794,-0.02232123851643154,-0.004684320672848824,-0.009831608505419216,-0.14256148050882214,-0.02666920741116415,-0.021238536955917448,-0.10555561245904267,-0.020112861067146253,-0.046071090083297794,0.1517147504885259,0.003284346167844169,-0.008893092187480588,0.16105975134963868,0.056163970251963735,0.028228314929613887,-0.04470296625398478,0.1125812320594983,0.004487284569786481,-0.03713444129851562
-0.357820289567418,0.059505560317348216,-0.28731138670858847,0.05452436516638223,0.3062852391832842,0.29505064386314234,-0.4006036433413514,0.17821894546220662,-0.20969586938944668,0.2428292499657596,0.5260403615664114,0.9218079679643933,0.18708465076695835,0.09719961212462119,-0.015160502281370681,-0.17472500726869733,0.2755776421396699,0.3221815059012382,-0.0554975992251311,0.04281944004423212
-0.012540000609110577,0.8552408469123716,0.012670118528657794,0.004739170921640374,-0.4323056739694319,-0.006718341346604831,-0.13556428762292022,-0.01564010081739093,-0.020353198279890544,0.00795707015067413,-0.10096083743691708,0.004607952468423233,-0.024299566202780593,0.7396000651805765,-0.9645742118740697,-0.027674440881328113,0.9824390759063065,0.20388456514666425,-0.01673751214857583,0.20698347640551903
-0.6413976674447648,0.4713522686885489,-0.08689916077143568,0.2964596610994138,0.08855355789176748,-0.022258009766756882,0.061525341718497904,-0.15616509254609526,0.0008813501320678423,0.7927635935623444,1.0830359692469722,-0.01323962009671682,-0.006979170605200549,0.10661556182143633,-0.5330832805458011,0.007517432559876323,0.553074864217002,-0.3057574947779264,-0.2679356591763238,0.17312333509018082
0.02226796767548792,0.0026660565365661036,0.08574094462600791,-0.009152701473509463,0.6114510359961999,-0.02777605094422839,-0.18410994527675764,0.4046954982142178,-0.018790924621479226,-0.028291074206381734,-0.29995216122652263,-0.015580308305684347,-0.018043408878215917,0.030885623952499303,-0.15486472595962128,0.02262482114597801,-0.059162144990333995,0.38494720982504815,0.008342460847007653,-0.11814634618266506
0.012594473100208316,0.10085950538542149,-0.022510260931901973,-0.00913253691504453,-0.5991416122477854,-0.0017716742690568035,-0.14744120089781187,-0.33495297438398863,0.02127263781658364,-0.012655084580222327,0.7322954831519087,0.01215199801434035,-0.004717514884002394,0.9833642091062144,0.022563244194795357,0.013242400538298615,0.08509665370452443,0.3044822842260602,0.0010971749699089004,0.61767489706304
0.3972535986593771,0.4285747048620955,-0.26162845142408137,-0.13758563318881564,-1.1215901333011773,0.022473245714588294,-0.4417267857216559,-0.9115629629994396,0.004157955427881282,-0.5108831141404739,0.697602546543485,0.026869012119694946,0.006059545304631374,1.0455274958753584,-0.40353767698991583,0.6135243591593859,0.48880043957530056,1.2218772642404085,0.5677186394244881,-0.1791493298998475
-0.5955745611127718,0.29754584016561947,0.14377444449388732,0.1739061724035024,0.25024126656036455,0.9314993407772514,-0.9360049084905916,0.9975658913698168,-0.1506185289568183,0.6740372013567589,0.5635983379137501,0.7129085928605479,0.06968833835208887,-0.29722397289351593,0.15854828193716097,-0.08300342992259181,0.4862259205982659,0.33107182631564314,-0.11469507721233103,0.5237618024639087
0.03827115699170409,0.13563189667282807,-0.025624812785359774,0.10440497076132445,-0.1388732271302373,-0.011905487518470967,-0.031636965947578956,0.08489985059027888,0.255610621438971,-0.03670380518957392,-0.11686734359099729,-0.0024874873182282025,0.0062060654401927765,0.19705502672725117,-0.11244281705359756,0.06486060032030776,-0.03202527128571149,0.1173247593046219,0.06081412166649532,0.030256427546933744
-0.20405997052282737,0.14041111913411095,0.3029968819245662,0.08776157339902833,0.09349006047925705,0.548043227946183,-0.5848604450809677,0.24811559436092295,0.01182011996160801,0.19675321183245306,0.007741180650401159,0.0033851546538189534,0.008512922164556761,-0.32609172901986505,0.2238737823978756,-0.01953690947562562,0.144895154320885,0.32076876191763043,0.03665430321207644,0.1252907635465163
-0.005546616961616128,0.10993030697591373,-0.666898170640112,0.0165411137797419,0.20176518617583702,-0.008695169377845324,0.38662461734109504,0.01970028633298037,0.00029370410487428796,-0.008137937800148,-1.065904206022264,-0.019952151543673947,0.019387739578468132,0.03128168805295202,0.8009332143379451,0.02446553670170632,0.12198875513267998,-0.13852639290097393,0.7777169068177625,0.27902263981494857
0.2873864632959136,-0.07480879059615506,-0.7323383497042597,-0.1317291793361419,0.2950806617571243,-0.01870246167668755,0.3030517264845658,0.11087349386250844,-0.0015921815755589657,0.015062790110289895,-1.2800156420311626,0.002429744557645261,0.022860081852458733,-0.1264625015190976,0.7585662078672446,-0.022024660113512,-0.08975510794805501,-0.002517461705839716,0.8171638702645757,0.0898588230004694
0.40045418514226494,-0.07596025189080943,0.08904864396349883,0.3162325393706023,0.19009338375644097,0.037421643695709036,0.0163431884365437,0.06734241905820404,-0.014616027295714252,0.03890788964173776,-0.24362169421167407,0.02300695732830965,-0.00461254061629934,-0.07674733519501938,-0.33409082121907874,-0.03931888688502365,-0.05244462781848517,-0.09827253588029772,-0.03614564613050866,-0.3383180010454467
-0.42278079372136673,0.2943608577211531,0.10630797062260529,0.8579750682951099,0.33466099053421106,-0.02243003486701403,0.11633972161702193,-0.26646607761034735,-0.006471354705391278,0.508266709147397,0.031174791860487994,-0.020503659107108486,-0.01830243983216575,0.04341177941882805,-0.8783436488543794,0.00442101101664351,0.32134107817439184,-0.3375672799145642,-0.2213335164697221,0.2573637568090475
0.8678829093151768,-0.5758141713875757,-0.16441510969359452,-0.3277633286007664,-0.06593141882218259,0.016131338376007148,-0.09335782939213802,-0.009462184163293015,0.018949758117527072,-0.15534620482814562,-0.3396301086036484,0.008242980167193416,0.01812978996755045,-0.3091986009678002,0.7531825441913619,0.20172914033349262,-0.6468770588878678,0.30111070187597777,0.19579727121445323,-0.6056802147615161
-0.01562210374044426,0.01368905639283971,-0.0034631650276174455,0.00751010963561795,0.017455370596311897,0.017641786156500663,0.1260691565029975,-0.025487046074857578,-0.013260062330244776,0.0233607365251303,0.01731669007679338,0.0035015605177913653,0.02058691719908303,0.011388335731294193,-0.00936427428066586,0.0009321594503667388,0.0038013562426316544,-0.04285660301470838,-0.0015469376119680005,0.022463441966924774
0.5133118888145426,-0.36931602731799995,-0.07992540774546913,-0.2073966373736782,0.10197828636404643,-0.017935465600364346,0.023508062316766935,0.19153548555396163,0.0025806838530971657,-0.014162520118007862,-0.23089105530427032,0.02458310015236034,-0.005535870161174995,-0.26927126496225406,0.48964412852044825,0.010400383951438219,-0.454687739775546,-0.035201845994786964,-0.01308879758286371,-0.40758295821171814
-0.028633718845928063,0.05455219684243083,-0.22676943780758066,-0.0021738218683028648,-0.6216337338666276,0.2034881305255901,-0.2734619689792789,-0.7759850078945779,-0.01259811937096325,-0.35734966312666394,0.813766722025084,-0.0038459181289770203,0.38544005172526513,0.9740138142362491,0.06974653355455986,0.4987577390450063,0.15344508540694896,0.749344235990705,0.6758762189687568,-0.03984176776372933
0.006229580712913369,0.016475002088899966,-0.005124536876889218,0.022900993160599264,0.24617850565352906,0.01156921862185865,0.03227553832694333,0.15859014233834817,0.0029414752417311224,0.01393048798897339,-0.14356100823209883,0.008195281994139979,0.0025210744823325614,-0.008329252803969126,-0.05916169608092153,-0.0004304249197787445,0.004293843017328092,-0.08970242190401341,0.008626896509357178,-0.05022881012047341
-0.04106889970314068,0.5955853258036209,0.15650664608719198,0.7524997922402954,0.028063272420207324,0.010970466063509493,0.03644361596968787,0.15410835325752822,0.005902955859840168,-0.006198475548080893,0.12000217235467765,0.003028139755962115,0.008770607772239834,0.5405794817693975,-0.8898928402827113,-0.005202013987293343,-0.0024799484830774488,-0.024926920616902905,-0.004515545092607362,0.045236246743083436
-0.1592061666012878,0.0921135580890741,0.3510364363676483,0.09626608529028474,0.108181600263885,0.6713883577537566,-0.7168003093492711,0.28193757996581015,-0.014564449457231276,0.1914771632002582,0.008082329230713588,-0.001112235315573409,0.01937302639825581,-0.425628740489582,0.28449993603220913,0.0003368546588558498,0.12807670642083252,0.4404255315569532,0.07373560817016475,0.0815135478801856
0.03232574799325149,0.12851354410797483,0.008653916726472139,-0.001009399640109712,-0.5487896971044606,-0.02010375591887565,-0.1414527501342097,-0.23368196135895872,0.016713545072285226,-0.010404885194208941,0.6554179366638521,-0.007897635133632406,-0.04387113815173596,0.8446303417489996,0.6919454097932141,0.03221436315555067,-0.03980032121979155,0.31983911343696325,-0.010398632863879674,-0.03812234230989341
-0.01308630976119429,-0.014624528061807869,-0.0010305598210252585,0.020556041742080162,0.03083392115695191,0.00249564097802488,-0.4091640521585929,-0.009546947036739164,-0.012419775994679123,0.03235948404418225,-0.008322814606353776,0.0019411296331848238,0.008389805209789356,-0.034305613603527296,0.3370778576541274,-0.01576707220295255,-0.0174184451407186,0.7592311580478609,-0.008340188163146234,0.024288655969139778
0.06258368666828375,-0.026429768725621774,-0.004680646815332021,-0.029167938456011684,0.0035157782705698202,-0.013827614465420432,0.011295412401737011,0.49232272384003795,0.017393317136657926,-0.009708419372713458,-0.03945709896828107,0.0025995677953213753,-0.013094509116511985,0.01661920716467716,0.026772760548837614,0.0017146331610562583,-0.044794368397600634,-0.019991612303371778,0.023878338736289556,-0.018562733771560837
-0.09660983294195512,0.6435163119527815,-0.31281844005184883,-0.04469686862281296,-0.40768501564020915,0.2145580077448047,-0.3225942825447924,-0.09341651529890799,-0.1759943928491861,0.0967736711169243,0.5656997619025536,0.8407690476762897,-0.012503897350412343,0.7917535070993902,0.12929228292949593,-0.046082700334932725,0.8425551148212268,0.30524925537580916,-0.01675853422812996,0.031432430576195734
-0.01296585030083253,-0.031658613669206664,-0.16066362636446507,0.007516844383070838,-0.031176789253578238,0.08430916876653163,-0.11470099407060008,-0.06211195319684626,-0.0596965366761653,0.0349598655746562,1.053247505551471,0.4097317215551035,-0.008633028929519213,0.07787323817175468,0.07292462398397656,0.004570335903161946,-0.000570778418629939,0.06824311554470448,0.012322080178238435,-0.30284773224163036
-0.06110679248056697,-0.03906115322029472,-0.24959283520469486,-0.0325886307117358,-0.04946040027290246,0.16173981341794336,-0.16577182107114719,-0.043128671443712276,-0.14259639221433054,0.05158428272485143,0.523989467018221,0.6758910410663188,0.00963998144208849,0.17262893757839592,0.11486675571070104,-0.015888275308600694,0.055017833295008076,0.12181300016124816,0.007031894358911947,0.4486443312623585
-0.013134646602863165,-0.032896083993271666,0.033265039937063784,-0.0012653257689855708,-0.01631336487083032,-0.015339667118153665,-0.024089512033098212,-0.0252067518093349,0.005291472909323528,-0.006239871976718641,0.008794079831134765,-0.023613048867061386,-0.008286363977722524,-0.017154571789048587,0.019185319807698234,-0.01089083699826677,-0.008089045449467232,0.03341914494507896,0.005040225969568803,0.00468241501102275
-0.08963657088421909,0.19355175562106844,-0.7371237167020707,0.02688759478335691,0.3537764595569422,0.030400973384486076,0.4278128725153986,0.08568972253225612,0.00035383885778970427,0.0657828914352682,-1.3151228131849928,-0.00855146950249774,0.06878949587527328,-0.020735946495570645,-0.28169914122992556,-0.04137977503852888,0.21835582016031943,-0.24625894756336877,0.8895769501504686,0.38087280277501856
-0.006318135214646581,0.026940994940004216,0.12054219056219981,0.48610928108424034,0.23400490743602367,-0.013271603239533376,0.06681731283496715,-0.09830371879531288,-0.010946189957207262,-0.0023603429267729063,-0.0630870750884785,-0.014755859266757999,0.0056048998596870325,0.01696726980707964,-0.4918517414338432,-0.005413844101671525,0.025526300217038368,-0.13087062790676549,-0.004593342838882628,-0.04905820959665913
0.007863463241587067,0.04890727864688768,0.5139423327772162,-0.007132288733218849,-0.2455133350593504,-0.0331778305817509,0.10913045565526326,-0.030055777206834312,0.014191154897758969,0.015638888954508826,0.3371643849266539,0.017785446436963066,-0.02080739066167167,0.11072026574903636,-0.02144849859283544,0.02025831765724074,0.05177458478587716,0.10858911245540104,0.38655971527310706,-0.05093619315014749
-0.005343209484247569,0.10889601115624922,-0.7162186098882314,0.04464951555261516,0.1946665475589442,-0.01888254446197134,0.339416842052671,-0.04439684704329516,-0.0015415141590931357,-0.009679474040338368,-1.0981579367544756,0.020861686629152616,-0.014479561389028686,0.03830503457959282,-0.2024272796036105,-0.003985712947793135,0.1428988703509106,-0.09890597386227566,0.7993688232207137,0.28171114171616557
0.04092640486671694,-0.015535122762649553,-0.02089759435657934,-0.012250472511510391,0.018549028142995732,-0.0063766918610910295,-0.14440973850654243,0.004115017990313822,0.006035498573888556,-0.01651976464454296,-0.017979314134268565,0.005369403369857646,-0.007282894065805196,-0.008355141715112185,-0.007362100807204752,-0.004291510584632474,-0.017489258458750476,0.3013754591297561,0.010236558537810136,-0.01659291999538549
0.201979697885137,-0.10611569301983713,-0.35163752574164786,-0.09156236361515165,0.1447143829520739,0.012387199368037623,0.1674023177828644,0.07168022153073561,-0.007324579528180872,-0.025068332497252953,-0.6023461613668333,-0.005216598586736658,0.005053699787250644,-0.13867664985512193,0.11382491846935858,0.014656331276975514,-0.09967704854830006,-0.054815233978371514,0.3989479210779246,0.002315727667908666
-0.002440418086814552,0.028906568583378492,0.012980972780165403,0.026161544280145665,0.7634464356148313,0.014662893874737362,0.5526775728125726,0.4834514066079832,0.0016112204238094901,0.01595471728390539,-0.4677347055970481,-0.024821535610206218,-0.018139254412108733,0.0040236922322871675,-0.21023229024803877,0.0042149197364646125,0.02333899793144533,-0.35333794084018155,-0.01426218422666184,-0.09119534816052968
-0.006613631981304298,0.10668367151880213,-0.9356722519762141,-0.04318300812545149,0.25032344798164835,0.06878427211915848,0.30931144296656565,-0.00985674278587777,-0.05799196865844956,0.022291746096122413,-1.090682415775176,0.2937678236409784,-0.016245418691030057,0.0786412978724462,-0.1585313799779002,-0.016877470498279687,0.15605220151056326,-0.03516104411137948,0.9892557587772989,0.26785690996986894
0.018946217307828025,0.08731746114046655,-0.527845805368971,-0.00018412396460779177,-0.06226945755894692,0.02926442151868975,0.16845595647540285,-0.14576366173210828,-0.005677711339873378,0.006736418126922802,-0.4863730245325397,0.0059734693122163625,-0.01815274195289813,0.3889322864709902,-0.09621518100718413,-0.010706530612281434,0.10805486331023151,0.04929433793430505,0.6062975138935851,0.7075960881712081
0.3698508427136623,-0.16290936340977868,0.3577254046313407,-0.14294763637525185,-0.8992476578549667,-0.010591870705676095,-0.32665869750430265,-0.7187400310076931,0.017644193031168962,-0.42649518295504324,0.668176497760904,0.0005185059020096964,0.008964408790125559,0.47786294656331046,0.3533652096042322,0.5111233310070746,-0.20895684858281247,1.0066592441639117,0.5154573689777908,-0.2228578876379348
-0.1992264106515336,0.5988489525811062,0.024222694915173322,0.0783223506507718,-0.0437855030039829,0.06788026024501144,-0.009606252900629778,0.10936877762454518,-0.019142875285230357,0.10018169629180376,-0.23388660272098402,-0.010825363576510693,0.10507142002017232,0.38147097315943984,-0.7254360633882649,-0.08840323637773012,0.7167897339739757,-0.07554712342553377,0.00825072462968283,0.2424974535483303
-0.0038555440000784657,-0.039995859117806724,0.007755327788127419,-0.03639722561255085,0.06159432430604439,0.014288703894135312,-0.005653848217015596,0.014436706839039618,-0.016971219883248036,0.011191401586716358,-0.05428079772604803,-0.015468283159956287,-0.008445266968526561,-0.06375914824450715,0.03933380673075346,-0.007875736653875342,-0.00163548108155244,-0.03374909776516906,0.014550354178596379,-0.010630445441417287
0.03498459682526618,-0.01178757378966928,0.15338256608962939,0.8033673616606866,0.3175691257030548,-0.014413140719863729,0.08859950017232177,-0.18997883624555145,0.020110980391308687,-0.014404518288331551,0.6206671457586661,-0.01722098990604362,-0.03105657171326913,0.032240202859875965,-0.7738384821936194,0.013598616121263497,-0.003000196512577536,-0.1778890986858531,0.005775740330848628,-0.29281835938936607
-1.162159431457385,0.6830857106407882,0.2538632453500752,0.4771233830010931,1.5614774217546064,0.4049521694814831,0.048671221617184526,1.1809366515165882,0.023560413348186798,0.612100777075126,-0.965671750981662,0.00690591215985136,0.7693304022358868,-0.33901489594971357,-1.0118492961819905,-0.5868003305209568,0.9182071411911571,-0.8221062405043643,-0.15226640873181221,0.7553472588549854
-0.06645743621501615,-0.02867180897029166,-0.19944617320523017,-0.018309544682179265,0.8293331246826182,0.14166499737284005,0.7315471194925105,0.47975688649480464,-0.10841920809524111,0.057626436904030166,-0.06369720888261106,0.590968412664586,-0.026387841628737755,0.16877724132497104,-0.10230292697939246,-0.025467223403913657,0.03409632616579978,-0.31287274120933317,0.0048027851751546394,-0.19085467972041287
0.011028493967612444,0.013464712821195495,0.005230498086749383,0.009454261196792157,-0.024445474285066788,0.019634364670917972,-0.026567490757325674,0.011312764516903126,0.020455299572093945,0.0004591137979837144,-0.04286625898050414,-0.0033918342330416873,-0.007536375704329218,0.01238906839178453,0.014667292147199295,0.017825205392611832,-0.018939581537997907,-0.00023118284023161337,0.0058464435452950225,-0.0004701876912560749
-0.003155050922638476,-0.0005915408616371075,-0.023318269386719014,-0.0013436428830361914,0.030150229303316328,0.008473731706065036,0.010432065307121777,-0.0031002945082097082,-0.02592411670787363,0.011291310956754756,-0.035682844106834755,0.01710385513387687,-0.022047408520365252,-0.017802467887053117,0.001610383404956285,-0.032432806431758124,0.0021846491435894982,-0.03777578039366303,8.321633833785827e-05,0.021101359907073715
0.4435083131736864,-0.30487081463167587,-0.015748512391504054,-0.16690530798534753,0.2780072560566546,-0.000532400206484021,0.03824022589685684,0.2913206130395526,0.025072901939064706,-0.0025399127196788617,-0.3195100892461486,0.01712764618806352,-0.01678505750552749,-0.25253010616879495,0.32880856601658354,0.017418938885951807,-0.3784201069693788,-0.12296170807221182,0.005972692110005163,0.010401908755360647
-0.04502335898288318,0.03191127101205174,-0.00576712641912561,0.036009859396006934,0.09446839615656462,0.014137881411220833,0.018839177028971883,0.0837449785089298,0.02882911856379587,0.059490502574885404,0.42220271612584837,0.0018415911539313443,0.0029822750907938355,0.009840222658941945,-0.06757229671195639,0.006430416366641316,0.020064901722169123,-0.052143814778180836,-0.013479568490712357,0.11508737184641414
-0.013609753493817687,0.028808174641514053,0.12303705352295093,0.007857677775552225,-0.21352733010696767,-0.026347465752339254,-0.3751962294906147,-0.10686926422937086,0.005101644422125732,0.018419138309073303,0.342979332812133,-0.0031827212761158467,-0.023046277550861076,0.2969076142690779,0.4916472079911788,-0.03384930263942164,0.015582259369345902,0.7442304347069579,0.0004457405652356912,-0.03372036468322038
0.027155463222949375,-0.002633884265875182,-0.02109685525199331,0.004178352143773845,-0.03839360422966179,0.0001539825871046483,-0.0012005550380481834,-0.01844897577999745,-0.004697237145131773,-0.008661099167346134,0.00898136004490526,0.012653210626309317,-0.03144251931484793,0.04234388678109328,0.04788666083484831,-0.0039348867132090746,-0.025080922994086343,0.042856353605667655,-0.00881253647336527,0.6375504869272116
-0.027078279778916668,0.6352927407686714,0.011827423808325454,0.023618407348297565,-0.8170658623874384,-0.013405581554744039,-0.1879851712969969,-0.045879794168804555,0.007012164308758633,-0.0015185218370737442,0.8447402407282851,-0.0012815792955476694,0.004969699467784911,1.379242016980347,-0.1491248699208567,-0.016507324690294242,0.028308603655774863,0.40351671105612386,-0.028979432401783987,0.0059222975347871
0.18015211008130474,0.5040198447219821,-0.03135484485801951,-0.09301471081119883,-0.30175055957200425,0.012400906358604387,-0.07709209796346442,0.027792555598714786,-0.004794873992861161,0.050897501864513216,-0.19348036846370767,0.016966038683462706,0.006026257057657518,0.4400987998045425,-0.5488461404865524,-0.003332874971021837,0.6026620226701466,0.14785726662593757,-0.013081133015337205,-0.017611968439110254
-0.020021595464578535,-0.04254785475738095,-0.11402070520211349,-0.010136719188325073,-0.005987830741238067,0.07779546781931829,-0.055699448578116074,-0.007529471677960043,-0.06553841443647797,0.02221776944739272,0.23199899414774103,0.30106370910149327,0.024255767662180076,0.03286393459222314,0.0708113399195938,-0.00685195495159009,-0.009109200499386521,0.06483685293592271,0.005865254014930717,-0.05858993620012115
0.045120896787503015,-0.018975253769544276,0.7751732533129561,-0.019105811321172998,-0.35300705073451516,-0.03914334084779518,-0.07347089203965763,-0.032737593119694236,0.03661767644975027,-0.04718937116160257,0.783752108556779,-0.007300099570048162,-0.01071302925189887,0.11672167823865319,0.49354921759367304,0.030580641664183138,-0.04356898958607956,0.18725035247593258,0.0271588854259815,0.13826056854409663
-0.009265401613613295,0.015474974881076815,0.30706931080257255,-0.00020514307703909903,-0.12570061959765477,0.005326525611542148,-0.00902681444516646,-0.0033141366579438787,-0.023935864329647463,-0.004800457719930352,0.3228430991965559,0.012367887238940027,-0.006143208412528458,0.040956909911218094,0.023258472840692452,-0.012037143466045376,0.013986232883663446,0.034999406570243585,0.0027943457681242705,-0.05269295470838912
0.017000185758414325,-0.039471363135029955,0.14589213984328192,0.6653323396732019,0.9733146861153822,-0.024464423618763942,0.244184783907035,0.25021292117598337,-0.02075162628414446,-0.008145622867018847,-0.4345163160087854,0.006437964328588145,0.007691543837436046,0.03739765939103479,-0.786787033634551,0.0334382151538717,-0.03053617695277487,-0.503211161195871,-0.013422259674414842,-0.20272748919122363
0.08570730461689535,-0.040832364668994134,-0.07687785112098915,-0.0361597192466301,-0.1585509501711867,-0.0007405488856908286,-0.08118544470277544,0.38599028318174794,0.0030417516839135296,-0.1276359014524761,0.006457443572408549,0.028258028317381993,0.001855891790729659,0.08219766670922783,0.09466448847016477,0.1332966861018909,-0.04563519347729978,0.2359517448268561,0.1233529721161534,0.5979843706846015
0.6468707234878112,-0.2659481084300235,-0.7688540304866397,-0.2736103084457057,-1.1049076906632562,-0.016775180877074296,-0.33161963426392566,-1.331124282715863,-0.006895500013429552,-0.8031517458098759,-0.38767072340354153,-0.03313557000940287,-0.014048127279262789,0.7305021659394697,0.45749833083905606,0.9508527284992382,-0.2878682042487622,1.5946653405757603,1.3225607367769514,-0.0571538377092958
-0.13482476975748672,0.23070111437916527,-0.3313290825824121,0.021084063829539958,-0.08655993492903166,0.5064252793075094,-0.23878005253005716,0.009457737072230467,-0.0038911713492379863,0.1699347869012887,-0.6699362071303447,-0.008341070370863533,0.00842240406505116,0.26977419400387287,0.08239459076182887,-0.012450486942514643,0.29642546699780165,0.40961455821390913,1.0032191112247544,0.3582166193087276
-0.029157965063498298,0.04377779790218586,-0.03979471236452246,0.6277275525051033,0.34226718650846644,0.032852886404245905,0.6015641169173304,-0.1345589410479988,-0.03690650525654567,0.0009884367254201576,-0.30879982461014577,0.009833785613126343,0.0050432815434769546,0.004600905643929334,-0.6137542641558467,0.004460087187243766,0.06649502700870169,-0.1402328211802727,0.20032358161783206,0.04777929754115573
0.01085493004128108,0.023039685194215342,0.010443279164643687,0.006008080392009866,-0.03486157421804501,0.00859674605012807,-0.026763804820284266,-0.0319530888336535,0.00740490256776485,0.01799273500408738,0.018481310464294656,0.009029927744739295,-0.03424045160682433,0.0366498443033821,-0.02530238833554615,0.027388006812286408,0.007414107871956571,0.038460752551543756,-0.0030499291219921367,-0.021345590808643525
-0.5195421673579059,0.3251886920736419,-0.03957558199106995,0.1854811111919334,0.5008215053967362,0.005145046325386066,0.2800375864700671,0.15730978908227797,0.007112872179430493,0.6454604570652366,-0.13719875259043737,-0.00027908303528098935,-0.000729524044649332,0.0061245996355637575,-0.40790452302330676,0.01698099923647152,0.3779560261087767,-0.42825559172480787,-0.26285654537234726,0.30035304363293136
0.8915425888385837,-0.5854235409610326,-0.24733310779943396,-0.3640902622865845,-0.36066823251729196,-0.013203584017781596,-0.15828852453666983,-0.31206673270883023,-0.020076576007145276,-0.30346596827134226,-0.25430303869625603,-0.008419871362787722,0.003674175036946341,-0.08697867603951469,0.7943241704333018,0.37560733247104555,-0.656914603620568,0.5504819553544396,0.3873438391800446,0.12354061216093905
-0.22909609356108615,0.14726295654936186,0.4586763892351751,0.108153170185159,0.12529530757183385,0.7909914217808599,-0.8402926358498138,0.34248832365004994,-0.009058106966366043,0.2399315556670559,0.03189465916698755,0.009260847678235044,0.015828558685674236,-0.4962224104721769,0.32321270935256,-0.01766033729290819,0.18066083420642592,0.49364354540997707,0.06037579201369685,0.14169192060715083
0.4476303873945937,-0.19113721852519494,-0.31152139652846805,-0.1600650177806814,-0.8805228798321291,0.007798200423624416,-0.3321401265821652,-0.9460221118154396,-0.0016914814434283373,-0.5803794240716342,0.12059813768943826,0.004693547916359493,0.024610054057091164,0.5474078266780007,0.3719230268450959,0.6816378755620824,-0.24392587438041335,1.1485790050069442,0.678053351278996,-0.058733493610734655
-0.30645174242079926,0.7360482156014738,-0.03992128355012992,0.12399406080182664,-0.22788978558511047,-0.010942446096080643,-0.02729872453403131,-0.08626377662644563,0.01022928458543185,0.3549028580448109,-0.06454560003729454,-0.03321328788506864,0.023963863650573906,0.5018535721514429,-0.647260033550574,-0.0024749007045798506,0.8000003014143909,-0.034779960780385547,-0.11576731355818526,0.32208003357973924
0.013943650957258809,-0.04710133297648021,-0.13192289604177138,-0.03880575582494592,-0.5189022769722734,0.06251813728564946,-0.19514689691474849,0.4989680487004524,-0.06312260783792124,0.0033113152339031707,0.8648726713440487,0.2852074575737432,-0.017552585752335217,0.8394254115368159,0.1943487156613261,0.025357991874188718,-0.00530893229862083,0.3202038715598251,0.013199631192154351,-0.10032300948002244
0.571842924103434,-0.4069773010697968,0.34457896751990735,-0.2406173155975859,0.20746748267870796,0.6596292602693123,-0.30985831044813544,0.5765963517676128,-0.006369611505911761,0.20265365319444967,-0.32890835457704154,-0.0008691583027469126,-0.003601849809031749,-0.8402060275716103,0.9703795051170414,0.005852811288713704,-0.48591553785622627,0.35002147881458434,0.06405793769519018,-0.4778006454652369
0.5008052592388733,-0.21458030300698688,-0.005845591678845923,-0.18609502057646068,-1.1877588678228042,0.7852295745071207,-1.4103551827023781,-1.0807972422424619,-0.003162326412046303,-0.6006799401297239,0.2004238471718496,-0.007013304339756652,0.015106146240071169,0.32102748699039196,0.9309740550687007,1.0163296769300159,-0.24065100535424652,2.2314562938151754,1.0654316532349635,-0.07822376408842797
0.03797039920683602,-0.042779501322097076,0.11672387452289736,0.49091214612731177,0.20294512880952456,-0.006365629457681676,0.07511289337765793,-0.1599659665507903,-0.009935484072891118,-0.019016498121570066,-0.03778586969528573,-0.017499837712752216,-0.012152318378824793,-0.031351812444789004,-0.44146981110661115,0.004836045736939262,-0.026865140773479422,-0.11817381416442792,-0.0046047963417262874,-0.0802749447284759
-0.9496381761934516,0.574837491418488,0.35038913311024944,0.9778755558995645,1.1603699405305479,0.3876674950654985,0.26636549588466585,0.6084482712362221,0.013932637427069378,0.5151251605619351,-0.46041294660661275,-0.009254920806297457,0.6455744614780189,0.11818437496725313,-1.2519064560289723,-0.4909327776038637,0.7640720426587178,-1.1841286736555534,-0.08385363690633221,0.5590613163865857
-0.0021996974050688452,0.007516460915608101,0.0049624216513620934,-0.0024536954191682783,0.03687265191944832,-0.005839398918261798,0.02127300066211919,0.02417095771303907,0.006805180366213973,0.0059848822772453954,0.16518479915082993,0.009026740634431868,-0.0016662098508488914,-0.024682447936755263,-0.002393310678242634,-0.004927927865697254,0.00623449799083556,-0.039132452576432,-0.028265521268957438,-0.06954919836726993
-0.017050258501031222,0.5191581300549252,0.004370768224992924,-0.007078191964293867,-0.26186515212743583,0.015673766369131193,-0.08363683601340585,0.4771375617839756,-0.008340179036593853,0.011235754866426013,-0.08581527948538199,-0.0018893991229214596,0.01739241706131779,0.4202087454617335,-0.6101867909822892,0.0027056199795362163,0.591087630494727,0.1261975108010102,0.006603844331724772,0.5744262829933117
0.1842153747601827,0.3353017418982942,-0.15972779215282046,0.1918489385778462,-0.46099275414393254,-0.0014944149139945687,0.2747041949820623,0.04973432439907699,0.6300178359838734,-0.2357384724515303,-0.28250441971530454,-0.030675057311311996,0.021325857721315185,0.6517074518968528,-0.5294565593467387,0.2539967323823045,-0.10088543365808521,0.5021848471532021,0.2745623322394571,0.08474242404876296
-0.7428159455661072,0.47152634194872084,-0.055796249015114915,0.29513394221662076,0.1432869941177256,0.004307306729712244,0.0737379618430915,0.4209590719446642,-0.009056058140450358,0.9359914511248554,1.087198747075322,0.00868202573431932,-0.002751941415040946,0.07168362110501551,-0.11157768397187687,0.015275410194176081,0.5520138023548565,-0.36923978624198833,-0.35221614055281014,0.23648739893611054
-0.02088553990045765,0.21688995911142803,-0.4163653334662199,0.09785829555806405,-0.2982738921423395,0.23290836561620518,-0.3768037755210106,0.10461219336568084,0.26358749789057956,0.00713732167323128,1.5206901692134651,0.9794865678487037,0.01569100077477911,0.623639228216134,-0.2840151716682215,0.06791151250196714,0.03891404534931406,0.385652038810141,0.11831721958331465,-0.38722643427043574
-0.03499898271375345,0.030822477070029844,-0.0019231328363594358,0.007870058542790114,-0.4208068429301767,0.006149156534876623,-0.37770338461682756,-0.29116218992840787,-0.000981345673034352,0.01725421102519808,0.6103708686818378,0.011887724104600376,0.014939092947654761,0.7624954295257972,0.09526641698803408,-0.008757058527385276,0.021381481414118775,0.7122899593595953,0.00599149179173341,-0.0032567657659900474
-0.05282440491227537,0.43444662226913877,-0.007580945163877346,0.015814869512910182,-0.20546229495313525,-0.00659496750220566,-0.0627268859223542,3.0330634225568184e-05,0.02628440842828824,0.03294667069723661,-0.06676034870593353,-0.01414993942495299,0.0215082838516535,0.36998382888300685,-0.5475894354683989,-0.017410300139012437,0.5000000715003047,0.10870904272491239,-0.009318214559914082,0.12573972260847208
0.008695962741565118,-0.02952077351527588,0.005228809432253434,-0.013306474245092882,0.4842216370418614,-0.021000446816981988,0.14827555749351037,0.9516075806553081,-0.014028055946620722,-0.004110138636166872,-0.2562893833962817,-0.021739198149559432,-0.00797232713531541,-0.01415781348175045,-0.10124077727757269,0.01339531859200354,-0.03299962688613445,-0.24170258234120603,0.01118491313278493,-0.08283469426254753
0.014590983429841685,-0.020602410731940836,0.15317181627244048,-0.0005409039722985365,-0.059424476213066034,-0.017223016724010155,-0.020383201377038508,-0.0033948309148436016,0.005094844358967444,-0.021605624508728,0.1519065455359485,-0.0047302607033970125,-0.020101290173119797,0.017677144420789402,0.03591137769950813,-0.014667988605196507,-0.021790018460636676,0.0390476636693416,0.01979228600616085,-0.07708503771567937
0.4575226563372802,-0.2691750236597253,-0.35697805992769055,-0.1898764784918402,-0.9423771155663917,-0.007117878564778701,-0.39196924542632994,-1.0445927124962944,-0.021454252328305348,-0.6133890554440036,0.20018065521309858,0.037770309916611546,-0.008018494729235662,0.5525197430244243,0.47504951581460053,0.7390635574194191,-0.27910869850568937,1.2372226265625241,0.6895927512460355,-0.16318136532344896
0.008909459785061498,-0.011950405748631885,0.014900871547298864,0.005053896674203235,-0.01993742457835274,0.0030630504936053396,0.6001626398717325,0.005424748987891611,0.010852281271013713,-0.024487501256803927,0.02534867365960384,-0.016909629533350488,-0.007068869603283666,0.0007343800773243472,0.012678776149188498,-0.01108202772732509,-0.02269661012271262,0.04504438815333836,0.010033306526204194,0.47931307287344904
0.029734382558167807,0.027381190855461826,0.9498668621019057,-0.013592800790854754,-0.4075846982691726,-0.009507575529812993,-0.10386815823074008,-0.0019330320374448336,0.015031579861276831,-0.010186322746586561,0.9995702762704144,-0.01136049397929567,-0.011850287218297397,0.14506384752851087,0.11749122382340721,0.018389376491287447,-0.013815301283465318,0.23090306318569867,-0.0036298527830553543,-0.19531404217612977
-0.7756267880095064,0.5096578493930727,0.3619266890324017,0.3294558038671582,-0.05898147793193934,0.0013551870231094123,-0.07902130767490731,-0.021808660502938577,0.01616075277888216,0.9182448185447167,0.5737080424817925,0.027783069846333476,-0.008972795275043209,0.15674372545004644,-0.4925738957812699,-0.0073261658726757935,0.5514888071799351,-0.06279973846094797,-0.3557535640286416,0.47821467145848223
-0.5165397318708074,0.31182775778229854,0.10252143870411703,0.20830351376035042,0.6089750396148448,0.19724548806034425,0.11716909857643226,0.45841094133287746,-0.002883201913969987,0.258791689819906,-0.3761442857276882,-0.007488457931892728,0.3317906226499082,-0.13657286771286345,-0.4442132005089108,-0.23547687125474065,0.40700413452092854,-0.5916081624198342,-0.06105758386191663,0.3399177724736268
0.020357341718717354,-0.026799236480964706,0.0008593329678339134,-0.022859898313817434,0.01278605535278688,-0.01065228987443622,0.027949634933095987,-0.01426656719079808,-0.0096049867420325,-0.012232908972713905,-0.024111926250907627,-0.016681382870072172,0.018842267080834568,-0.017709045546539418,0.027747105378745224,0.00477872456763268,-0.010547497373713513,-0.006372080595172594,0.03333606562844905,-0.008464327556019018
0.02822054894299332,-0.04224108043271043,0.026566350654124302,-0.005546156360096102,-0.0645327987944471,-0.012425452103428642,-0.0017130037760728091,-0.05869841461850721,0.006367968852950917,-0.021217255222726338,0.057736192371924185,-0.017781271712302114,-0.007148731924186038,-0.013454407132009414,0.06235297618263422,0.01831371978393962,-0.0261804489794959,0.05487384721385899,-0.0063362559296810785,-0.03247974747586881
0.012839025624594002,0.019675657022024007,0.07858471313370147,0.46900279855186816,0.16729425801546763,-0.022786123551312595,0.025093392078820796,0.32067182855384996,0.013841174912102686,-0.028369764982714457,-0.05944554165166486,0.01635208572116564,-0.0105566911097574,0.04112082422474438,-0.4583259423040851,-0.006328382947001693,-0.0016327272670320532,-0.06202516350188938,0.04176459685637428,-0.046643498259279
0.007448902042966952,0.012878782221143206,-0.016293198155598387,0.014032978481628376,-0.322519070548201,-0.0002643729461375031,-0.10001039763458666,-0.17806634605906735,0.002071946605129835,0.007767954865755203,0.4223004168742289,0.03395721226618716,-0.013069709352884979,0.5095810357805132,0.06967595237693897,-0.01042740649834277,0.008874369565360698,0.16011697381004442,-0.00564632834518965,-0.032879567264628415
0.47117422397815123,-0.22306532070939855,-0.35844157660636833,-0.19374324533016393,-0.9320368091332013,0.02838135188941005,0.48560240732363524,-1.0579868390274771,-0.032004035436322555,-0.6027060765511205,0.15229418438490283,0.015150539897641556,0.01798019418362444,0.6028649657907053,0.3995718255192869,0.7167835977691848,-0.2707556232139753,1.2422915403363026,0.7395481497109887,-0.11992848046168288
-0.026919726736215243,-0.005505539586063524,0.01076035101822289,-0.0015225887799960244,0.032301541520507654,0.018868275236542217,-0.02297024752553914,0.0315755337349406,0.02689968163482901,0.010282841622087082,0.024703672816673194,0.020778266642748684,0.026489323641028684,0.0014262195998124283,0.002640334884400506,-0.014673332808978477,-0.02531000646572904,-0.059494417803886826,9.188129744419453e-05,-0.007865836696834182
-0.021101844155443736,0.005300133740912855,-0.029239533630411995,0.026860386778560476,0.02214931826630734,0.00020749205788114864,0.01968727262962596,-0.012367066166762114,0.01179164909018133,-0.015237983304663586,0.3758247009132809,0.00036781171817025114,-0.010654965772189854,0.008745601751814578,-0.017855914399264244,0.029108262645908763,0.020612846754657327,-0.00963154836658682,0.03114005378869416,-0.13892542588724327
0.1863684478526959,-0.04430774700815321,0.6406147356040662,-0.06298897468873996,-0.6796144268001929,0.0013073083563981314,-0.23119081124698584,-0.4326381039403007,-0.01756607506451863,-0.24603980931476382,0.8577443122149407,-0.012270928375721848,0.025497686870098835,0.3837818871787302,0.16435115790111712,0.27893361306170816,-0.0634767634882521,0.6572428659823015,0.28177601827951004,-0.17883210831895377
-0.002694653133094713,0.013343730373153645,0.014112665494064399,-0.014375275910837175,-0.036120672283016776,0.014836643798635208,-0.010335568203342192,0.02464170474890467,0.015930213133245195,0.004402990054160511,0.028104919942429196,0.026419630581423534,-0.01310894999549201,0.02963030707295259,0.00190706586691319,-0.0001585886469585691,0.009722967420626187,0.01988708964002552,-0.0023417561225762195,0.007408254048390092
0.03547170892623202,0.007555080752788869,-0.15935653019414142,0.01265423631494747,0.0019016855138979944,-0.012721631435587463,0.03430910322007605,-0.0396872319109629,0.0018306177369635992,-0.03954432109929215,-0.22563298557182498,-0.013581670737089211,0.006281403960968605,0.05743407071616421,-0.03972683029804683,0.033242408454219656,0.010011433653153157,0.034612149768816096,0.18583882948674357,0.03421805038928843
0.0453321029784199,-0.0006681463022278648,-0.03550834646595373,-0.012816493660425192,-0.06899233613179057,-0.023213790533014856,0.014933734813426856,-0.016451183608000672,-0.020699677286890927,-0.013684562091206838,-0.01152543777369329,0.009938407351312397,-0.0010448744384059763,0.030165041908454072,0.03217889982896553,0.021151386844190274,-0.018963182300716065,0.033567814658867545,0.040451080167344104,-0.00371856466776857
0.004430847963497977,0.0010589760345894959,-0.04211998796955385,-0.007547239207118632,-0.016236959424470815,-0.03159131675914449,0.5980194754171174,-0.02078089044027223,-0.02396498321011717,0.01253959905125807,0.053432388122430806,0.008136997668448474,-0.03231034212882931,0.01860755546033557,0.014043833185059824,0.006214280838927453,-0.02769676521339201,0.014257189573003044,-0.02499286269406476,-0.0012739961632455372
-0.021837120054186112,0.07200864413656777,-0.04228828172420872,0.01926866657365879,0.010009213638880979,0.02649023038952991,0.1696607705452109,-0.015941632636858327,-0.006291208761035295,0.013211528000316943,-0.3130039878282828,-0.028282381909814004,0.023090395831958495,0.04271732216254566,-0.08233533960643519,-0.01933423347080467,0.09672638548299947,-0.022862906279243686,0.48144892521948385,0.139552791229635
-0.011229506589644724,0.14944052503306524,-0.051528991956700826,0.8706309481803576,0.36839852794879835,0.00979042494485849,0.39957977363367897,-0.2303073638946809,0.000756691229712763,0.009801907579584955,-0.7004958765612525,0.009585820758386255,0.0062301646628741365,0.10264735953163816,-0.9642597761060474,0.0199373320299229,0.16544757805550173,-0.1742845416124109,0.8365646206245207,0.11978541764767821
-0.04357991732566659,0.029568406748645387,0.009607219336544792,0.04769653483628677,-0.5279894702268515,-0.0213308273190375,-0.12094803278415057,-0.3318912487713717,-0.011852320637800015,0.018309250226466213,0.7706339566434377,-0.0001249948616675288,0.00016380696643788877,0.887050249982899,0.10604299397448555,-0.019447430096636725,0.022569680692576158,0.217133737493482,-0.020743531867022123,-0.050604764598384
-0.05555821449045001,0.19140569673033353,-0.45602229895632196,0.01659913581878141,0.21211166883941598,0.3648589582833656,-0.08313257576572662,0.14397467162720826,-0.006705923167591591,0.11130471115726819,-1.0555490326033685,-0.00022615945194303516,0.0014493160643459205,-0.17609830595869158,-0.01024817202400889,0.009265078463693822,0.20191364501480935,0.15857873057279354,0.8370908703072601,0.33380395539180346
-0.22363677501534748,0.16268798079463068,0.4442753654245479,0.0869689215914238,0.11298430766572831,0.7819776161843944,-0.39413002291360427,0.3347095950797747,0.0013213117167688443,0.2617484540027202,-0.015305717074740653,-0.018865951337585164,-0.0021603766367522207,-0.47831282813664905,0.32973022192489637,-0.0048648164709850904,0.20806169478523018,0.520060525950618,0.07093580033054202,0.15718618135158027
-0.03696867999313642,0.11211045026423222,-0.3965915224056784,0.0191597923600997,0.132672639372806,0.09963593370105454,0.10678885706446416,0.0564167561314218,-0.0011238496556044305,0.048892008735453026,-0.7203462839325812,0.001516689907354923,-0.014026470767997491,-0.04158639336952863,-0.1014974540607344,-0.006417956736978171,0.12847049316672832,0.0036803838940056618,0.5507729711811694,0.17910810136942173
-0.008792767401286511,0.14718030391193243,-0.7702386836034255,0.021453628056475743,0.2518847727643608,-0.012874102734824845,0.3907866982462943,0.02489231483546947,-0.01444129103777847,0.02451254582869812,-1.1932731229284015,0.024471554252741213,-0.004256697210739622,-0.006361148205618828,-0.22351998966955572,-0.030800858677573744,0.16564585652917066,-0.15324946958728933,0.900015742541781,0.308432319429045
-0.48332309539587665,0.36896979604976615,-0.013747510686595096,0.46825897156554686,0.151123888327961,-0.010385187410578051,0.04229921754140888,-0.14660513621797805,0.08565320263247407,0.5918285939090787,-0.023098251674491945,-0.019480221377680733,0.021211334160779746,0.11209826967939195,-0.6073498325721274,0.02100092744056631,0.37191583535572276,-0.24564139311270353,-0.21819015564981203,0.3719067303476816
-0.38142634907510437,0.3247828372799107,-0.5542865905966153,0.1401863420594175,0.2184320542839054,0.0043723898594318356,0.31525596397692357,-0.09026344026576556,-0.009904946721221828,0.4650884328577102,-0.776911763405885,0.016519893075956044,0.018193992526520437,0.05661984059227575,-0.3958717724290883,0.00015202111185108527,0.3869494046452127,-0.29356414730596303,0.4297985791434722,0.48811545844752724
0.81872366897937,-0.5991896701731589,-0.05088584968639175,-0.32739687005034157,0.19491856304917005,0.01380344542189872,0.04239886108597024,0.30698978060295706,-0.0022189041379521114,0.029931015646850443,-0.3829930482560053,0.009429465755297683,0.012271938143204415,-0.5343112119458575,0.7282105568074179,-0.0030969252145024977,-0.6725595430908072,-0.08141966835861213,-0.022800818220942775,-0.6180207042502769
-0.1594033779399618,0.9286105553326338,0.45306511331257737,0.06783214423295555,0.1796537434353484,0.7526916736765208,-0.8219370361563323,0.7674092883457588,-0.021118335383345233,0.2240501219141115,-0.23699562370860167,0.01695477144592538,-0.0031752869208441347,0.2722714778541468,0.31740253219516446,0.029440842938415257,0.681790272338743,0.49749220475441924,0.06628691200467435,0.1425058180943569
-0.004118468863756645,-0.00026861438027215353,-0.009308528704559747,0.006453043718701127,0.7225970323957971,-0.011465627026534373,0.18341469779306194,0.46223716129252657,-0.009983942073086364,0.010650017031852118,-0.44912507803431945,0.007384185438092234,-0.008128353560732006,-0.004178562664261857,-0.15342692574234104,0.009936435923331866,-0.008339482497961117,-0.3300053999366858,0.020479047934866403,-0.08729884490254505
-0.10758934420982681,0.08145683303497346,0.30129239609695085,0.049408193533084704,-0.024503704021458638,0.5301596141613558,-0.6055228166917769,0.15262728514706025,-0.003063807829452307,0.15162581751976603,0.1450549056015022,-0.00217940996008717,-0.02106563591413719,-0.23744874973649432,0.2817787892717237,0.01433273571181305,0.10609608709524164,0.4307395507052932,0.06447992836741802,0.06878074996507787
-0.17994136971830643,0.739729703708518,1.2854021110844347,0.05467034118312909,-0.5562581684479339,0.8013780241598174,-1.0318763051497475,0.6010036028335213,-0.024751056719562556,0.22518077833296535,1.0556491175486835,-0.013978618199605684,-0.003480563374605797,0.17815087486590858,0.20322166075389175,-0.012723786696549812,0.16007361795338165,0.8591440596382935,0.06037167395661114,0.014005825505640918
-0.021593752605027564,0.02195854769962274,0.0006559915585704645,0.01963769267323661,-0.026392193219379592,0.004778127349975219,0.013472959249571103,-0.021157516802979184,-0.00366447347074113,-0.0014161225923806488,0.05162140307959043,0.014618524597989012,0.004792651691338287,0.03430148191476821,-0.006685661175318378,-0.003280220828267987,0.020237718772353287,0.002835411473866653,-0.009044822116565335,0.00244437118424351
0.07944567035613104,-0.05818564174328497,-0.06852182701470518,-0.0498276298979896,-0.19333194236199416,-0.008746990031311918,-0.09023474199798207,-0.23128345570397832,0.007122388877698364,-0.12378519796550769,0.05092877099616969,0.004183774063333356,-0.00463705805842517,0.12682693385904156,0.060937532185104254,0.1385473060864119,-0.0408562076686155,0.2512386474006407,0.12899658098036892,-0.013894518501828322
-0.4964103110784859,0.3020378051123878,0.12495758728724016,1.1544190168094663,0.4913826930955943,-0.0367077662587445,0.15930120816201754,-0.34623398001442623,-0.012080657108643731,0.6151922430281144,-0.018776055023607834,0.0059697675752051205,-0.017906507726104037,0.05282066405716139,-1.1878418608023906,-0.010464580960195605,0.3804152209342001,-0.4319182585810391,-0.22512604029053176,0.2549191616609173
-0.0014160980075634453,0.8622342854088811,-0.0010628569855513545,0.0040265334609629055,-0.48648493187493785,-0.025134832690897436,-0.09906867638620188,-0.08050813799741871,-0.019929890942604188,-0.016947386777835582,-0.11682262936899326,-0.01441236575204103,-0.01653907370585233,0.7746712215390112,-1.0078601586134646,-0.011977665813617398,1.011138405159433,0.25601411951623515,0.002958587557291978,0.21626716361536552
0.06338149810005825,0.01953614139456528,0.0792832355776204,-0.008998608660165469,-0.49481432164171546,0.49063456162448593,-0.7380128073339881,-0.4064158257276057,0.0001663247428421853,-0.04886888458629339,0.14418310156265232,0.0030036325407365397,-0.024497965047124017,0.04030370026531667,0.36157582174461167,0.41462871299493065,0.023312524185209935,0.9571477977645804,0.38130478527323025,0.0664196246818706
-0.007375081160519768,0.009891010784789345,-0.00737541099696051,-0.0012182689135672494,-0.01410917384294696,0.009308254290991443,-0.4829948153978251,-0.0190289754563656,-0.019702627926989534,0.0057295259497178105,0.03776417195671471,0.018877860427412334,-0.015047635573468523,0.012362794722317287,-0.01945878543982161,0.006190538024823108,-0.006965584358303291,0.9781993894492105,-0.006266234286664057,0.012421438827128943
-0.010836966314300537,0.03565396068286329,-0.00605031650024607,0.022762241414662123,-0.016545643301512227,0.027555964232418875,-0.01577632443261182,0.5765979949510255,0.0002127129468332857,-0.0071055828313239065,-0.009716518382896703,-0.0015654837704379854,-0.0005748369778182331,0.02788225597981431,-0.040345771790107836,0.02267389852719248,0.04637647229817647,0.04337938848641072,0.03518285421953074,-0.00474615229661284
0.25794225745016897,-0.23853610672091347,-0.11138453074401737,-0.1674555492986381,0.10220047424300086,0.11983403807344621,-0.08095198974636447,0.15121307719274726,-0.06182370436287917,0.08042906062064167,0.06915666070535999,0.3096751722859932,-0.00693442481203344,-0.18923267593987028,0.3410170897968531,-0.02235309126543687,-0.21988035273132941,0.01935121448865715,-0.020554816085116362,-0.00762760617279474
-0.19203460939452163,0.18240383795461074,0.45124771544795744,0.11623425218134525,0.0810211846717574,0.7373255983512264,-0.5118649011199122,0.37410892975996834,0.031076767109608154,0.25579650064361226,0.01636288047208996,-0.01273897211742958,0.01560463449284711,-0.4147545266562234,0.27841507719632236,-0.01315194580371655,0.16624524551763764,0.45197852802090743,0.04369209341552105,0.13459787959415243
0.04913885315082579,-0.04521879330852188,0.025974789993595385,0.00931076413881838,-0.03220736676506586,-0.019646268146214958,0.018428188211459477,-0.029436104559593418,-0.007879483862519564,-0.026399211401095846,0.5437493517347639,-0.0026649740044596953,-0.010056644816075936,-0.0077517597126931835,0.03539948138655981,0.01063810560296259,-0.023242163324205558,0.04039733380803555,0.016209433750004665,-0.1830118549521205
0.001377389012976204,-0.03606880604985776,-0.0029192509427318986,-0.008247731330155736,-0.0280392959734505,-0.01822131559711395,0.01933964880933661,-0.04435365172209049,-0.011472461077699576,-0.014418751058144372,0.04681429387173665,-0.00939226485519679,-0.014849905263256346,0.0024384807230267186,0.05269882489745322,0.003664769442828322,-0.02518267172073673,-0.0025812050672844,0.003348791090473469,-0.0055701932360220675
0.004416493883526686,0.25773197124077857,-0.002099474120465161,-0.03896574734359691,-0.13882472320647507,0.023636750647470194,-0.05040723312976035,0.11024067067261885,-0.009813284562863768,0.00858748958074949,0.11896359225527667,0.027671779498730537,0.0077389265502474346,0.2000576474657673,-0.07880122587934947,-0.018860875056898867,0.015324822170225901,0.07052611119375013,0.0017318946393696886,0.039037573811304745
-0.7768917842496286,0.49906464508542087,-0.0974089670683049,0.3131870539759127,0.19088058754524342,0.024862680247778282,0.020733114243352214,-0.0962598547921624,0.0039569000448183966,0.9501164398229538,0.05153937665805866,0.009366257225057354,0.0035821986817446113,0.0569158749161712,-0.505074725101182,-0.017146373955970837,0.568617347580132,-0.3474428973215124,-0.3510024543577386,0.5827684952368545
-0.3381674589240771,0.23437776329954196,0.07825021783643046,0.8216009504252965,0.353666899359517,0.03839476184904517,0.08408689425971284,-0.19560047151819265,0.0033882563331599416,0.40106783575850063,0.8262552614177932,0.027424255279974503,-0.0005578112418896386,0.0427526916857423,-0.029775432780540026,-0.01535392071588633,0.2607941124860114,-0.2790201397139217,-0.129921897745641,-0.0837567633925568
-0.12307185851932062,0.10780908871485484,0.32219389476033833,0.040422707146490766,0.07093453141892882,0.5117775527300527,-0.5036816185726544,1.091847930832779,-0.0052666776309474505,0.1539505287952651,0.04978618972937493,0.024141730161673435,0.0201574240404509,-0.278113650550545,0.18106376335249955,-0.005194968283608396,0.12230924651285473,0.3281522733308968,0.026574908856443237,0.07515026761716183
-0.022934277473101405,0.017916317687804776,0.0005472044310080395,0.008836776049603989,-0.012896532601638169,0.001469832707712171,0.015792813725047143,0.021383410539104298,0.024830896474711484,0.02056773891651511,0.009590468155367331,-0.022919738522591198,0.005716978872047895,0.03805860212098541,-0.03135455245642985,-0.011484884087586428,0.010600644917103249,-0.0076803149999792285,-0.013871843955576857,0.030623310438983677
-0.04017090186823807,0.002317225004628205,0.013310313320245064,0.24537359357472313,0.8651111315983446,0.006366085332942802,0.14680666109713436,0.42813054341402484,0.0151432891695067,0.0026432435191759314,-0.51834191440366,-0.022656588001722745,-0.0048372278596237085,-0.003000495639114379,-0.4336605770474445,-0.020005702418642368,0.028381859904103544,-0.29077200935383385,0.01870085217753035,-0.10290500740359114
-1.099153235583927,0.6579945002332842,0.4801745507859463,0.45963704730391236,1.7367606618666351,0.8565479110652554,-0.03241237189825817,1.5203770317021414,0.01992332485704265,0.8145149555682367,-1.1516436442560725,-0.013723122781404914,0.8583226915191922,-0.8278875191727786,-0.666064734112573,-0.6373922032142625,0.8852181044215431,-1.397589151421038,-0.12783820653733033,0.6893183138364283
-0.057991527891014444,-0.017708660207482445,-0.2736423136970951,-0.04332042018864893,-0.23240692734103874,0.18217938851935928,-0.15974047276687356,-0.14337288430341696,-0.10175989231841313,0.06734148441028721,0.7811521759822523,0.6993528634848919,0.0008355396626429784,0.4183750925423432,0.16349861830930204,-0.0224737155651062,0.04851025007678769,0.20746763085256228,-0.011200617083439968,-0.1136867349690623
-0.005604685956850701,0.4087979487394796,0.3270859534702927,0.02884561212943535,-0.31096202594490197,0.021236279265819787,-0.10027917055889048,0.1967918507723612,0.0002881466743797226,-0.00022691787210556147,0.4233927647971003,0.004694728472453547,-0.0022243405246333073,0.3524048897320764,-0.11990566956775565,0.007776148327050357,-0.009982106266746626,0.13313111009853013,-0.008803158014595643,-0.029741350652060808
-0.37297769225020344,0.2536734902558327,0.14467482634493814,0.14289142634026528,0.38314454874406634,0.17767622876931935,0.39767573943524875,0.261925689279847,0.0016642798655931565,0.12402427897298356,-0.277110669369262,0.01688651523951517,0.3580448573611162,-0.016656477940360535,-0.22234350490611218,-0.06969492884355352,0.3367542346259929,-0.3013145715864481,0.1170634911381755,0.27358913473625435
0.16784765367979823,-0.0903885246977615,0.09641052949906508,-0.06408465605683421,-0.7588083040256447,0.9555884228535548,-1.4055337381965836,-0.6031455708342828,0.003368907604262953,0.49985470266592735,0.23039272779476927,-0.0038951189778161123,0.026904636693806206,0.03853373746581088,1.0078981834402323,0.6889582123730312,-0.0954840285523979,1.504765574336582,0.4760478511293468,0.4870867405335874
-0.009289871749970906,0.0033355566838356547,-0.03076073853204802,0.029888129989297536,0.025844723712808597,-0.0009408284609714428,-0.15511540700181703,-0.012686976794215023,0.011716912191127277,-0.011465458269583565,-0.021988543421343036,-0.008781611666066277,0.008683384854439466,0.00439631925490286,-0.041578524750887934,-0.015501861324398139,0.011401587740175446,0.3304317891348958,0.011075840053719355,0.0014178541932142567
0.0011837156181230962,0.07090116556133975,0.030066562743192995,0.015614094221619187,0.004000363565497124,0.012425465463839568,0.012627527505257169,0.03369721378886188,0.013181060480932219,-0.02635373908064742,-0.017223491219656824,-0.003928980299562816,-0.003605819206239395,0.04292337939150889,-0.07931811461959894,-0.013954867988479369,0.07189609291286714,-0.007767100376921279,0.004710089474763828,0.018928120989064927
0.9484974700328468,-0.6577000087745726,-0.07883487745572237,-0.3527026809015917,0.17792231785968202,-0.004688980843481718,-0.32276334666814543,0.3605523366348598,0.0613979903949997,0.005341076967394072,-0.4803022364255137,8.559554454938556e-05,0.010504815065525506,-0.565240380080589,0.8292888802818509,-0.004595973978132188,-0.7790346947602313,0.6631895304386527,-0.00744020711064714,-0.7238981622807718
0.010095005419015318,0.4129440153046294,-0.0014379634880547776,-0.010141106389910112,-0.24561419164820797,-0.01771675393024623,-0.04453857759726838,-0.03209209116284714,0.029559516541560915,0.005975918216067056,-0.05628059231797067,0.007189146054509716,0.004228666888520254,0.37756155404238223,-0.47001902034954485,0.013268077256999739,0.4712213835181124,0.12918201504069038,-0.02186453270615252,0.10717093730939575
0.07297661541544011,0.36094123261518174,-0.06004321246410686,-0.03484674680757703,-0.20202495830537287,0.007386082239152209,-0.05544091591937336,-0.02689976498517477,-0.007312711079725909,5.610177597958725e-05,-0.13293589864240768,-0.0015427180700814704,-0.006929969255751668,0.34676676058604505,-0.4144808122001499,0.010412178406336802,0.38510534350732667,0.09955220213364907,0.03570561275621023,0.05157497339710514
0.0007380218866127556,-0.0030157710218418256,0.08611428550246658,-0.0016018726565918406,-0.019319426463190365,-0.016840398191436373,0.015587941357783833,0.02679182381545723,0.03487843252856991,0.014493549398826355,0.7531724723616573,-0.002979789657035707,0.0014950774886916297,0.018460994995980428,0.3018497814294874,-0.0036264419669318907,-0.012762209662936282,0.013982437779539328,0.0034448267963103915,-0.23890558452091992
-0.9414692919835032,1.1946015949154294,0.15727955367864513,0.6003789823222759,0.9483762517612652,0.3707356146711564,-0.04831177286576902,1.220912712066878,0.526981740411951,0.44981805888244936,-1.076469603673221,0.0032762204417142674,0.7032389142172604,0.3620786459909984,-1.651349958811653,-0.4369237438205089,1.069439209184951,-0.5940076283196382,-0.021106126711708126,0.8407408984168846
0.029498218865470577,-0.0020284889644208524,-0.014345664637008168,0.03095873010624294,-0.05538398323561174,-0.020987023411273977,-0.020512816143746494,-0.02790228766522942,0.06989703409362234,-0.004452812122635499,-0.008278100549411664,-0.01310737950545199,-0.00888234752783985,0.0530373920815664,-0.049215809606171765,0.015306806550091836,-0.037168824959801464,0.04481322133437848,0.013250708338552623,0.0026947787087916193
0.01454612745490277,-0.07330194432877284,0.0007079292926963771,0.00019675332063503418,-0.005809006557077171,-0.011589909779066836,0.011529706764105453,-0.024405797459297194,-0.019956896720418938,0.015174416534228744,0.037731311552167114,0.02220894624486353,-0.010273591914693637,-0.03914282212243646,0.034803248121962,-0.001274566408692529,-0.020964905902083844,0.01043633178386569,-0.022904890474868808,-0.043159138901386666
-0.03578529330135026,-0.005244399102326904,0.2747502735417154,0.019455646072802948,-0.04739765498189327,0.4515328579542755,-0.6335479972642246,0.1504562684930933,-0.007115298233365161,0.1207691080212041,0.17416039441442588,-0.01747656280637774,0.004653335976444796,-0.08730255556709697,0.9719129509473431,0.011796107798820977,0.016085407787712287,0.5238142674374958,0.03357832521667701,-0.02615027125893591
0.2646623669940637,0.47280101568855104,-0.024892334774515315,-0.11440156133397482,-0.07653234308330968,0.0009566556098058402,0.0008490984223005413,0.5382043740467279,0.0013843965620159411,-0.015620709224408592,-0.0650371851703083,-0.02159881310179433,-0.0031046943908058806,0.43379148445423943,-0.0465954534068071,0.008195925999633797,-0.1913731184927099,0.04208053739101221,0.004300443864512572,-0.1703911493606402
0.5287138610560002,-0.1618764022570387,-0.3055549630600221,-0.1295828647518629,-0.7518706203614058,0.003159013890300188,-0.3711636908059097,-0.6409222447370978,0.21604505145680714,-0.49648370402814895,-0.07842313749949,0.021315007639271685,0.004938564863978092,0.5339309165788322,0.7588251051144432,0.5976599543755046,-0.34351223433870753,1.0189128983754074,0.5853455065227166,-0.16544021114989124
-0.0912304193451707,0.05041807323109121,0.23014816899567794,0.03486925745906654,0.04513377935742903,0.4032443412460694,-0.45045350376547705,0.17374553204462512,-0.0038297815225854757,0.12212611849299546,0.02613044955660987,0.017484863195777228,0.002083513564872264,-0.27136470464085405,0.2091778123697687,0.015362876176435647,0.07663740192205637,0.27434012928012563,0.05243986352472708,0.0363195495199803
-0.14015808035919242,-0.020164282735379867,-0.28657183218392546,-0.04383303896760623,0.34269621320901683,0.3442480978908924,0.2560665843269401,0.23769012911796833,-0.18847084896991187,0.1612560977323723,0.6061625836888398,0.9708186321722452,0.02323954435658413,0.28987616315118653,0.8429807342182257,-0.04811041016704348,0.1390013389977204,0.04144290589569241,-0.011273673382804137,0.45114869113732536
0.24340518207064757,-0.19399104082629315,-0.027582359282425292,-0.10444279676570717,0.06957937123675612,-0.008617166343402259,0.008499408945559485,0.09824647627233075,-0.010647445704181451,0.01892574482185623,-0.05365295346338941,-0.009430860914741527,0.003498594463158024,-0.18777613753602523,0.2288650499128276,0.003093747964731423,-0.1918817791784369,-0.0495030073156286,-0.01336758907413183,-0.20813679917108924
0.11091993489828707,0.4062972564136743,-0.12440088652170818,0.2633897766670924,-0.34861928570940703,-0.007525882529687311,-0.16956447457047474,0.2108942594204602,0.6895394906924502,-0.12696956683927585,-0.2882743507597468,0.007108453678285392,-0.017514502432183665,0.5949985226279375,-0.657958615026775,0.15043117629252822,-0.06670463607880937,0.30897344116035436,0.13034504257128027,0.10855704523353843
0.49246767293246296,0.1742117315019617,-0.3717870277187686,0.09346498632869804,-1.018923364731829,-0.019479913035489925,-0.44345392750411106,-0.5419313209477945,0.6315081199575916,-0.5967167172309726,-0.16626090392563345,-0.014848075880467578,0.013177044785816081,0.9662562178062717,-0.027223532989282345,0.6876886652099892,-0.29896504996301615,1.2153176336565443,0.656206338490647,0.0034643485559932106
-0.12901492610834525,0.07876199882588078,0.031991425729703864,0.06930971356454946,0.12966731741469062,0.043833473978145306,0.02774651433823882,0.14305042222618847,0.021192318418068616,0.06726559121577845,-0.07705427838864244,0.028979485408884505,0.09113323549605855,-0.004688291898328947,-0.11498091549151404,-0.06468029611256268,0.08496697837286207,-0.14357700332266832,-0.023256590719844067,0.07730670985314705
-0.27771083332222224,0.8477934361586954,-0.009726570155617,0.1336283274970973,-0.33606204601709183,0.0041925967938954735,-0.09019878328597593,-0.08191470214597422,0.007255401998791335,0.3419706076632199,-0.038122332614253386,-0.009320450133845257,-0.0028524698977449043,0.639620107874763,-0.9425429966123836,-0.001883868831803991,0.9706691176135465,0.06468473147448997,-0.11700657430400123,0.33582770941623785
-0.013949903565850196,0.5547809080507276,0.00526802037305153,0.02702572372129298,-0.28251548499915563,-0.012569232219257955,-0.0830178990319896,-0.045614459368504556,0.020894794072130927,-0.0031907377272439633,-0.0909773549726623,-0.038473614766558445,0.019223690555821144,0.4999408155427173,-0.6486735963916929,-0.006772489433708326,0.6325651976218007,0.18479718805762346,-0.0027409711556841566,0.14127887130479855
0.7395765927822984,0.854971617697297,-0.1702405474606397,0.06182456411309568,-1.1107704943893122,0.0011740348561948988,-0.4764591791761281,1.3352292564319572,0.8394737741083306,-0.1596248073476694,0.17982907176638457,-0.01747893476249083,0.005655796037395737,1.7417737135935047,-0.43308204299487635,0.15163533798864767,-0.5666596080233732,1.4174189699790156,0.17340090645073428,-0.3097704714235091
0.018471616116427735,0.0022208101010884928,-0.011006994317592247,0.009355326067345104,-0.06630830254603481,-0.023070529241819782,0.9310000142634656,-0.03842020633725916,0.009446689287207932,-0.008555491899912697,0.050234177528051746,-0.011079987359979645,-0.011389932301262763,0.041839660948301514,0.011299705739279303,0.025436322260837568,-0.008557709810902855,0.04125137906951448,0.0124051907297017,0.008560870342285073
-0.6344441581427898,0.7482375650496366,-0.07443682851713175,0.27891173127778246,0.16863041264115003,0.005852653788095903,0.06043124501422935,0.16570942797862584,0.011966623506969807,0.7577319660946541,0.036621451106137765,0.0052337345404485265,-0.00729420526310634,0.3786447613381837,-0.6021689906788037,0.0033637588085561887,0.45530296235564144,-0.29108652992790274,-0.279656876500096,0.4519013898756331
0.03358308513567917,-0.021134055801825195,-0.008037738372014963,-0.003204830939191281,-0.036947138491567916,-0.03240239251075131,0.005694124310952769,0.9071416609900604,0.0005117262551401656,-0.02512292802061684,-0.0009449268171406316,0.004946453946503433,-0.011585769494652912,0.00882629900671808,0.041162696818039905,0.028410244983392258,-0.021105950685126544,0.022582269957979285,0.0333039636606155,-0.005127149040168109
-0.07388966885585668,-0.0644001939985732,-0.25018528465070367,-0.012091341120971131,-0.07709270677124258,0.13373205488925666,-0.5169889775115301,-0.060347010780503224,-0.14320826641570944,0.10756951299939006,0.6097207270966358,0.6804993816640938,-0.03402168963579333,0.15797972702043808,0.11207909225661228,-0.03307180030058076,0.07043079152415176,0.8576815805413003,-0.04353889644526097,-0.1166425485720643
-0.046617509577833116,1.0303951758506,0.014640433934595984,0.029992413942349222,-0.4917673726513088,0.005964935114827234,-0.12526947093957957,0.4797490974531144,0.006141515196944157,0.012714285826061185,0.3089212214868276,-0.01541904927755526,0.019158109817119663,0.9126439680464999,-0.43831583909690935,-0.03505405820908233,0.06932465616963082,0.2065852587809824,-0.029218842053907342,0.11638990293521567
-0.029503184531333958,0.03704403464051,0.004698640995054685,0.03213634622601501,0.023068668259818945,-0.003831907200594782,0.03135239941403432,0.04204938702371966,0.01134266938131702,0.00965331565000233,-0.015417110176091386,-0.0022108337695575385,0.014363668705521183,0.014085446888382027,-0.07775569353289166,-0.00891764869831815,0.027068291447479846,-0.019255315605284744,-0.005998823381841446,0.021097576694384675
-0.03254386249545317,0.8988974709504781,0.11508438453444486,-0.0012640330681875749,-0.42723465984746545,0.18121669759630715,-0.3547971611335646,0.5229068498033371,-0.009855466971829353,0.04960484783661804,0.6866617180196435,-0.018718577188374497,-0.00665153590977824,0.6531301069973884,-0.2037151583889738,-0.0011938675985124821,0.01864236663341441,0.3423512653901215,-0.0028501218142705075,-0.033600814288062934
-0.15912461287742674,0.2410870086195349,-0.4148265440198278,0.06660339441596401,0.26729014393015044,0.6204891177363774,-0.33186784694314864,0.23617697446398359,-0.000366323347434147,0.18808627852654008,-1.1666321912485957,0.013629207924106818,0.0015876244987218175,-0.32404974315226387,0.02921502861588823,0.002414609206624369,0.2848879290928904,0.3092106076264936,0.9779513055397565,0.4212534293202343
-0.03712445811785588,0.015356256741673,0.9709863112900893,0.008891817199283374,-0.3529263777634856,0.002801433395933821,-0.09133596169628033,0.01648292486584848,0.010853884335354577,0.009837039199163473,0.9732190490140625,-0.015062316587178166,0.0012374550215212515,0.09538789449018363,0.06664206445521148,-0.020040103344883837,0.028249276096729017,0.16180720097897136,0.0006326040818894546,-0.17026670692658508
0.8714267827385195,-0.7152304737165224,-0.40471820697654587,-0.4111947131224054,0.14452957660148724,0.2056876775455542,-0.16775594625662746,0.2981280358656319,-0.15253638068681538,0.07950185423244939,0.20126603975080595,0.8319312083751569,-0.0053147595835125495,-0.3674931442712835,1.002092058266655,-0.007709388027914344,-0.6980120486442647,0.023423590647565017,-0.012815899188822661,-0.8315367967371453
0.04393876386351981,0.19917702261475662,0.07274611380708415,0.10916631683957434,-0.22134168687510078,-0.004754776204156853,-0.09885776404506638,0.1173922059352544,0.3334493888115409,-0.04050745467279225,0.03576713418554609,-0.018784009099707247,-0.006205185594010744,0.2963029181660327,-0.30494411824885803,0.0716402731273328,-0.03390459207081948,0.16210582877897267,0.06925190704134832,0.02545061319635278
-0.016366145696702538,0.12130693918568901,-0.4061670663017651,0.02066830968784794,0.06064911962940254,0.0018714297727284478,0.30495783132403154,-0.034237142907274136,-0.0053260541864151,-0.0015395722845047335,-0.7367108035272085,0.028713797352055915,0.009671972801203143,0.05686094484009947,-0.1586427926202664,-0.002601318783020789,0.11647092909313415,-0.03457110107045778,0.7533201692596906,0.2045744240994941
0.031215901335777566,-0.016590308972363722,-0.009595490866140335,-0.027187137436250314,0.8696734923439395,-0.01635309314426788,0.22007883449842627,0.5441085630633905,0.02634211861175661,-0.009272068075504195,-0.5377662171781099,-0.010641367009753901,-0.005828990582763099,0.010242806089127029,-0.16940978576040383,0.025802512032694708,-0.055378450690190414,-0.37686898186087936,0.02343693961700619,-0.1376589774713553
0.5615051532201231,-0.27039385090071855,0.6186634267929773,-0.22854292187917696,-1.4558261471913794,0.02108121002494539,-0.5578233152318794,-1.1982860610143236,-0.029170861485714926,-0.6905792803138976,1.1243238912852485,-0.0019491527597062983,-0.002574431344800965,0.749286368121405,0.5693126025855578,0.8567853929172683,-0.2972565713880648,1.6278700014926935,0.8100281141197452,-0.32626985824978344
-0.1500999387599562,0.05303916408261587,0.13640217223439607,0.034360385999299074,-0.41167559595788944,0.5671563218993005,-0.7273069058816819,-0.1654052983025741,-0.07336835006582987,0.20245894784848215,0.8594886302562856,0.3129045632905863,-0.006288070964896746,0.5483101155337586,0.40897810424826053,-0.009790996527924681,0.11893185755079298,0.6140333798795223,0.052459555720548307,-0.007033050281378716
0.013461966248980595,0.03213169609608233,-0.10973746242824962,-0.002740584886340881,0.05720287619122414,-0.020312831645745107,0.04268231490028038,0.025335204621961444,-4.482581986871539e-05,-0.0009539139286468541,-0.2083598759916032,-0.019601850476574374,-0.007947633885858445,-0.0030730203459782106,0.5135362138681794,-0.004495374033953832,0.029299396706304184,-0.016871494428204913,0.12192289281830931,0.05087738411848714
0.7245822355453603,-0.44346344451036307,0.5232672002725672,-0.29665983884279923,-0.07744983406464608,0.006210272685387314,0.14021639301109573,0.2751566680715724,-0.025728258781648437,0.022834031084687463,-0.013972112432888434,0.012077041662718762,-0.005967008821146017,-0.3526812589765852,0.6356947434236154,0.0007244365147545872,-0.4879259956873508,0.04647970160137524,0.4495180206195253,-0.5608104712790276
0.04063657007654527,0.09854009802977434,-0.6051285155461306,0.005834842726663633,0.1405235756431303,-0.01524869454341177,0.31561656530590515,0.008695577272214101,0.017164416566019004,-0.021543185510363327,-0.9695290220643017,-0.00017634165569989022,-0.003421432666338964,0.05483648222277973,-0.19151998586340807,-0.00565135581009342,0.0922722252912564,-0.09097402843783647,0.7205078670852878,0.23109280391527645
-0.024225359070618877,0.0006382469915197633,0.0019165428443796212,-0.0071545378703270525,0.006871415219328056,-0.009991984091554162,0.016354995574663377,0.008630175474965068,-0.0051718872042903095,-0.005751063403341732,-0.003664195077275459,-0.018603699926840054,-0.0006694588520847933,-0.006847686796581107,-0.012599752047035041,-0.008749587657208235,0.0025680555008963987,-0.025983907986566475,0.01141579655627004,0.009735358043383449
-0.015190953202972765,0.009066960199643093,-4.2370469559871796e-05,0.013720915885644168,0.023800319920825035,0.007030081908776053,0.62608560104707,-0.024895533502571,-0.014550595236306791,0.010205794321966277,-0.02182824898757369,0.014133390063382632,-0.0026508648606280638,0.0025697821078889283,-0.031521444222015964,-0.011301737789399153,0.022561369362203175,0.010382035789940505,0.029775218402889936,0.007634995995364874
0.009875233468276793,-0.036480037383991394,-0.004353062855243104,-0.02210808317570978,0.0038871587048610995,0.008825746987740583,-0.03769200974261633,-0.052346275454379296,-0.003322904738519433,-0.007010612426945716,0.008872232537139493,0.01878755449721999,-0.01739674704113091,-0.04810269957582386,0.06063114953088563,0.02246868875897804,-0.020775422305755725,0.01422304806012133,0.0019626520171633754,-0.021364960279890446
-0.005274727079849683,0.8634362678790202,0.6788492576483446,0.025408454289737717,-0.667553533277061,0.0214031258818555,-0.19184329157433405,-0.00866379869711676,0.0008424106631975422,0.023752403205662326,0.5110823564014134,0.011256414567503198,0.002297699385058839,0.8182700812596595,-0.9833332797843876,-0.03043851337795943,1.0106035400841369,0.3080378123231317,-0.029863062019078082,0.09112294135505551
-0.7755324862996518,0.5024065201409883,-0.12081345330246032,0.3304170524559788,0.09758939616833207,0.003616427448684666,0.16026581158788253,-0.18536330616059615,-0.016269173962128236,0.9920429378348168,0.10223138479898694,-0.002673654660105196,-0.005722464601801487,0.042674488744498876,-0.4840489132598875,0.011457817261298792,0.570949698217779,-0.3436673697263976,-0.38730277325636386,0.5756591022097225
-0.00633117134617406,0.9947076812693507,0.07944902076832794,-0.00711964391676003,-0.5951748790235586,0.14302097076481066,-0.36192609386119484,0.4618038804379962,-0.009600475545738974,0.029628298851176776,0.40300319689963177,0.008753932053002685,-0.02004381521269881,0.8646540575515257,-0.26462370255730394,0.02948649708722543,0.0012921545057939703,0.4456715781807935,0.02843947794994108,0.0817805011430865
-0.8585889049159632,0.5028575351465809,0.5996828119008336,0.3552146435642451,0.947918580283703,1.0426124328714412,-0.6758727702080534,1.1405662405142645,0.011588333890446986,0.6044312211571353,-0.5273846829169689,-0.00025848031979677777,0.4267896183613808,-0.7164660338520114,-0.15190608288011062,-0.30576214348951686,0.6611226874787883,-0.29205971666636543,-0.015829300366936406,0.5366989027312555
-0.025918985192808,0.042260998751393324,0.02017032887508029,-0.002722922609495377,0.009449176315259017,0.0365467461485743,0.325672324790233,0.03440245396045795,0.0007401353636182348,0.0250244172465934,-0.01935934406938334,0.009582724169928142,0.016744971908925443,0.014563627647280695,-0.036201591040350825,-0.017380597928322243,0.018661808616341757,0.1774677502964892,-0.015190712305209094,0.033368008302955894
-0.0004749541272672346,-0.012267562585420147,0.007920005565994547,0.006541274738574994,0.006551002543357873,-0.01527415178260401,0.013733166805041185,0.010816758512116744,0.009262393260721698,0.012417499158227454,0.015521057526389622,-0.018791216889800545,-0.010291588654066696,-0.019302006968348225,0.006356573222720055,-0.021497130838097615,-0.014160936703273369,-0.011176236710879767,0.0003670851023717704,-0.0015576518319307614
0.027884225552720465,0.8295639832468087,-0.6694889019992404,0.011328535062515153,-0.23076601736482644,-0.003125157132683121,0.21889468950434432,-0.06031308427093765,-0.0003384895291064158,-0.028991927463937917,-1.096983616894158,0.0077179304291317445,0.009162641077331331,0.6878622276311027,-1.0366665265441155,0.02198720349490868,0.9204536879950647,0.12209339582958492,0.7908151411645167,0.39107098304652566
-0.005048013753208901,0.028296891829613386,-0.013686756294434452,0.012569529194720899,-0.011334275732158158,0.003585131568325852,0.003716213203774443,-0.006392289013482582,0.009634802008416087,-0.0030676832751367926,-0.0018086945914461867,0.009995402708296163,-0.008809215313859644,0.03377021495947748,-0.02462663826834257,0.00538669152430345,0.005554120383463531,0.04464507609762876,0.02023936567797391,0.016322267386433057
0.0025763618587842686,0.09917819371700733,-0.3441055140395291,0.6989327664062157,0.40553695379013105,-0.007274348755912817,0.33114864847608527,-0.16176187334033384,0.023867301632328922,0.018622404035323403,-0.8380036529973944,0.010649605536352427,0.006312940503178559,0.08931827690075235,-0.8088037411861203,0.009910948397976325,0.13273812161484083,-0.2246955070944034,0.5826062451221443,0.1330157613297957
-1.4529239700911651,1.0586169849499418,0.1761831736332109,0.5926770050096316,1.425017961486959,0.4262802573717142,0.40001144761307134,1.132444276984541,-0.010828640969989423,0.9777075971751956,-0.8587745114274707,-0.0022568931433247586,0.7925193370569561,-0.17505223990758098,-1.2188708193634485,-0.5705734712593544,1.140856593850043,-1.5756925144651805,-0.23467734129839304,1.8700026935649114
-0.0013833766470485627,0.029903847024600323,0.0091762602071062,0.016804477285620477,-0.3641004830201413,0.016869254895081478,-0.13795375703746832,-0.19495842140930594,0.011068906416272522,0.022136560911848728,0.4990212945480708,0.022196843893654117,-0.0015599329354135409,0.6413357005042696,0.07831427941024716,-0.030990527804977172,0.027929087318196797,0.20102981697306632,-0.030047249408195167,0.06125278738706848
0.15820340932481042,-0.09349834756604039,0.0967784010777878,-0.07440566182368209,-0.2912207956115121,0.2482549690964188,-0.35485748803556194,-0.05094743879985976,-0.033303995708315035,0.03727701212340616,0.3857402781717331,0.0665968605678705,-0.010115794650523913,0.21279541461836116,0.3548745294418806,0.01403157282901682,-0.10465710783704192,0.3434166853937062,0.04187739112336528,-0.1649380271821082
0.00319755633636196,0.36909888008378244,0.009875455482720879,-0.015207371978341213,-0.213264258457658,-0.022047207806866108,-0.057319354075959256,0.17034103447824506,-0.01853142578253611,-0.006293064791581336,0.07520194172622419,-0.008288432870639451,0.01128051149159387,0.3251914256577277,-0.15983850757665707,-0.003710915346889802,0.010744142765497993,0.09024415824357006,0.013586744681394116,0.020670386068427797
0.427655385919749,-0.21231025544967957,-0.13411835337776948,0.6459555905553547,-0.6931195119439192,0.018509609712359352,-0.7660249923390702,-1.270957587541045,0.014426041504962928,-0.5500793944880759,0.2622527291598389,-0.0008486914205503682,0.02899760682871623,0.8388465755791937,-0.3064662053931496,0.67075850539644,-0.246043644542577,1.9077750475884703,0.6857670721662955,-0.24342518238310107
0.628894773238214,-0.3340476827770832,-0.470189852734629,-0.2847866484766912,-1.1713810090859007,0.028886520639205583,-0.49261837609640724,-1.3616117090439548,-0.021643856270364848,-0.8286190020571722,0.11401328357967236,0.004394302944902084,0.026090820516664726,0.7172371391880842,0.5586484758117589,0.9399891360489356,-0.3591081337450141,1.6038262762811015,0.9919384690887381,-0.10103164872674328
0.04708664600955765,-0.019899159875179116,-0.022091034473159903,6.294718381724511e-05,0.007296170635986154,-0.009772580495285949,-0.0037334914450119798,0.0503881003023588,0.02689157480436949,-0.004212693840176308,0.38271448040497574,0.0051064177493154155,0.00638919942524094,-0.011676058030094867,0.02294031688701066,0.00498458534729182,-0.05522356682377151,0.007950966737886622,-0.02064371970368069,-0.18879952509018091
-0.00917432195411642,-0.012804125119237217,0.02947970809674928,0.1254271911578025,0.05467496407490765,-0.017758806407983895,-0.07755988683027343,-0.038587359469576143,-0.011499644481049462,-0.003695679192939518,0.02404769371296393,0.006505564036751178,0.012514077877336358,-0.01244709183132283,-0.10079355258877758,-0.0029122692938566997,-0.014503853852183763,0.15511785562895972,0.016646580992473802,-0.03660297344966094
-0.025301358977714978,0.02015216924439736,-0.02897177789603349,0.006390598471490424,-0.06401919082217353,0.031240889359044385,-0.048082177868614996,-0.043868996923222395,-0.03371095042800199,0.037634816722648574,0.2563193171463038,0.2008794141244518,-0.012340039028025516,0.07469340751885716,0.024644824899940715,-0.015638638444869887,0.018564297796890464,0.021730432252459287,-0.025720394266734548,-0.03530901548866139
-0.0929769914849628,0.06165962259458764,0.18221094013989747,0.03477625932036819,0.05477022961607936,0.33716715464294017,-0.5371321192492264,0.13260441534151085,0.0031699120585368928,0.07298274180341087,0.4727046447380359,0.0030276010861946274,0.023652205013696786,-0.21083990384023032,0.14579163723163802,-0.00014482805505911921,0.10132961600699197,0.5045496283391687,0.03799397842001391,-0.09341186124847936
0.03280551436720736,-0.014781312898462247,0.034023029927685494,0.21838693081452862,0.05669764130880235,-0.03041996548716779,-0.3002445312122811,0.6595476059426626,-0.010694610064917539,-0.03362536947251318,-0.04094991383427944,-0.015095505030783525,-0.028379255485575128,0.0171085193415401,-0.18344786296650697,0.019828729921127462,-0.014810735741957848,0.6263061467178402,0.028725629209744166,-0.05585785834296346
0.33595919089208903,0.8340601709474043,-0.2529862804509734,0.008687251147625523,-1.108271219761588,0.005142476807488392,0.5404999649661716,-0.5504804822312379,0.35476688745914237,-0.4054562466618101,-0.18716825093428696,-0.03394648760693902,-0.0016160209467054696,1.3385909007432473,-0.9515383614915579,0.5214426378275382,0.6778233761251677,1.1277366665016917,0.48344306015342453,0.17387274779803252
-0.07713181731335586,0.06960303464431986,0.16883141802058135,0.017116701487660674,0.04006359897015484,0.331926976942921,-0.3836519753739414,0.17202111859077202,-0.022756809213562608,0.11578478939822696,0.024361810687002765,-0.0011314168438710144,0.007016706062478443,-0.18178484640708126,0.16671271219760628,-0.0209529104944596,0.055053152149182535,0.2185481872750203,0.027617546627045124,0.03798282204547689
-0.02519654388015171,0.0151901666716171,-0.0010645326792560056,-0.01542320580088077,-0.3808975223550722,0.015912286152495632,-0.09032177548982893,-0.18517703510956146,-0.02057529223510615,-0.00027737059321766323,0.49386833803114416,0.015502668089423542,-0.0017516061681722732,0.6634260173407822,0.10762565763986816,0.00959221757184309,0.008588099961405828,0.19742707171923823,0.010774437682603076,-0.024327062789867866
0.021319295823739856,0.01732597573718085,-0.009315861313873082,0.006572757910435325,0.019029269031374803,0.008598872130880226,0.010364626951560808,0.02142854645598618,-0.023353904257469308,-0.008512042018935769,0.02503254312895291,0.010185969502411765,0.000820777161533458,-0.02726317610002621,0.04065264660927922,-0.006452822574131648,-0.005030477722887106,-0.020941629999765028,-0.030266840501320145,0.003328909625905141
0.031705553497475204,-0.015323824771054595,-0.008534934633177295,0.0026951280258229147,-0.021884808485873833,0.006022535996275662,-0.012809133434156673,-0.012495136223162607,-0.02515197553296767,0.015303667138388866,0.05797736734756492,0.023955779298578405,-0.014300879320543695,-0.0241419090568306,0.030994146102938862,0.0007027228540622964,-0.04671464736157811,0.0385902292726031,-0.0003514052283406007,-0.03934306228285284
-0.03766153963339986,0.035846290397878997,0.008703199768534755,-0.005380270436682681,-0.021635201490432306,0.007482896977806764,0.006036805288509861,0.020133685616340408,0.010823814488219511,0.01713811780673651,0.0258012429463461,-0.008644543231705644,0.01368231511595312,0.035805438056022335,-0.018174874337697357,0.008541860183999755,0.04027164541151286,-0.01576719940734136,-0.00963961172881667,0.6017980128581393
-0.05081699287323411,0.019879023431688722,0.18432629946200713,0.011128735897501438,-0.029510744648768905,0.010140895514028029,-0.0031967633870335077,-0.0172222436799777,0.0005750024888763111,0.02251433802621989,0.18486189098169756,0.013106524860533481,0.016955368708978166,0.003264981982904089,-0.0015725989577291333,0.005545745300471295,0.027128563585522993,0.007347540100675858,-0.0093552138725525,-0.002923378143295688
0.3112595435177254,-0.2064130284691746,-0.31726531200894126,-0.17455121434009732,-0.6518755088357642,0.0848502430460061,0.63210176946425,-0.7416902980603736,-0.070629908396582,-0.396698683336007,0.28256725419673073,0.2612393658036522,0.012616814786016117,0.445720275933962,0.33708311864504165,0.4846078250108189,-0.1792845789003712,0.9073296580641241,0.480023626456262,-0.14661038237856913
-0.5285826391025382,0.520676808715903,-0.3068704044286133,0.2156841086707291,-0.5200118115943645,1.0054043145347262,-1.2093451753439917,-0.7074191068543699,0.0054133555983049055,0.6241320983448154,-0.4538449122348146,-0.010863536821119343,0.014183063167585766,0.036355287715650705,0.22008567487806555,0.704602831958644,0.6186142648652156,1.461993383961439,0.9678829245355858,0.7780474364859375
0.5946258106348672,-0.3169898226909046,-0.3876805777618126,-0.24898063346567545,-0.8918784287393157,-0.007782170828551789,-0.3818090093254712,-1.0736031376488988,0.007036766236170699,-0.705421477925854,0.07003850075776864,-0.008668144325364193,-0.00867919702972389,0.6253521372160151,0.498047327528946,0.8431922490606424,-0.35430160953502454,1.341753989968797,0.7950458443787292,-0.23397662752465606
0.059215900402197943,-0.03411269555603477,0.008544181241034388,0.051743613174274915,-0.0006848281468177625,0.019309445283597477,-0.04487392902401063,-0.040971458846727156,-0.009636216627293123,-0.020613874448968204,0.0007659753659343942,0.0014717528929189896,-0.016158326463085362,-0.01780476083408046,-0.012336247752710904,0.00898499837770259,-0.03420971190245938,0.043235305447689304,0.026196307997924526,-0.011397704248273095
0.23064264976762025,-0.24785324356148358,0.09445777982816025,0.07502783249390677,0.8281500088351874,0.17807804274701672,0.6666537959443714,0.6743833570660492,0.025837117319085792,0.2728261687152981,-0.6864586806413783,-0.006720771488556317,0.33518780540190274,-0.5564440552561565,0.12109827456088265,-0.2587592534847029,-0.22600149973259512,-0.26389513035353185,-0.07600029041360334,-0.26116709365146523
-0.014836284499098027,0.2859709247364009,0.01984033435110416,0.023267828114039553,-0.14049094171595494,0.007088019594763907,-0.04352421904094107,0.13542057186042478,0.008647588664608182,0.0006179944573239408,0.0742419927628317,-0.024453347061891662,-0.01353327352853677,0.23685326895692338,-0.10071140077437299,-0.016763134375061148,0.010474216962924445,0.0807876465343481,-0.01830384873068102,0.03064113110857907
1.233728526737036,-0.7776881355860588,-0.3331595530023618,-0.4832621103875428,0.15278811529909975,0.0032886886314357796,-0.07345512477292711,-0.08868699133871913,0.007949369616423648,-0.5477161938672341,-0.3228639872998067,0.021189615102662353,-0.009762241890642696,-0.0025237692924967295,0.9151653005157147,0.6284829297772302,-0.8800907864113988,0.5921103345091099,0.6138196192798294,-0.9534125502422446
-0.044712309197471885,-0.008264623753674573,-0.26654575958938664,0.02423122433975992,1.2608284614181855,0.2766092169763353,0.4522524458545083,1.0081570736820915,0.02564143807426476,0.4132421704645003,-1.5480130718639433,-0.006151968669110077,0.5143024620165154,-0.7112436230335886,-0.055004948416638354,-0.3862303323999074,0.06578052006221391,-1.1120573944242538,0.35677394493307113,0.09354600988774454
0.2344821775310505,0.3251846187980558,-0.10104311555864112,0.23547416596889348,-0.21861037863060095,0.005121778902639956,-0.1826470427162814,0.3775756405873907,0.7200940653358235,-0.06312894836219866,-0.4234616464891933,0.013318651951931208,0.01203601326419367,0.487731396264359,0.17497461160643446,0.11188348363637453,-0.17064766930574368,0.23387773644019216,0.15253965318039184,0.019569996173086884
-0.121463954124333,0.09388457458557369,1.2617819189835795,0.04737032179974468,-0.25832470914749084,0.7066893629786131,-0.877519816217564,0.9293478833060212,-0.004930606252424295,0.20307276104942884,1.3594891430149623,0.0012646994761677018,-0.029676254232082186,-0.34784290370714394,0.448776370336064,-0.007793910187592143,0.10698460292277379,0.6630265787212428,0.04398731511609144,0.32318101669220584
-0.12856943254812128,0.13100834616983079,0.3416822472041993,0.07304368258859115,0.019328200790786863,0.6156617701402798,-0.710356909055539,0.21533109412872187,-0.018146271856562163,0.17050244806477033,0.08241792862365697,-0.008335905823534693,-0.011399559613221734,-0.3467555203211884,0.25957268576534615,0.018794474221235903,0.12855609629572035,0.4833050731718199,0.07036568143850536,0.07975493192418119
-0.4588788110469202,0.2970824864699274,-0.03633065074490261,0.16972706093924075,0.07660698268963931,-0.010025166239297946,0.054975994179326915,-0.10469684771324965,0.013967214707903854,0.5440436302870026,0.13059816136718336,-0.007301197829644619,0.01098887504070202,0.0697314988121295,-0.2972528881054149,0.0031042801535134984,0.31286387327166226,-0.21994703070711089,-0.22849474712378615,0.32360752297406115
-0.03324210395924617,0.10182348930102028,-0.47372738672355347,0.0179592489858123,0.6822416758745258,0.006228143607688709,0.38513810872573956,0.3016208660231789,-0.02000320685356672,0.01135352183409537,-1.0493127495969123,-0.004213951555997289,0.015045005715180911,0.019027875019120667,-0.32729871937854316,0.0035018635271072186,0.11493280996979328,-0.37683009546891305,0.5415009945626197,0.1121347515950806
-0.007804976158539603,0.01797074967412261,-0.1481727076355159,-0.014863170896822295,0.06778498514922908,0.005228764011834709,0.08230821373852942,0.009462708331146817,-0.008270485714638976,0.017887593416704244,-0.251050214584015,0.005665719670353663,0.025020821597641504,0.0028905396297057443,-0.05438850774333821,-0.03127282255365631,0.06780746526263595,-0.02867370845889832,0.16769424759418228,0.07091703194238663
-0.019622283831278727,0.017476774666333055,-0.007442088545758083,0.01592647785687503,0.007888177897255363,0.016024720392276516,-0.004108181066150884,0.0021607320642953107,-0.010852885775954231,0.012495922920802763,-0.0013285544790626446,0.00327899246937969,-0.00842389161021648,-0.007899177834047238,0.01120054610762377,-0.0028636188602622886,0.026860769850919522,-0.016680298132436714,0.0061039805376564,-0.01679868360913331
0.023314957318719576,0.0038243463160063714,0.02374422561407693,0.00825930952577408,0.01624382081031463,-0.015111129944735062,0.001164662833838421,0.014293586274977718,0.023992698798508447,-0.03523388538485139,0.007346417814183558,-0.017111132174770883,0.01524186216128301,0.019485477313497798,-0.030134843953720347,-0.009398515612586525,0.029646834500860943,-0.00023546533344520441,-0.0033960055953145226,-0.009608296719267018
-0.003168886770832352,0.01622663059380017,0.021570980535040828,-0.013398760115092218,0.008862517880196853,0.010867353583779521,-0.013599208025672814,0.019954860229315734,-0.008091765885453366,0.007144458288106378,0.021925055034511365,0.014305374469195593,-0.0042031310003071125,0.013085221140305145,-0.005415211481458753,-0.01030273912241177,0.016982128864522217,-0.0011078448933697716,-0.015907959811471986,0.6411937375668005
-0.0003467333120860962,0.0152273408457081,-0.02789035031458185,0.004927256082227843,0.014744488351177403,-0.0035929825152247164,-0.006323203150426158,0.8191934761452815,0.01910848536526077,0.017413590012664404,-0.04433019805995575,-0.0005101390370261987,0.009842001017461953,0.02100497583294377,-0.013377524663335185,-0.01904590599937837,-0.022348028997350507,-0.014412799347324137,0.013355125779256257,0.013224816291598237
0.8359431148719928,-0.6252837317480741,-0.07602842652456344,-0.3763199738494279,0.1622543064986659,0.01501362477093758,0.014231802307726379,0.3119838484392557,-0.0054171427667119194,-0.010347605482560994,-0.4068942864593188,0.006430078004100536,0.006146660969695525,-0.5407164843801546,0.7875217827438165,0.017427025688157325,-0.6854766391737445,-0.04349601552007213,-0.00650857376959584,-0.6263532375201363
0.12233968299432257,0.27899594138619627,-0.1137638772583291,0.15941173526532507,0.0016198256281201653,-0.03549910665894722,-0.08067027795688252,0.264633157250989,0.46779777361622155,-0.15660977648541635,-0.34940897214766126,0.024153964768756645,-0.01831110949687953,0.5443830409940308,-0.5079299264066897,0.19498492841874518,-0.07530975383401652,0.1956322595684125,0.1971749116870348,-0.003249182051184728
0.0034800560187692904,-0.018774692092415102,-0.022312434926182907,-0.00832247997963482,-0.020744287398640045,0.00012559399757368795,-0.0024354004520122114,0.01001168394720239,0.006191052151452062,0.020195959041591688,-0.008853877511998174,0.0036190204714314,-0.02351696051532638,-0.015588710873279135,0.029541399618085447,0.009666317808653516,-0.013901047695879062,0.01618575358436907,0.005893647727713156,-0.033052059670973626
0.03583158567120376,-0.05668938209161757,-0.001459565485423538,-0.013989475831760259,-0.017898972730200767,-0.01833250347455867,0.00612203766993788,-0.028175739208864032,-0.019780593242963523,0.0008255217579612587,0.40774540584300545,0.01873340968148471,-0.026363443214824797,-0.02481188940234385,0.03592212489430144,0.013569253441970625,-0.043491328337152066,0.0007581442418592432,-0.024525899904728317,-0.1625850778405046
0.24960075495856326,0.40481743111533625,-0.005120123654231955,-0.09839520231722848,-0.25289276997837934,0.013268549028646007,-0.05507096446394474,0.06217144472478734,0.0035087895190489765,0.017418139026202647,-0.23817668191322988,-0.011310635844126492,-0.007386316409795819,0.3574248014588005,-0.4793745260621912,0.007384559825770132,0.4932948217434009,0.12143191917105887,0.016225029514978156,-0.07361193706764048
0.014196542989831596,-0.008841932953768804,0.027828105083159145,-0.004648025360759308,-0.02323502296508263,-0.008564830384365835,-0.03185356110622482,0.0061912247289715545,0.00012750664117214608,-0.02227093902171807,0.007757969117299549,-0.009679356466304065,-0.006920033321865639,0.009155904930611372,0.005408978674250876,0.028656859596459548,-0.012703531278764018,0.05008055325951813,0.006064465024056951,-0.015065808265526946
-0.0045881919527527865,0.013685858339004955,-0.03213462004571798,-0.007116093303799083,0.02776299837507745,-0.011083694272156431,0.01671550394960587,-1.271848937918138e-05,-0.021999942096033,0.019814050369193925,-0.038302909408674146,0.02012185929607989,0.0008329805219960996,-0.011069192231432844,0.0010837716345217935,-0.015332725103621445,-0.005379847149557882,-0.013975458839205382,0.010743076215879438,0.0105974246223598
-1.1376828028681614,0.6791272067082126,0.9543862181229436,0.4749475591213191,1.2077220183066188,0.42145033614250077,0.3101447675882618,1.7401626603468647,0.01326320353484111,0.630022236886852,-0.22447824214339196,0.00010113075521747802,0.7826409194966785,-0.2667127313778438,-0.9299753993884354,-0.5803387626152556,0.90063814704497,-1.3396959740331351,-0.13382724493404968,0.6498310146907917
0.024858150370836687,0.33405093011024733,-0.0008239743807795987,-0.02721062776908342,-0.23356270123236259,0.013480629477465476,-0.08550408462958392,0.14179824712385117,-0.0098612745717926,0.004008736679035065,0.4720694962619288,0.008175138128698734,-0.017391462396275335,0.2998046307165986,-0.06533476106063407,0.012093209384260152,-0.016874282838443187,0.10799122166607153,0.0014326223444930501,-0.08550315190960876
-0.022199456955823545,-0.04041275216866638,-0.21094562942092313,-0.041352445185180615,-0.018578406902916976,0.1405040851707962,-0.5910691229447242,0.012456879805995637,-0.10407731800130351,0.07038975322418653,0.4844870138876016,0.5888905814575852,0.003909578912087089,0.10227382882490957,0.12614715037096036,-0.01884334528684947,0.03917468158796147,0.9854387040351166,-0.03212136645062866,-0.11990164398995833
-0.010231547031402576,-0.008414129288291626,0.010070958267277686,-0.02965930303113408,0.005775842752486387,-0.01667729974454317,0.25494759683552626,0.03846791852981004,0.015620062592465959,0.006807907123633852,-0.0009356292911111182,0.008118030320938564,0.01802968410796847,-0.009104789339797234,0.01704300401889982,-0.0006208007488949265,-0.029567691304529672,0.4846493843164155,-0.022315861582066644,0.26885848369861526
0.5057521269002555,-0.25059875529301523,-0.33071349961558727,-0.18983456270548804,-0.9546316657438317,-0.011070924581960214,-0.3680983050743567,-1.0579656936802415,-0.008518118030096729,-0.6274249961903808,0.12951940652100824,-0.0001294750009383852,-0.007933179958517597,0.576792708572152,0.4332986573500973,0.719270246534757,-0.28829725892060937,1.2561423614206446,0.7120945859218629,-0.1595074209066799
0.031071950228844625,-0.029342284899707284,0.03708565541865547,-0.0002553074616663902,-0.008717779298253866,0.01567046784912194,-0.03364158418019189,-0.004655615716389526,0.0275952090299259,-0.01604445200455197,0.03188880448966883,-0.011980037152782457,-0.005778378537200798,-0.012104201104031561,0.689456067453938,-0.0035850688078264267,-0.03919081722054024,0.06164500106877401,-0.02026333900606632,-0.02081240462490305
0.47659936808803915,-0.2585313685638568,-0.03589371308350418,-0.20488996742054666,0.04527126657054557,-0.005744554124874486,0.0158027966538432,0.1783497663598526,-0.009297273668748782,-0.01608274219423315,0.2824324117320296,0.009356768435527262,0.00397403584332849,-0.2256147271123859,0.34148211816721913,0.006793807920374148,-0.2645309706335429,-0.03325694418721888,0.0057566928004010144,-0.4903152251110097
0.12395845621971255,0.6462680381189678,-0.15067861353569445,0.4052585361357295,-0.4387940016519377,0.02413382624556832,-0.26607440415655575,0.39031702953866004,0.9714675117414238,-0.16342052125831968,-0.43543328839587625,-0.019589291134083232,0.010100330538682192,0.8406850871289582,-0.9550962534235631,0.17047454254466596,-0.0687550604558802,0.403174100144552,0.17421046434668652,0.20227587056696025
-0.005029800220966016,-0.001517627762875829,0.0479579708230531,0.0026022677731636764,-0.017616961431289428,0.08102134721016802,0.06123548038767509,0.021903997456475338,-0.01757568040371144,0.01246901162413161,0.026140646091196186,0.002725018891396834,-0.014650180783085921,-0.03743562937708173,0.0543214800271276,0.019172128511688143,0.011812398778536154,0.09125271010665406,0.010912386819741753,0.013630943916975724
0.007379922695682488,-0.034553089898848685,-0.012234580252922666,0.0017124179546733065,0.024309220163125506,-0.024470995576634295,0.2163681636084819,0.7465269871310695,-0.0025569922283820356,-0.006953512312981738,0.012579557365291042,-0.016373338813512207,-0.014669604016471426,-0.014187227834185181,0.023596428044422153,-0.0017784710116471713,-0.0428256748429135,-0.008056674883140961,-0.031620777673514344,-0.001833498604433834
-0.06242420950659219,0.29241687086908846,-0.13247659112671467,0.14787439600472585,-0.015305595944176974,0.31259279619048663,-0.299183098745509,0.6715757984288566,0.2913352970287452,0.03010627080608866,-0.5086053658319452,-0.012882816598751786,0.022031743330634596,0.06494483128657924,-0.181748890274222,0.050923454327429486,0.11204410238923615,0.2945998467498583,0.40893741799087496,0.19991501991493105
-0.15080235067143696,0.22763841840814728,0.29297321920838243,0.052063108757397156,0.024702173092570875,0.6132552000700228,-0.6650227390457758,0.952585247152045,-0.0012073047855204562,0.20358104064216354,-0.03075280108984655,0.026675602947792094,-0.0039631051961195336,-0.2839742436923991,0.15753171085384407,-0.013105156706244826,0.2371235301287301,0.39988198201178105,0.0668182546527177,0.13447119800286142
0.027428581709608824,-0.030397398331992963,0.3800141386468302,0.0010792475656830882,-0.18579861484327329,-0.01702017989612726,-0.04315236756754282,-0.035168064133972214,0.0043451571149149635,-0.03982281480792066,0.4145218927886758,-0.00554911109161137,-0.0033487716461290474,0.0524850981127685,0.06470051656519776,0.014951296037684084,-0.026951386543690663,0.11080229693814982,0.0038636128357498745,-0.1021834037111282
-0.25760990504399667,0.2933284918197199,-0.6050331948852442,0.10216954175944287,0.1784912982214096,0.0003794789386450956,0.284446891027419,-0.04568019311448639,0.012689153790987794,0.3040370668653393,-0.5588423475969485,-0.002905834243113378,-0.008340246179994674,0.0868602526052824,-0.34236206104178696,0.009801844562089233,0.31483404907072665,-0.18182214857298923,0.5616270734067409,0.3329581442590233
0.5162769420047875,-0.1490082628184424,-0.3609031905767743,-0.20015232368329744,-1.0557787523625068,0.0010210983953560663,-0.42538877859852725,-1.124444160626878,-0.005821929160877792,-0.6419502531255181,0.09956877243971579,-0.02951972629249388,0.017727994960249162,0.6975021715324481,0.6271602250006081,0.7764696302504652,-0.16128389775052338,1.3617312724766983,0.7663393619237072,-0.0969431516621661
-0.03561928638916231,0.1251807700165891,-0.8078865310568211,0.02347797774871787,0.2763956883476022,-0.006405957463295079,0.8383478134854542,0.01370296099403033,0.004515490210564969,0.001328870738590053,-1.303475653831857,0.0038544828005502266,0.013207380637495617,0.01610461595243688,-0.2417492231280446,-0.01802358285224898,0.17904140716904687,-0.14698609629922088,0.9543574881509888,0.3658908742262075
-1.3339374257293433,0.9617096328921667,0.09768737951304582,0.5545413982224625,1.196596067714512,0.4842095346718192,0.38985799282084105,0.9954249574615354,0.02666617498740429,0.7257823374093973,-0.711203702673186,-0.0006834535974074522,0.9300173972314854,0.5935979161938236,-1.2467769750514714,-0.6840102638230143,1.2410551137621237,-1.53175042540945,0.06018462793484459,0.9601673966841862
0.15415921922090225,0.6251455521906907,-0.1678589221790329,0.4016155215266966,-0.7668757843354503,0.006465832939697819,-0.34985223756301476,0.22123568128734558,1.0041902038321389,-0.1607940217958176,0.0018608160577347896,0.028231091470433026,0.025505619012120225,1.3763303790618553,-0.8909703224709856,0.20758664066786317,-0.0929495542726489,0.6113296873110352,0.20064872004442813,0.3640388038597777
0.003813819157514844,0.0019178119848586757,0.21004220869963675,0.007095882165610645,-0.06432003761046337,0.011428866910704152,-0.009247325279348798,0.041680115372377605,0.0045232120686951455,0.003247927708474014,0.19659004999217292,0.00922532740823797,-0.0017296760680593293,0.013985447838758824,0.008370267517658844,-0.0009144765594766768,-0.000544317998914216,0.021063016140185825,-0.009061866166692144,-0.06282959128626685
0.015654931802313362,-0.010866968719096716,0.18702205517573325,0.9163353438908542,0.3647023224108849,-0.012865767536762144,-0.3728078233060498,-0.23749561161873203,-0.002483312578313079,-0.007551114789001946,-0.06451144339613961,0.001145452228026941,-0.024741672998690185,0.00017321181915740808,-0.8220677509562769,-0.002644002561986692,-0.025529905606498555,0.7735516275586105,0.0020123852063958416,-0.10781614667474007
-0.5374842267355059,0.5263060687537846,-0.1245077679170752,0.18428986644741266,0.09115234763382313,0.3076543777467864,-0.13177976572412958,0.3423740887165412,-0.12269199806794034,0.30701419404906727,0.62732471808425,0.6282922719564366,0.31294007978399785,0.7865180398344618,-0.3489066373313066,-0.25229331833755847,0.4328545325485994,-0.2473107560747606,-0.06486586614221887,0.18306762859095282
0.025846400562373986,-0.009758153547755955,-0.021888277903979673,-0.03717009936119457,0.0080733145454852,-0.02551230875817289,-0.030368951889549183,0.0017717878535815008,-0.021734186218603027,-0.018566308426183196,-0.040578955467710995,0.018231205528819565,-0.004394245560262319,-0.0004290855531610061,0.037518481819106095,0.002453360668352926,-0.002144128507179835,0.09365833651519416,0.016378613775934595,-0.0033782343607738734
-0.02276271968701462,-0.007066311307812342,0.01999517916525788,0.019019371007880845,0.010411169499184365,0.012803587683020885,-0.0036502605476294485,-0.018083793155856308,0.008634625318889137,0.009570035273819617,0.008999454240608223,0.004688337044968478,-0.005457852007884229,-0.008082252961557759,-0.04447292860203475,0.02354925798778894,0.015104478737631164,-0.00947017827330759,-0.01668714406759339,0.018729763986545304
0.026838824698734817,0.013267506892480985,-0.020167646410320792,-0.012670225847122378,-0.03650179175253452,-0.008930856979076932,0.003775961774749795,-0.02174365944553589,-0.015687470271760276,0.000942055348691055,0.03851753525677951,0.014857108188663475,-0.011694523092279526,0.03853013033652593,-0.0008059136313161904,0.019973073858437683,0.02886462476347213,0.041364519154816655,-0.009551643121161423,0.012768487462924027
0.0416731459437172,-0.03023116748498595,-0.02972142435905852,-0.027871195704474046,-0.0009352159292934734,0.03178366135993152,-0.00246772924337301,0.012998418196515997,-0.043061416785631,8.028478193859191e-05,0.05534491721202945,0.07427102486352467,-0.005025949376813887,-0.007840039508241838,0.04310601006432765,0.009872745549356198,-0.01992303415620495,0.02982144639754549,0.022936461615138994,-0.042864721872986504
0.08127726874470749,0.3154973195564859,0.5157113097573938,0.16431548928355083,-0.9749812502254576,-0.02438780681673345,-0.30994689664699865,-0.1688743878618181,0.45430358652683195,-0.08002552052623366,1.049882100396268,-0.014703008171539345,0.007578658773078681,1.3279361892346564,0.4498465461272697,0.10008067158684256,-0.0009981204706831226,0.589661280755133,0.0805455432924043,-0.06641804159278318
-0.20360517506620052,1.1518968579607067,0.010192014714111602,0.0964899563474901,-0.2565156419838096,0.9680332867294161,-0.3052646246680607,0.33078508100801224,-0.02480094651253,0.29644836335133734,-0.8416231730909567,-0.005059665109806033,-0.01663384825204145,0.24917809321170767,-0.7347306821222844,-0.009137253705726114,1.3005402528641037,0.8316991877275706,0.6603951841999567,0.5621276619688905
0.02721484440947847,-0.0323927546609523,0.10289789881135261,0.4392677792671163,0.18358785610023923,-0.006639147158758578,0.0443805415268962,-0.13122877833130242,0.006361130375833225,-0.004403619911202118,-0.005621853232466429,-0.02597068115820332,-0.011590935013382564,0.017668770586411833,-0.3872730722885367,-0.014667454750392309,-0.017193158160722297,-0.0837111828342356,-0.0070817236589685965,-0.07853204919372098
0.09572332457478504,0.658590059339009,-0.6533581529080863,0.3554970725554849,-0.2503206332600081,0.014656415418961486,0.004442940313039918,0.32526492073496843,0.857016196518667,-0.13657864545512108,-0.5087759564827921,-0.007913886989025004,-0.00937918956542243,0.7813600579444071,-0.9916208991446124,0.1962141787651873,0.05860657935516571,0.3104383751710469,0.7993706489583039,0.17050890163212865
-0.004743391014903233,0.024367701415005893,-0.011328945643709364,-0.02345180067292265,-0.0688095446563402,0.014695314322916717,-0.019683473231660573,0.7036562968894373,0.022450505123971363,-0.026713106477178956,0.0065351065650696375,0.004446673854743717,0.03166125498180186,0.024858300131171223,-0.005739481874239772,0.01431885697300587,0.0006698450287495822,0.03993906483387394,0.034113648096651045,0.005895327950235455
-0.41568727714084525,0.22354831358976687,-0.18862911535203725,0.14345900133952225,0.008902422971320701,0.1032915076691037,-0.09083491397961595,-0.10093584247626475,-0.07382879853720735,0.5289666871280507,0.39828407241840735,0.38179544846728225,-0.031327202830686636,0.11202247805241347,-0.15898529061079014,-0.012893382177116317,0.2998827809049297,-0.10235568182178666,-0.22678065031815836,0.2223547728732651
0.010705369854716054,0.7435636363383353,-0.0038433882323676708,-0.0146801151142911,-0.42764767775055407,0.015720328321959277,-0.11197291870391457,-0.1019279903547256,-0.027792799068385728,-0.0004766279120711897,-0.09663014524728368,0.008804943843240653,-0.0276682050820094,0.6852585243902096,-0.839395811621013,0.024966850983100683,0.8891463397905668,0.2155273703931488,0.01796202266141195,0.16003449156706726
-0.001565620083023007,0.09217509906570348,-0.5334165718046797,0.0026857593317332167,0.11868015411488976,0.0032624184378396027,0.7265070094071491,-0.04490454227768731,-0.0024835211584219212,-0.012407841449912107,-0.8150210219609384,-0.008366530020557929,-0.015222833939692308,-0.003360328452253959,-0.1617055057832104,0.004331659822900596,0.11928107923977288,-0.0698305565136148,0.6204932161123505,0.24337475057199973
-0.019756419884259083,-0.03274584131842354,-0.017084891239322747,0.006371301918466546,0.059015424209087335,0.005735478507569091,0.02461200413201623,-0.02390487906151214,0.008128919047644125,-0.00647656502758805,-0.0268117094249346,0.02162943017671757,0.02739550486963031,-0.051010689892550115,0.02606676439587699,-0.009936986159100741,0.0002685456599952436,-0.03531261435080097,0.028598025608988557,0.009116156892089066
0.4802998610034502,-0.35329236407707254,-0.03220504543181145,-0.19807040939569592,0.12244151563315667,0.020661074663515376,0.026876402612610276,0.21081309466852513,0.0032383312892709003,0.013326354940407157,-0.24468581911964743,0.01061891936467608,-0.006496007190021176,-0.3148001873855526,0.4307251511814697,-0.0005422990709151275,-0.39260201400818506,-0.06566713134818784,0.002640753685179324,-0.36463716894731923
-0.09149836420580142,0.0695004233717931,0.22496857183040117,0.19970399162447566,0.3498917949322959,0.35141542744392096,-0.2931467084741506,0.2614536284219431,0.0010948473161475755,0.1061813099047534,-0.12553988301306032,0.013743326135087833,-0.018005411272027358,-0.19272702046341642,-0.08076992530820058,0.009088102044530338,0.08036249555891223,0.06791435324677111,0.026267801715481855,-0.00652279150306744
-0.05059898736366301,0.012384473476443857,0.21462387140610298,0.014633433822312221,0.07831441912490728,0.4027336408153345,-0.4237971104464347,0.21812466356539825,-0.021664905916731224,0.12974676527432508,-0.020426143773041982,0.004644554353247858,0.01089319009843364,-0.30881524997415744,0.22812138514500976,-0.018707173175813413,0.03409950543066883,0.249902134667902,-0.004979369212691473,0.0007340847849890992
-0.016963082755788082,0.2246240384342872,-0.03735804955706436,-0.012141986348250526,0.8555765183055083,-0.012394386470241157,0.2240369752272376,0.729969954590522,0.0008250460357399668,0.0035066013965856496,-0.5435349972444775,-0.0029107030105184686,0.007221215997791328,0.2183483979877554,-0.3224513300295041,0.013665200570351747,0.01786668401714638,-0.422152493482083,0.01804511448426699,-0.08254681174331255
-0.018806689728365196,-0.07096386637137267,-0.1919889984085121,0.19640152655300624,-0.34250776387067683,0.18527618006787638,0.4201491941443956,-0.3618062641935012,-0.14592223453157974,0.05694865467619229,1.0507548518702663,0.7226057598605854,-0.013167221152033455,0.791974629081792,0.05901683461580523,-0.02651479513860981,0.03940762185476806,0.2559756141674198,-0.015325187399366155,-0.17668814898426452
0.875636092141374,-0.620580900513731,-0.23228476532030132,-0.2822719204472857,-0.30344808256261374,0.016626594105757085,-0.0009592506332592055,-0.07468195183687053,-0.03639377454850384,0.003125391315455208,0.02939242683464195,-0.03715519893917772,0.01340387879603707,0.4041765660083741,1.5697153838851747,0.0025545596142600843,-0.6921782749933231,0.16245154651815047,0.205295165774553,-0.6569983322487265
0.020247570016651704,-0.021030618270719413,0.01675003483124587,-0.02888913625216758,0.01209327196210283,0.013720576402601378,-0.02706066145024924,0.03862340009094129,-0.026964925384801695,-0.015226234508351658,0.013811969182580867,0.022312182092025536,-0.012310094844695802,-0.01315813975683594,0.05611787409379965,0.01137629457855531,-0.013634759273097492,0.013543764331646784,-0.028094909748512885,-0.014689891102028754
0.028852158369061506,0.004125833339211948,0.8330598360774355,0.013197777696086217,-0.3791637356721137,-0.0002525684298245283,-0.14245281259082818,0.847926336400669,0.008500192374736452,-0.045505341825853377,0.8688799950206626,-0.016627087867444587,-0.005165016072805792,0.13960075118280152,0.09113541794807954,0.04255007430657807,-0.030028479387433478,0.2228207684995881,0.025689153152445302,-0.22019646598003673
-0.0977207283844804,-0.0794073223442473,-0.2696686536558782,-0.04401667266808348,-0.039810201404675706,0.22752485947252418,-0.23243435416731212,0.00048482276396208043,-0.2105360079140947,0.09654269168378656,0.6992460525320648,0.8711038576573291,0.004957569106387842,0.15748528842488843,0.14610751986954187,-0.037180857452572165,0.06893088496250514,0.1520263525123636,-0.0356244397757369,0.27056969575933926
-0.31636909497113525,0.1862012600287146,-0.2921286814364049,0.12124466753089622,1.1463614393074755,0.27460414083940243,0.8069634914311238,0.8537587311252844,0.009974501828815959,0.3816424129742185,-1.4608277615782592,0.0040110944419234915,0.5031821105494843,-0.4947740817420307,-0.34037398481844017,-0.38517840975734086,0.32491956104333947,-1.047878459977886,0.4038742064541271,0.3292228933526853
-0.6766748303518242,0.41529548898001417,-0.07188945403927474,0.2682869000329367,0.10895095692155851,0.014384503241622403,0.0037528974440788065,0.6715505154196914,-0.001752866357504982,0.7817924774688781,0.06193005863810984,-0.005940694036071337,0.009457595497382804,0.0381702227640541,-0.402872771308712,0.012151007219933119,0.5070208456276714,-0.3113210652868279,-0.3049901089222867,0.499289718397318
-0.5026125075882176,0.3504117388967047,0.022488396698930005,0.2094582415991754,0.0929529104317002,0.10975169211740404,-0.5079068660880444,-0.005697018607393712,-0.0041486209319726896,0.6122109674891332,0.04413818682461737,0.024157682804080295,0.019984279798233015,-0.017310993827291878,0.011478481720792064,-0.002627754178014277,0.36244476338794723,0.6381337072901835,-0.201213065217105,1.1612349714561312
0.007525631594123616,-0.013805737109119306,0.0022809901899789632,-0.034071642882128494,-0.04820499064599336,-0.010019087977269317,0.001243948617373568,-0.011333451103118309,-0.0008424920004021263,-0.028690382684159632,0.03802127716026609,0.012193846113862436,-0.02676387276381523,0.02313483167063422,0.025264872971853765,0.004510138844579409,-0.009984576296372847,0.015539281216602025,-0.008471889688211847,-0.024548564528155008
-0.13431930670955924,0.09415155237936276,0.03575981044235767,0.05298798500622022,0.13053102335216052,0.05808924214556671,0.01435727510037935,0.10604711544487172,-0.014181988381264015,0.07643170244597992,-0.07900422873221943,-0.0010267446802468263,0.10147278701107361,-0.009903362593402696,-0.1278219389604172,-0.0659796372901828,0.12228814665252444,-0.13576362179476967,-0.01913122486367857,0.09895344619187442
-0.3553084532864807,0.22186264134444017,-0.06868201629409487,0.14700150177799742,0.0957816587530327,0.004218679990646394,0.021443302966538534,-0.05053927670063246,-0.012685300492348783,0.5848386365380455,0.04641233170696417,-0.01146048246365583,0.010194426326776897,-0.036821080064020885,0.7978512846528445,0.005627509031243382,0.26829686256854507,-0.23344022026377861,-0.26001499725470517,0.26137206178771843
-1.1226204647572746,0.6885442815838587,0.21691337640133498,0.4491230819384661,2.2951571216676685,0.37135727253709017,0.6068511375664721,1.651135723919238,0.008327847948388529,0.5872521149566408,-1.4762859813122697,-0.002771393663053486,0.7583119665622962,-0.34475674498042663,-1.199656671111611,-0.576363319796425,0.8897804707331751,-1.897937077768687,-0.14360654483835067,0.6324027659860286
-0.007636792997936036,0.42077055913888517,0.03897940521389519,-0.006213783900764786,-0.8075220775123302,0.0027939200920782184,0.4508230709264585,-0.39178906035836075,-0.02383514742548161,0.012836564330169461,0.7528780326664308,0.013019487076167121,-0.0065063857568386455,1.3528874732268026,-0.3147396113900117,-0.008644032276571855,0.5102166865722497,0.41090133285288133,-0.03142865865128196,0.03147146085783402
-0.7766190708828158,0.5065120743237188,0.02284657579737521,0.8236734859068617,0.31320632873889925,0.007144560761212418,0.09420483985367907,-0.2964872129418879,-0.01358302368991498,0.9554917965937669,0.13420662952402412,0.010979797768080963,-0.012420647763089404,0.06988806841936367,-0.9040462598721869,0.0023543031743476633,0.5729730653452956,-0.4367739577765112,-0.36582406770041315,0.531646175198611
-0.0271073398661863,0.07171950320607032,-0.2851915672364689,0.006766445915366067,0.08136887403239385,-0.001974376466279379,0.15841892335718194,0.0392906248706275,-0.0031695306373542803,0.02273078749237689,-0.39773922368343395,0.026354439977871368,0.0074714427000963195,0.026046339284586818,-0.08933941192088457,0.0019057955097683647,0.07280597407822716,-0.05168337368489765,0.32323922567258623,0.10140826401128242
0.522161880614461,-0.23530447515270675,-0.3183472880615298,-0.20340753244011295,-1.0014651423269012,0.09889144337164152,-0.5315084241012233,-1.0576045578339157,0.014697277001550955,-0.6412531100652833,0.10217737475329486,-0.013361329039178927,-0.018044463203817748,0.5461163562947146,0.49089836666451114,0.7901739828114015,-0.30674215568158536,1.425008860094432,0.7868702832070252,0.05590400483886573
-0.6103857976681004,0.3716590221551837,-0.07323310548292125,0.24791246531180772,0.272677097870621,-0.003154667129306219,0.10128738098948584,0.026700044567237003,0.007597328738058528,0.731084457044968,0.2535438551546551,0.00025640454169554823,-0.001962510209736836,0.02983803683158113,-0.42675366582361607,-0.025236566890592796,0.4406757259465746,-0.39250027235929397,-0.27651949951755517,0.33325946497703846
-0.48316524549187384,1.1681595649563727,0.07593152747777697,0.18512955105587095,0.060200763941662315,0.1577748095562728,0.044579723049074954,0.4078782661078154,0.013088596438974563,0.25408148630192984,-0.5092991034039367,-0.0004250621939726725,0.29907311176879964,0.6945942308106374,-1.4456521791422834,-0.251426063775664,1.3718490607891645,-0.3237965474155505,-0.04800844705617943,0.6670159298110565
0.0042998148972415145,0.14676140902853518,-0.5614066631912453,0.005066148704507971,0.6821763508330596,-0.0020611682283133504,0.4655594418839774,0.312408679693872,0.011349178658205993,0.02427595100732966,-1.2114433032935008,0.00550966376737421,0.001713931522949035,0.09720278737098174,-0.3600762409665601,0.020623359794398183,0.13547590156184536,-0.31904922079563525,0.7527096345664788,0.13822260656743213
-0.09271192817965311,-0.06410922215715914,-0.31396907283906617,-0.0394429248599595,-0.051193325578861935,0.19952271453393028,-0.27233772431094805,-0.05889422315914551,-0.16786821236898525,0.09069323339159137,0.7902299676068093,0.9017007483833606,-0.015560193784621798,0.21263418999981462,0.14978556292730238,-0.027759965831510462,0.05861665942550964,0.16187007177112528,-0.05640427674968133,-0.14244072648203193
-0.030375589171029865,0.16164073413921048,-0.08564510515479593,0.004292589926004968,-0.05246560626406437,0.01886954073737037,-0.13875092750718124,-0.021209138540327195,0.015010975903773113,0.0160483658099457,-0.5815978040174209,-0.025172822689973305,0.017316172416533555,0.1326369682561186,-0.19420307861334724,-0.0017627828609878657,0.19672676790562557,0.9428184522224599,0.9952196825596912,0.21124297123382624
-0.740832907412318,0.4426526876983893,0.03878530001144918,0.31285696352754433,0.24906982855295878,0.314661968453876,0.029486069571148153,0.07945193748604928,-0.007367140974938305,0.2174113022221366,-0.03958193454048047,0.01577873210031913,0.6662812838489534,0.8311406296242875,-0.4679246386256563,-0.129494057818458,0.6416394387218113,-0.405431388863823,0.2393481023730189,0.5414647148194861
-0.020879151373124172,0.017290634521956713,-0.007044038097440118,-0.00017973446275712057,-0.0019667839136728983,-0.011545485110820902,-0.012385902308345438,0.9177343770220197,0.01710726802552039,0.03210754401356239,0.238507031995438,-0.003513614180508362,0.014818546564471355,0.011893615138240755,-0.003373872735854536,0.0023599031073532357,0.0015734672084866917,-0.04679857074770543,-0.019972680114950635,-0.04054310675909442
0.8764651830005212,-0.5733169795209075,-0.31665669926705936,-0.3547133076364221,0.2528695441454604,0.0022958484331000277,0.1699347488623355,0.3398094513277781,0.017072673217465077,-0.0030852493298707913,-0.822811314267638,-0.021758178489535637,0.004487985985140512,-0.5430198534979586,0.746225696687315,-0.007682625058059483,-0.6564379497519123,-0.12960957696799222,0.300597418241582,-0.5461980316999543
0.09325552780367677,-0.06758254288863494,-0.05988316682093283,-0.03594912085248774,-0.24252944741213098,-0.0007485385658890661,-0.0775330473748095,-0.2370697652990428,0.01742025679442244,-0.11919392928851658,1.1385463458207492,0.00810195187392333,0.008442097584886296,0.23412200531265,0.10412303000023754,0.10981950610827915,-0.06006555465131025,0.22982710075644736,0.13915196150208423,-0.34247670617232945
0.35577714404593075,-0.25496631866933456,-0.039555199527696955,-0.15109858893630054,0.08203719212641097,-0.012092089586253364,0.03980523261634307,0.10599359182315198,-0.005626985165594845,-0.02025580366997774,-0.16003291456362767,-0.003773958574889133,4.446109828003166e-05,-0.23489974516506232,0.3404944016446948,-0.002160420739143177,-0.2922540476330893,-0.020890226473837533,0.006188121605201045,-0.27175406202204055
-0.0031401376360979246,-0.016242152811482415,0.0040492944995826965,0.023292271706276867,0.020813840421106206,-0.009704106819463465,0.024867092181242403,0.0020903764217275133,0.00471183129129313,0.008999800157822521,-0.0028052664756818904,0.0014783335105088237,0.010025302362439176,-0.03844573513740751,0.03483477425117903,0.0037229724771006747,-0.011196100179263271,-0.051928051599537325,-0.028203962740009383,0.010241932788996808
0.054914864224663074,0.24481951966785578,-0.034298272514441785,0.16883756118305226,-0.17927249468246972,-0.0026137511170703336,0.29891356600257846,0.13124282006942634,0.3857908130184039,-0.08605586289862455,0.3506481838371829,-0.010847658849249311,-0.0007222754073213569,0.3503904653714881,-0.34194897818289877,0.08585903321381377,-0.027363930405128637,0.20629242896493993,0.04604335763296585,-0.09706359201368851
0.2400021963856626,-0.1205613591606148,0.20809959789801727,-0.09196300790127727,-0.6117660134568691,0.0032723483252438583,-0.2322861492496217,-0.49059248961842533,-0.004550023536890484,-0.317998756425162,0.4409396121044126,0.028282717025994948,0.005405636510613361,0.36271947829675916,0.21140558120073571,0.3463360329919819,-0.14258103610706568,0.6796710673104693,0.3785227140374042,-0.16078346346476755
-1.489372684045887,0.8401644213177824,0.30817939548549705,0.6045639541282325,1.9311264442036336,0.5307869003970835,0.48251103732467543,1.4286805060616323,-0.020159654150113986,0.8101708913715951,-1.1929194508804568,-0.007281942216813402,1.0062099550933643,-0.5424324398497302,-0.6951136496142706,-0.7551356444179537,1.171479325807647,-1.937440985669835,-0.20639449703837048,0.9936883078285992
-0.5949454366207451,1.086529739327878,0.09929297339882713,0.23997872343149024,0.419938942903829,0.1807092520089077,0.36690122532662134,0.555626510747241,-0.005048485885141845,0.3130226505762778,-0.5997136897948188,0.0027843521521671304,0.43234708397815125,0.47544639925220744,-1.3784668554458825,-0.30672078987090196,1.326960659162331,0.3325463783980678,-0.0845042258187677,0.5777474847879088
0.03343722746320773,-0.026691251661932036,0.009791031551777279,-0.012992347793054491,-0.015299824554402694,0.00761432573385308,0.0017265712252042247,-0.005050125450361584,-0.02229884192281087,-0.03131547294170457,0.045689059937345504,0.01992796304905973,-0.02354967218573388,-0.023978541414311542,0.03846959416396381,-0.0042441825045749886,-0.023781467399095136,0.012258716987239373,-0.021862768888056282,-0.04562570228928313
-0.4732057555842059,0.7335907334109809,0.8583445875055334,0.18849009986628476,0.15119046725036223,0.18042077369991968,0.056721031050895196,0.5057143654683901,0.0054274244159754695,0.26803113606376816,0.45401416435363995,-0.022029143012726723,0.3269873422777676,0.28509499438159674,-0.8575938086690567,-0.26072487206704265,0.8769351780042722,-0.4270974139560078,-0.07672400736637416,0.19398330986895956
-0.03848755049727584,0.26310036437855155,0.36263155703580724,0.17064580224684475,-0.2493804872244815,0.30075979535485914,-0.44869102365867175,0.2166376049815503,0.35514957664519664,0.027943131803252603,0.13638704612919794,0.009823731181460198,0.01317904925759674,0.1802957385413032,-0.1749620075111243,0.08750435604105572,0.03441676511285243,0.4329865547725592,0.10253550432197407,0.032678119154806354
0.001079062738839667,0.1213930103400906,-0.004505330329809772,0.0033973871113657794,-0.5884514098552791,0.009750321431853691,-0.21083320988168555,-0.3419607547899653,-0.027368582973409987,0.010673750590321975,0.6213813313364953,0.0013063699351883813,0.0034757728635158424,0.9249273564448947,-0.022476844326615956,0.015533750528126389,0.15811462132494264,0.3184399714736944,-0.007247107765179068,-0.009134078842903685
-0.011787280447628183,0.009197300132391707,0.023253757674506277,0.01988070312787613,-0.45410490599169523,0.012616312247834247,-0.1142730111820568,-0.28306367830570855,-0.005606310251632695,-0.0051706798193968985,0.6091264701455055,-0.008497777555974532,-0.012713869870012447,0.7642095159183842,0.11077293678995435,-0.012871737957729838,0.03322570058538516,0.22272331287982983,-0.02305289058060021,-0.050345669606943734
-0.20062615874670667,0.47747465489831353,-0.0838353653197451,0.2916856982746518,-0.15410491244984229,-0.00378752705847399,-0.09413774556980813,0.11128281425030044,0.45783341786311604,0.27389421680654835,-0.13278495006750232,0.013657639850401634,-0.0008915814010618081,0.4244192733009649,-0.6303515128759934,0.0746531904523993,0.14095420670886233,0.05720229223780535,-0.057878644243018036,0.29540595006710235
0.03380925748060692,-0.009623438801061913,0.03916562988559369,0.035009492588046594,-0.0035538027785334218,-0.03006430840225388,0.02413466637613292,-0.006969466154373513,0.023017712804337523,-0.01237834425249531,0.03724576851249365,0.015077183339281458,0.004571264308575443,0.028756616878740142,-0.06899177651321083,-0.005328489412276656,-0.012922385153149304,-0.011181530902001744,-0.010723543935267747,-0.032993951592439466
-0.021631119560287834,0.007784992125531253,-0.012639997594634165,-0.006584542693584782,-0.5179546847540953,-0.0008111640736647414,-0.12703544182991516,-0.35016291958109963,-0.0014436438107744542,-0.0007251657088035822,0.709135222738796,0.015605348089988846,-0.01496265181086876,0.8532079562932631,0.11892015615226287,-0.003371742633679814,0.020616678995561254,0.2691946132000403,-0.0009730452692784889,-0.043119982865492984
0.03403966151887891,-0.018127982202560823,-0.010194093579934274,-0.013896387425478192,-0.03444359110497977,-0.0010859388123517734,0.034942045473027455,-0.0022536691215152595,-0.008253461035360702,0.008449654284273807,-0.01829157813553571,-0.011340860714829691,0.011687387711258964,-0.0027467734501755527,0.02644609810046389,0.010639626698402608,-0.019665500697156002,0.00965870602468208,0.02619057262718415,0.002802269306493719
-0.04066081160019825,0.18340565023042907,-0.7173914787654045,0.021029293551596932,0.13936575146584523,0.024044378834800546,0.3355172641727466,0.08801169864618197,0.029339684725285427,0.037458612078936984,-1.0117801475242636,-0.0023675962670875357,0.050470980534138926,0.21488573722958929,-0.2163813641430576,-0.01926094614310965,0.17286992403787924,-0.091158697653576,0.8692203198855949,0.30132201876220194
-0.028431208600008365,-0.00808937605018287,0.9845416314560386,0.007736218178034759,0.3257183791239134,0.01996362934297713,0.0699004685075105,0.43853802562017474,-0.015464687765624723,-0.003922060560635288,0.578193109486654,0.0073280690426600174,0.0004451190195636605,0.0611134874513014,-0.06989487153488473,-0.01758110693953865,0.021350759799535473,-0.17167217105566843,-0.0009767861919482345,-0.2599630765846496
-0.4160009786428283,0.26868330878630253,0.7332440776319076,0.16196065096708878,-0.22096262881096243,-0.023604014287029417,-0.03605285704892044,-0.06679759004233325,0.0076273103229567065,0.5236840072819293,0.8860251517184868,0.011995358924301178,0.004603078114447538,0.14835352076245645,-0.1749054812070647,0.00017797501980500088,0.3123252325759071,-0.038674952032027726,-0.18659879117921424,0.14880239136087997
-0.01788110985562356,0.02630149294681712,0.022620261892278018,0.020131597030184092,0.010756817138916571,-0.015117037565145002,0.012761770560467772,0.017781246732311254,0.00558320620802363,0.0008314386209848446,0.0076004608428162194,-0.02750444139743315,0.01693862354093628,0.012480233070599374,-0.0039923879152700716,0.01353637092528487,0.002127628822208548,-0.010194104035543675,-0.0009361673946910809,-0.0016524349364478931
0.6813908032734826,-0.3615019133171551,-0.45311452686937537,-0.2833687377480775,-1.1947274871855333,-0.009924697834687631,-0.4785615751165705,-1.3540349069515871,0.0022866141180727627,-0.8050920498870632,0.13739926155069382,-1.2558245531605976e-05,-0.006614865177812738,0.7285337674873769,0.5812922794100057,0.9271335779253413,-0.3757091342212138,1.5783795661105862,0.9113538680460243,-0.20161584239194924
-0.03370773879299236,0.028276457335976588,0.030988814866028794,0.02486504980751574,-0.011198717480672185,0.007508639117971867,-0.020140631732496205,0.002138790388716668,0.010057686989497546,-0.00316562214841872,0.037631701323632805,-0.026498113250543336,-0.0011566862944183995,0.015598154038817952,-0.04687379030269127,-0.0130149169464247,0.03759081872071234,0.015267889356581368,0.007038407578617503,-0.003893830318031704
-0.0029248381416823394,-0.020134534319223393,-0.012920430510353199,0.002497004502304799,0.028815648364067067,-0.0005342396496100101,0.04783260351395038,-0.030593370808399196,0.007900235407016176,-0.023056202427269162,-0.04630066985351683,-0.0007492078238706939,0.0048444826249740966,-0.033919678451165884,0.0381229501109998,-0.014887063318491593,-0.042711506396291066,-0.001592142901079733,0.03658250518845648,-0.0023838347897218535
0.0016279298062732775,0.02018357570932365,-0.0045205435573064685,-0.0011665264686183448,-0.21910283462027796,0.01926193846697356,-0.08612960882040756,-0.13810144501416083,-0.00887031824179077,0.0284218557796895,0.9339851244215821,0.0005062976151879225,0.02753722831881126,0.4037246099609042,0.8104740006790716,0.0026748334552013867,0.012275167443344453,0.1098984469162966,0.00929479759339489,0.6507938889305981
-0.006988048091597296,-0.010218417387063925,0.03153459355985972,-0.005420930441705412,0.000695130766933459,-0.020207804382134938,0.02227773989849604,0.016550230530389412,0.010630103752334401,0.011317086157851174,0.04012056450634004,0.03841175387019227,-0.00303054443384198,-0.02703924336891503,-0.0005479394050475796,-0.00685433641381844,-0.002055891907490264,-0.039265215658222954,-0.03434358080903185,-0.0089131369041408
0.5055340688141317,-0.26859267482581584,-0.2897416981872246,-0.21553217305333303,-1.0172339588203243,0.09601176499420203,0.18583208424262143,-1.0990850042769846,-0.003089482125639997,-0.6335000160197418,0.16703464626904171,-0.027536050425580872,-0.005316981542295492,0.5572538569172801,0.5031892950066178,0.7922065406073387,-0.2958751501309523,1.4318713062466208,0.7525316636380146,-0.1683901484962685
0.07644672235962649,0.3344163420814962,-0.08833908430844065,0.20377311312689797,0.3271979877330538,-0.003965686094756216,-0.0022962625922630375,0.5580486036567698,0.528983982278493,-0.1057078697042647,-0.3928327495129533,-0.007732389624029279,8.149740140256639e-05,0.8206319447448096,-0.6159863540533372,0.10177851708412505,-0.04725479802548154,-0.03583712289802847,0.09546942643694113,-0.022778524664289816
0.008278261716802302,-0.011137143523936792,-0.0315921075234919,-0.0012782205795822204,0.3944422915370602,-0.01729736628013301,0.1081443739253279,0.22232770023880427,0.008349640152226563,-0.010767323564364379,-0.20798396530907226,0.0027125259592726235,-0.005562119805986904,0.12391597319841782,-0.11727217358018766,0.04732256923042964,-0.01103749739171059,-0.19123552834862706,0.007601707220879312,-0.04806865751980602
-0.02710260449256908,0.712354619692751,-0.06860968667245988,-0.02607500255374406,-0.46891646439899715,0.039000724722505334,-0.29477394082290337,-0.08355841331681409,-0.05191388967378481,0.016002319600197573,0.13134909921269572,0.24063715403088515,0.004199005977385802,0.7582177626217368,-0.8044429030602844,-0.017939937083606312,0.8430264467216141,0.4896210354457245,0.010444169669426545,0.1190799782247646
0.854491590285358,-0.6150189648477509,0.32040958846279605,-0.3158847021943868,0.056570236097436964,-0.009135080304405926,0.02883334543642707,1.1933785371570915,-0.0018894878338185763,0.0014469458103622147,-0.016439002088419467,0.01461816509164194,-0.0010568755630153755,-0.5067639299864168,0.8087678925607554,0.0016872712491581233,-0.6928953449647611,-0.02026783474752642,0.012391900786453577,-0.7273920711437842
-0.015012384225719017,-0.009036813136315016,0.00013584942410662,0.004891384699000478,0.6820386425164242,0.00423183578798836,-0.18454783435147734,0.4643906781163959,0.014606517288674896,0.016940124702885674,-0.3952133768486918,-0.004627161933767663,0.007867012088693705,0.01723391703965816,-0.15719571969631801,-0.00038779471739567445,0.014134644460338838,0.3201431383974425,0.0036338476651815296,-0.11882099491480708
-0.008554715056045017,0.005081948496193318,-0.007859827456161907,-0.01162230074537951,-0.08108473697247558,0.006336557211618845,-0.029044681213753296,-0.05005014261069027,-0.021401231547904437,0.0036490449506811837,0.1311533673983244,0.015518344211216818,0.005403413635549571,0.17256299825671792,0.04911305467996972,0.009968646536234822,0.009841791078429066,0.03427985023628258,0.028442551501960907,-0.022901955946842502
-0.17026741424675165,0.11853310710829326,0.03038620270298195,0.07714294666733842,0.22604961233354143,0.06763052439682778,0.02049455191025981,0.1391165004308657,0.016660699490793733,0.07053937690065534,-0.15539036704194048,0.0013380527196850817,0.11654520765583408,-0.03390109669117637,-0.19959050845835397,-0.07417345900750179,0.14264253790988082,-0.22524410407644951,-0.021371764018577277,0.10903405567972829
0.20943685130505296,-0.11279009846726397,-0.17256132775753985,-0.08792048461449409,-0.4014387837203176,0.0009450927092236067,-0.19986348466080409,-0.42670118937258866,0.004889589997636298,-0.2857154260227804,0.04055176378058327,0.008896717762537962,-0.0035938180281113938,0.2972381867311591,0.19402378513021454,0.31964776569375175,-0.12294453770539104,0.5596854195149179,0.3396502485233096,-0.044012844077843186
-0.1709597449133078,0.35017580188008984,-0.009423386809042124,0.0601620397402617,-0.10302042380942425,0.006784198431094816,-0.012992214862648777,0.05734176613787345,-0.016522078776978623,0.19868999442920293,0.12569852603297327,-0.016400870058263833,0.013969230770125532,0.22380680225063906,0.7443355403349334,0.008980272133986241,0.12888979418488816,-0.035656723260104536,-0.07988040889506569,0.12747702354610455
-0.7908357439336127,0.4642640382495472,0.15708950428981824,0.30269180523477446,1.06139683045012,0.2927513666509695,0.24590634513958665,0.795583323809075,0.017829509047186984,0.4297572566187417,-0.6926721486167594,-0.010289785144405586,0.5516021056993695,-0.2828229889327223,-0.6611963219670236,-0.4115347112761038,0.6162907114586442,-0.9872420547813769,-0.08872973247116284,0.5470521363540467
0.02444402976173093,-0.02084302265153758,0.21449986337187144,-0.028941043401975966,-0.08592739156597293,-0.013923846817712408,-0.027740269729669524,-0.012713824154559163,-0.015063402611857228,-0.013457985873642036,0.20012560372480767,-0.021766210563922837,-0.012038464145365598,0.03840237707345784,0.04105988831521892,0.02286138843910078,-0.018306643510812976,0.06967391177098163,0.01132678876379073,-0.04125704707699647
-0.5073527634887881,0.39935526985875797,-0.4896099099624686,0.21494360029493614,0.2430230193437384,0.0008979713674207154,0.251392003538122,-0.03123516580236138,-0.006559889531851113,0.7743018564565098,-0.6140477974665982,0.01048307953607764,-0.0051832452987356,0.004754134439262144,-0.4005231516997692,0.0026243823946022187,0.4210814127331533,-0.36503079226904867,0.1557633067670626,0.5481531989043984
-0.04535517842107957,0.038280494664425437,0.015141191864195049,0.02920165536547589,0.020779496050359305,0.01137633766727238,0.8429650591074831,-0.0039178664392943135,0.02445397344103951,0.015026301619056978,-0.008770106155788576,-0.015445089801858316,0.034504163925442186,-0.0016247182992096447,-0.021846528779768504,-0.018609152354202498,0.015318751763113413,-0.03689869173650516,-0.00679571917769038,0.023508606414807842
0.21570693594170498,-0.11272356998646578,-0.1426138325612921,-0.07770042102980333,-0.4205629142597987,0.01287399549130351,-0.2096290119545131,-0.4762385225064041,-0.0010394989787288799,-0.2638988174442959,0.08054094021755337,0.007028539762233263,0.0006445616914517306,0.25972814623246887,0.16533616602145013,0.31936021769234113,-0.12935574850729997,0.5753262266828509,0.32317405095991636,-0.08800272851578585
0.9301009834973075,-0.6830158547737636,-0.10412387425745544,-0.36948481308752273,0.2459370479335722,0.019712433713287382,0.04746711050743925,0.4223577153329795,-0.006129645038038918,0.02246353699966175,-0.5410471262987981,0.009477267278471025,-0.008884266706789741,-0.6388470694115916,0.8772626460124924,-0.01700843331762396,-0.7799274454252875,-0.13171166823199726,0.007732400396012797,-0.7121817336953438
-0.40603724058023405,0.39523605308877224,0.05647346365263782,0.17662763387839414,0.07871318166732497,0.14366984232133795,-0.12588455396074136,0.8015724320755137,-0.002148635362757943,0.4673053459777265,0.9101924534571378,0.023817711234565137,0.030483122776792115,0.04791839517193802,-0.2424776574040954,0.009158179992029617,0.33575364182965145,-0.07552402904610744,-0.1475203407409552,0.011662149860898934
-1.3815500444028133,0.8150971002370241,0.4685981806696826,0.5428149112500518,1.6979953790545297,0.8903518743359923,-0.07842089256772425,1.4148765097572602,-0.015317678749723083,0.8170807596718654,-1.0549998991272838,0.0037135780748736194,0.8705472112529355,-0.6870882074916764,-0.8507297364643015,-0.6339048937800568,1.1127240113345371,-1.3391454237043372,-0.08112464774190221,0.9479823116060644
0.7180907893530106,-0.38204560395116083,-0.4835860704646533,-0.2733994715894761,-1.3179026746671576,-0.005701755668844041,-0.5174665844789531,-1.4400520981167537,-0.006898955376917927,-0.8498632176882268,0.223208622436312,0.02225200926298415,0.005960559514714527,0.8115875901622372,0.5981255250048573,0.9976950489917841,-0.40810019374490397,1.7123552276664527,0.9817415325324154,-0.22872773466122093
-0.5624555192247255,0.8231874408457834,-0.09154310701922158,0.22922377654916976,-0.1316569177751361,0.013792879057296379,-0.009172002604042346,-0.14338727838448506,0.010398380504659592,0.663809085519296,-0.0535441782983592,0.012244454771180106,0.022260634935971392,0.4400656569090745,-0.9270650775114241,-0.007931259382276023,0.9384543584145169,-0.1562970578533172,-0.2500178264250988,0.5622141766755272
0.03057423320559173,-0.05096679744619776,-0.029452000421163808,-0.0029479702464040684,-0.01272845139569349,-0.025727224030246923,-0.005463001448256569,0.1055932362470746,0.008332918387209374,-0.048584810642569184,0.2432223860887528,0.01671375214727375,-0.012472517738842816,0.008937721542905659,0.6915938124497317,0.024459859259017752,-0.05710967237396107,0.0300856908643672,0.031785485376163575,-0.1016491440839311
-0.31791885612732496,0.9398595659678131,0.43935320977884607,0.08643265194259925,-0.40287139759452395,1.08810721031821,-1.316239888272958,0.7330875750139537,-0.10170448046688574,0.3941474514386651,0.7715542110661135,0.4187000094475346,-0.0017505686283058822,0.35788791979797724,0.245547044828498,-0.051047754303934705,0.2635193731023494,0.9365005941199153,0.055269637017097833,0.13774745424837276
-0.39771660064506975,0.23732663771309914,0.046626286133604006,0.13112043160091896,0.4933995019768074,0.12325522888960982,0.1471174716168454,0.3959980939692836,-0.00782235065331415,0.22760091231255533,-0.3191931015206157,-0.00452121039349907,0.25787854757077205,-0.10610359124139054,-0.32775068873554747,-0.21442629194884963,0.3079444967941654,-0.5024193246881747,-0.06675227680505436,0.2880642427425549
0.010476151821910135,-0.024482915246794974,0.014624251032238546,-0.013852887772576709,-0.013783657525491894,-0.003785156902628182,0.8214910810793287,0.021723250553777475,-0.02151137901818304,0.0024327163252994433,0.015301227105170328,0.003198143428399451,-0.011171479284180314,-0.017736945310938588,-0.009353346561420601,-0.002264219469908367,-0.01741865452727582,0.0026037747474632195,0.0022582789667815765,0.6762948576197032
-0.9956962503836597,0.5749519904896311,0.23354932899529202,0.38171516538292577,1.2793435117881389,0.3462480026151394,0.3258146837137734,0.9606302651474061,0.010889934611578332,0.5222024466881978,-0.7613971563798506,0.010034499054473112,0.6846753443765417,-0.31717487689868135,-0.42821089879130864,-0.5092337710504286,0.7843782257117553,-1.2775992327362315,-0.14316631534074034,0.6447649416783531
-0.008481287159012824,0.5042696171236312,-0.1305138109654297,-0.027634153487612077,-0.23315330973845086,-0.011061827328678272,0.01977455687293265,0.2585657722806268,-0.0015609879258347815,0.005830835615913774,-0.05225031211108581,0.01881769007135961,0.014176304706432708,0.456703799984924,-0.24846712212961686,-0.015439026662801572,0.04732174202535609,0.059077723521756116,0.12865002529511782,0.10934902036232927
0.8360761935204003,-0.6082739161190358,-0.07367658215907368,-0.330727158317022,0.18030547107703065,0.018158900751041616,-0.07897872068686769,0.9479258248407196,0.013008569571203445,-0.009928362071446354,-0.41104391094586,0.010097956022286799,0.000306121553082572,-0.5320957599229247,0.7704497217785785,0.01698456467933612,-0.6918630350933349,0.1971841200675606,0.028899871295509597,-0.08767366426138581
-1.0471803788051235,0.6640730477012282,0.6601958559414896,0.9633850977119088,0.9171476200591594,0.2548555592977894,0.24440664686160335,0.4207851000632078,0.023575057335591065,0.8084888243680912,-0.06772768569243096,0.008848966902735924,0.44478075316357096,-0.09595971376625051,-1.2865666673081213,-0.30156641132574336,0.8154967638785142,-1.0028507198593182,-0.24462528101944603,0.6065413342530044
-0.05222368311143154,0.4891587065853996,-0.030189323675033672,0.021730358881734024,-0.2913776118210314,-0.016765538422482663,-0.05596975464631544,-0.022622452475950315,0.024211647552748482,8.647938881555309e-05,-0.040110071370901626,0.008846057699487127,0.005542800290177077,0.5336867980886822,-0.5741883616365124,-0.015559174822730712,0.5472436222768762,0.13198592563713646,-0.0024591911225965574,0.14081169817766886
0.9165942527402585,-0.682732318619901,-0.16216968697414258,-0.40426684757978754,0.17654355656976078,0.033895794801463396,0.017861894007213292,0.2904155009854017,-0.04620621376730656,0.005246427422878975,-0.3190116782189049,0.1727876406383917,0.01453410596959612,-0.5674351070098976,0.8885469173559767,-0.007267905760897633,-0.7519270354962305,-0.09090489431051474,-0.02035885952895869,-0.7382735993902063
-0.006636765318847743,0.5890237667431144,-0.040249262504349674,-0.015872461506158102,-0.8013753094901885,0.0027214346784251425,-0.17501301585068935,-0.08076760185426962,0.0011542511624361308,-0.0039633283508691,0.8690945337880702,0.018284788373639976,0.01332898922818051,1.3592088770990516,-0.10276854369159609,-0.028132649642011034,0.0369099198580091,0.35319418560263577,0.005250491801893782,0.0034034609102721516
0.005422258452108774,0.011012046284052078,0.008883326219497235,0.0018849689546688833,0.004666441842659305,0.008229807184625125,0.03168648585060895,0.0014580297370238038,-0.0005329624979594121,0.01976008284406994,0.006009717279248336,0.005235868283808014,-0.004219243119243799,0.004173852061288261,-0.02208280344419286,-0.013338600497612232,0.0177025362441278,0.016645606519332834,-0.035067229535797814,-0.009097967376141566
0.5923147124011819,-0.3002808611058691,-0.41984295609364974,-0.22470536908683478,-1.1037530901297157,-0.007855085617375803,-0.4667401172366943,-1.2184136024383656,0.017670127800336357,-0.7580012793735651,0.11038580647672813,-0.023687697565175476,0.019072679160934303,0.6835133178110596,0.5080334046408577,0.8398719519636986,-0.35416978448656955,1.4585855047312422,0.8534827234731327,-0.14568094187922445
0.0687311582612207,0.23244150563332386,-0.016516403916780147,-0.019486008909285372,0.8307217053778418,0.0031690472857143015,0.20458923889967123,0.6060462145570361,0.01964871939849815,-0.03202151939950258,-0.6313914985237076,-0.027188382013115468,-0.006602634937572058,0.22703078043020972,-0.5194805751858106,0.019830403642308838,0.25621213565848155,-0.39367275603067076,0.039359746876564586,-0.12770025908267146
0.027332359938214656,0.11618391117444879,-0.7074360487071579,0.0029054040118615346,0.17469581390127367,-0.012793976109421465,0.3660292893088098,-0.018667988070846266,-0.013758720727282923,-0.01343911596413611,-1.1018853002017799,-0.02868347772959808,0.0009544746617496285,0.04285688147170249,-0.19690466078139446,0.0036297285466844915,0.14623851062528018,-0.07368833159875923,0.8603957773292735,0.2862232059400364
-0.03617374590248842,0.1560418366898084,-0.7565570675782642,0.006667384071277241,0.2251414966490769,0.023518308696102115,0.41168540635966155,-0.01651810917766813,-0.030505561902353737,-0.00799601469905704,-1.2264058067010966,-0.01688023850702399,0.016590652398689485,0.01345133081778607,-0.20454536846109025,-0.02883315209351107,0.1982941679527105,-0.125199023137594,0.9103034254279698,0.37784077698263413
0.03490681236154271,-0.008866460861649175,-0.020408914168020594,0.00870542677854359,-0.019131570116204838,-0.02842617184073317,0.0034260358040816737,-0.026019609379439423,-0.004497918036297105,-0.0022105126059003555,-0.007622429418585301,-0.010773632438967728,-0.032893260676613946,0.013594647088573268,0.01548261820119207,0.02309666129838743,-0.05003731613468711,0.02894644358791635,0.0015071064874938533,-0.03917917142798987
-0.006963714423691172,-0.035238040675118015,0.006660621404327917,0.014835938271185494,0.024532192008274955,0.01436335456841478,-0.04854860042859233,-0.0035225854847253284,0.005050099276543481,-0.0007294803662350106,-0.010269298591705372,-0.01667377549202963,0.006995695613353588,-0.030498157369858257,0.007243878093995521,-0.0042527387163216485,-0.01965916389099151,0.017794822351455908,-0.014007514204269206,0.7981154957693722
-0.006075555644596658,-0.007289078057955742,0.1212260033940573,0.5898901577899257,0.24656898576654046,0.001163730435346809,0.07256602085332688,-0.16108175159146523,-0.020224698679537682,0.003361557630420247,-0.03463906990584698,-0.006448043736819941,0.02146280504257883,0.015894068513604476,-0.540313000186031,0.003250293043937578,-0.020422801187315265,-0.12058825383074867,-0.01013454006680768,-0.07139046051289874
0.025168193163691593,0.00419011312869267,0.003677641520130323,-0.000780771503058931,-0.014180963772489804,-0.004622626209575453,-0.001156189699522336,-0.05621314839512369,0.004799023748659186,0.005551108152818979,0.001725721755536782,-0.010597613568996099,0.01349882180431533,0.010932412209575873,0.025589686628004364,0.04258006673979213,-0.0033202765281453534,0.006068795616597051,0.035669189476657814,0.012093352766554911
-0.004600448496343491,0.24854918069031412,0.11928985083451504,-0.003667997855222643,-0.6470552112199051,-0.016541783757426747,-0.14517520903963876,-0.14845836086444317,-0.010714763278786739,-0.020296650208807023,1.6549577732728267,0.011261585412499728,0.003390616126760871,0.9929650017842642,0.0037951211176572006,0.020043617580880115,-0.02169704193900244,0.32202623834744387,0.009491746586107252,-0.340377915527737
0.02173957250498861,-0.02995230686369824,-0.01908076979420957,-0.03281554404999652,0.4572916811548712,0.0019039954412203778,0.1259266541750381,0.33369738760575796,0.0017829309472273316,-0.009270750019449428,-0.29172596373314236,0.010597831372113706,-0.006889540367519991,0.005090714121576806,-0.08900492788880182,0.013482036965867384,-0.02268341121953201,-0.2006588620582195,0.005649934613515867,0.32265732253170126
0.006912778520115778,-0.008918983822897814,0.1841931448709811,0.870262497764415,0.9490612645625466,0.01087056899514455,0.22414628981400367,0.13383794003560098,-0.0033976557531865672,0.009450471308693073,-0.40400394004497436,0.007992286439738181,0.012794413492056572,0.036842277751377356,-0.9359455506485147,0.007943112930160529,0.004322567239597084,-0.4289538590765898,-0.018977680692120923,-0.2099215257261094
-0.4611450546890434,0.3229477108889502,-0.04540022264428889,0.18589784327178752,0.07404444733977412,0.004474261677041274,0.029425263948041232,0.39560339952090917,0.001745341645175984,0.5990719987708709,0.12328250030250741,0.008345587564933211,0.005556311027646948,0.034507842766905085,-0.2667619728314129,0.014533291866588414,0.3371596639243175,-0.24668709254521842,-0.26640768923282465,0.3258310768927282
-0.18976512843465668,0.1009818223867781,0.3924464184320105,0.08423037164124818,0.09730227768822503,0.6793233710860171,-0.7435698169684699,0.29633220310546177,0.0035152201835269973,0.21000242034287137,0.126854388395599,-0.003616419073658058,0.014563883960048783,-0.4086647539665043,1.0261071582740435,-0.007652253309749969,0.12531256047465864,0.42140423271771915,0.04709249307231778,0.06622413177406211
-0.05658070540537642,-0.14654709969097704,-0.31087947085828915,-0.06965781209953471,-0.3976855242715719,0.21882919166939385,-0.31969229933580146,-0.2589450904217543,-0.1997893611735271,0.09592413499745336,1.2324510527596269,0.9204315877958053,-0.00320795728884296,0.7672201214625656,0.3285947413421457,-0.04415510075128489,-0.0005647279836393931,0.29128030970080726,-0.02867656323733345,-0.22294184385717208
-0.7319136410834071,0.4357981950900577,0.1456041137670291,0.2703832357370361,0.9349008260474602,0.2570144901299281,0.6196971441106086,0.7123009851301697,0.0031689385332806545,0.3626346591719194,-0.5926959107304154,-0.018314116957779375,0.48677328268084763,-0.24909265793317378,-0.615135605912895,-0.3632287427850909,0.566371865045758,-0.9239443528822239,-0.08968227947115316,0.7991654239108742
-0.013976092587109284,0.13326699948058737,-0.013204153493658244,0.00715758042471858,-0.04189735875241033,-0.018725228816048628,-0.4696312074266335,0.0739475818788401,0.019564591052492072,0.03077576008937417,0.01481150483293381,-0.014504879409448126,0.011350218044558987,0.1113613709441435,-0.09419571068226139,-0.020383950891516674,0.0020808055969481387,0.9602968366128247,-0.001389697064518424,0.3495098579933461
-0.7969070705231224,0.4934823890386433,0.12838055461009362,0.3285812819148721,0.999700625127344,0.2553806161496675,0.284862997783186,0.7495274775578633,0.017291306557704184,0.4072534694173469,-0.6373581317975391,0.009729032437161823,0.5406255650060093,-0.22783226992932723,-0.5310302852423288,-0.39815709747306743,0.6242271058092679,-1.0360659505231045,-0.0899286379217224,0.581909814818257
-0.021263801132592637,0.030815447066316774,-0.0214687343587481,-0.02384300240089617,-0.028165214653614927,0.005802339723262539,0.01390654699292446,-0.015570740897728818,-0.005876059086481991,-0.0006645033116262535,-0.016509290054771954,0.010900762358601218,-0.0016219021613479191,0.0606698687077171,-0.02914201904886759,-0.014143495980073837,0.035233019766238285,-0.022168794999439672,-0.016278437191665256,0.008774523858489702
0.006078580152136522,0.04289501426843148,0.0010606301888244456,0.0029913988679860642,-0.012323361679587374,0.007444626911583409,-0.164725593746914,0.003828737182468704,-0.0030133335060704616,0.009901589234690769,-0.015791768637807742,-0.007757174004348809,0.004972912587546701,0.023868327191693076,0.004027841404560429,0.01637093621401849,0.002135693063635471,0.3619852761671921,0.030388376277918332,-0.0021174211493316004
0.35562677198441595,0.13762968723661878,-0.4765618006683423,0.05471303227111835,-0.004558931946480873,0.004810630830943103,0.07203830951697662,0.3209433335724537,0.4620873570342828,-0.07846840178471551,-0.9739898017476994,0.026453774065568817,0.0012833829425457416,0.2029136127122594,-0.29574248040912493,0.0998487184819367,-0.20372591563869258,0.10414139757891863,0.5379688051595446,0.4483921970297112
0.03254512288550533,-0.05754690255110114,0.0034452095736394565,0.020717076189404403,0.0009133586674050231,0.028217823549242176,-0.015901417050448823,-0.03822342530070937,-0.018233547709492422,-0.011110538509458598,-0.004067450621207391,0.023452294104671177,-0.007918550804415425,-0.021106692508548575,0.010955506028716006,0.024189011893266985,-0.008759062545054151,0.01618761908953272,0.037647786813122884,0.010143883364725248
-0.7230809879421718,0.3750367515308373,0.19487701661795648,0.3060083503345275,1.7927524630083018,0.43792483985025227,0.45875348878561195,1.4538930419835305,0.02256753940479549,0.6931944435946688,-1.384037960616049,-0.035438758804607014,0.9008442483996004,-0.7836417539510194,-0.6006952419057726,-0.6567377696032832,0.5936847691336306,-1.737942768537195,-0.1665495663701499,0.46973460366519154
0.03266073615594193,0.4110396207906361,0.005114557070601523,-0.008415566544012926,-0.28914811338771984,-0.0068707235288414156,-0.0941867570179596,0.21468912039053106,0.020800480976027217,-0.03306854836041845,0.13333809503143318,0.0033770833728472074,-0.015113546643007104,0.41431109451888315,0.5475118225275286,0.03461438396240406,-0.040080503416800264,0.19483436685563474,0.04856633907417425,-0.0023864389108001587
-0.0019559243523318615,7.681122207639501e-05,0.023683000094447158,0.014070294929980064,0.03296788228102287,-0.005209455772035023,0.009958228290606476,0.3186109515349004,-0.009016008069369521,0.020939403950685536,0.010712556961901116,0.00101114598002971,-0.0073502257569158375,0.0021336450260477998,-0.03667363465337803,-0.007729764145759785,0.008627466279117889,-0.0297742765543815,-0.01885367444585724,-0.03224054109270659
0.14398217545592581,0.5477517614406682,-0.1525385495091155,0.36440213957925494,-0.40403738446488524,-0.014848772507976117,-0.21850945517290774,0.35249923706293285,0.9045446066412599,-0.17067025981258127,-0.416089707492315,0.013786100553160908,-0.013912455540607924,0.8195177761817333,-0.9010114348080192,0.16846113933208998,-0.06412130461686744,0.36903487738347196,0.15036410462795538,0.14396894370826102
-0.17849557741829392,0.2866289762383779,-0.281966073128741,0.08221949463470504,0.26673686936922764,0.8834075560617101,-0.6217161809529351,0.3379664069102769,0.024162279115628328,0.24057205336789447,-1.156331157189061,0.037943204378708,0.0007179565072880749,-0.4801249569527661,0.47687255786143906,0.034306579425762915,0.319442561963221,0.5129397425660672,1.0128360856659255,0.4444017332638009
-0.4589301193231507,0.27308517796637305,0.03770784409057269,0.19310993806573357,-0.019945629396128817,0.1542007249501651,0.03699685586702575,0.046772479224080725,-0.013377646419127642,0.2315926702556238,0.39563807533140427,0.018686851622893443,0.3082425029565848,0.861722312005999,-0.2638475413346184,-0.2169834142902699,0.38942405010723513,-0.318267930009856,-0.03400573148748828,0.27604524339724723
0.022486817659023,0.5549932863027662,0.017628912119596152,0.009260084916195928,-0.2956974703632122,0.015377563159029096,-0.1033259583322122,0.27986905613645374,0.013461496303327299,-0.03806259820498048,0.19020620629756507,0.010013981307257716,0.003148787396558617,0.48996849524247965,-0.209748583331177,0.007308315658216568,0.010761486188755637,0.15453351391935266,0.00949884388754074,0.0426872123989467
-0.031030612925967604,0.004048464609007525,0.020543082247867998,0.02035285430984301,0.022543668377219724,-0.004207973824800896,-0.0003643590019873511,-0.006102328874554507,-0.01784615907949317,0.012198037991926643,0.103492034340525,-0.004248072553771699,0.007546267160364826,-0.04776024082952601,-0.006886718694218478,-0.008537790045701796,0.022632770772952237,-0.014231059365203854,0.01626190285649115,-0.03463030308049514
-0.013683569336516094,0.030691372495279506,-0.012550154632501361,0.034963629322389445,0.8829429774257043,-0.038655194900877404,0.2507374093174196,0.5794079186610696,0.018909359556744425,-0.0006842153337530948,-0.510667562066738,-0.004552315637374845,0.0014254910791357892,0.02014446896069932,-0.2378886730188881,-0.020348696231847624,0.004658173388323212,-0.4487588993482824,0.005841761169067733,-0.12700173332807946
-0.019823145901730312,0.039157255551806255,0.008944084255055915,0.012726492076933984,0.14479276992675275,-0.011105835408902538,0.052677584605875405,0.0971032304448139,0.03499422728745456,-0.0028273476429011082,-0.09970540813097967,-0.012071853493837797,0.02868446071575579,0.03459113645817825,-0.057871922146779685,-0.008159896098139632,0.012309899388480091,-0.10108812569793332,0.0001497972409330913,0.012688132302032064
-0.013945079093066689,0.026021120261998074,0.004573933877419282,-0.015513809146068893,0.9799435108742836,0.010332912198940489,0.2277270998114094,1.6156725547353263,0.006650644822831601,-0.007384804519625984,-0.5812728866144019,0.0013693000523130015,0.02215077641527658,-0.020864187601696414,0.5343693910481175,-0.018641983427288907,0.020695695095309122,-0.48891453412547214,0.01956470439256408,0.5201282359042679
-0.38504995569917266,0.21126806196729547,0.041156274787856044,0.15928994905491303,0.49253533885350004,0.11427388919023376,0.15509750610209466,1.0859708868506428,-0.006035384934006581,0.21396519814103362,-0.3199641790891353,0.01815886242853628,0.2753223836825516,-0.11842780439715864,-0.30333729556240013,-0.20203258607604985,0.2974804984083691,-0.5014389571302499,-0.05372911937328842,0.23019435069991073
-0.761407682987236,0.713532298854426,-0.08025716705694799,0.3034018660142643,0.023021874056827707,-0.02841319728573699,0.020491576581744535,-0.13851514456158662,0.011570260200543272,0.9282844173178538,0.07965010724185097,-0.023149378467301352,0.0033277310578568474,0.2599634188539376,-0.6050505737281833,0.005068355273735098,0.7744701999200255,-0.3012700941100217,-0.38647741635458377,0.5861914725334068
-0.011865325471102573,0.021086422529820383,-0.00702707274821635,0.01925793118268073,-0.009798584234269872,0.0058699626772810674,-0.22041728944033184,-0.0032136186699412406,0.020415293506333285,0.019757315963908458,-0.015249911664584968,0.022503253795356382,-0.0022078437497810286,0.014869257329085391,0.7393528551654318,0.02809619304031618,0.023583009738667178,0.45350181490626285,-0.002789870809240376,0.2951281040951198
0.025765500603379968,-0.019638414769401827,0.06267556555246759,-0.005022720720535616,0.025230138394623795,-0.015001741799041103,0.020249123105496498,0.03023764517626016,-0.021496397567692765,-0.008944480622196768,0.03840726238138396,-0.003424920104448059,0.0170082716998721,-0.041693199453355416,0.013199238204979133,-0.015609618275920598,0.003766773947517293,-0.018650658095090294,-0.0047572754563889805,-0.03666814499182602
0.030063345740230077,0.00025566957819139063,0.015529431670128725,0.002515767900910313,-0.04340143019344395,-0.019115520587818624,0.00926904884667568,-0.005179220578886208,0.010756894179295862,-0.03331507127375194,0.024520316400517637,-0.014757587487628142,-0.003574841164667041,0.019752450796680247,0.013740113322229242,0.02293710918024886,-9.472566083664792e-05,0.05443259213067199,0.016267118603059565,0.017208592171295438
0.002398911163822225,-0.04317592988174947,-0.21303443995137572,-0.04002501626807928,-0.06596003859672701,0.14508401255120376,-0.16382082589770344,-0.03104061876392227,-0.11684388994503954,0.06998430050387694,0.44197607144369727,0.566339038061984,0.0034440507888944625,0.15794594016510843,0.1245916496980891,0.0026644590076000023,0.029915942146852937,0.11481425848518773,0.026434734145716156,0.22560954082907414
-0.07055137816850372,-0.01277758468977481,-0.16727652896374295,-0.02143092042815128,-0.012380653083605751,0.1084984130369834,0.47095978265716976,-0.01094849770777262,-0.11375191377384886,0.09220013170403898,0.3446278586130743,0.4777567277799099,0.007283912286061667,0.09426573882217565,0.04100430293531154,-0.029822931422010094,0.07815454314528297,0.04414013229120635,-0.016054273256244766,-0.055210179366056156
0.4753649508822314,-0.33159145691989506,0.6121134060775347,-0.18221195602925483,-0.12778443594716754,0.006857584654258586,-0.13147657790015221,0.19269067735587125,0.01266398108238614,-0.014386903619863525,0.414891102596173,-0.0004485524274622449,-0.007894925781151684,-0.21511466124712975,0.4782091852198109,0.0009507507970473962,-0.3785425549575288,0.30677842538301886,-0.0002623116486299634,-0.47908329692040696
-0.03979205454821351,0.01711329777707206,0.591383378272643,0.011855613356329339,-0.1569611394510781,-0.008506181797463295,-0.033833088805388024,0.01731048382185472,-0.0006967899640673621,0.028003219397860515,0.5670157353985189,-0.0283383541156599,0.023811465333135922,0.04426633014887465,0.005023801681740086,-0.002612041289564885,0.047083212104869765,0.04285534423867,-0.02816708453608019,-0.09260761425459188
-0.023700112185171134,-0.028331952930857746,-0.0022276968831979856,0.007249854472621434,-0.0019997039596345505,0.027750812407301262,0.004182082181408481,0.005367643555573032,-0.015973379735229994,0.017086970781222576,0.38859104004093425,0.01994635526544438,0.0006988427265313575,-0.05338105067793269,0.03428188947572375,-0.020867493112957637,-0.014772006562240526,-0.02973357182643166,-0.0119964171109576,-0.12487449974235917
-0.01817016798235957,-0.0160543760943993,0.07457680030674502,0.263764714915264,0.14583689264358207,0.008953882903315368,0.03025062277683921,-0.06212953163331201,-0.006454229697562758,0.031026867354959874,-0.005498910060994958,-0.010367631602313403,0.009490737010080448,-0.026240200310541376,-0.21933448205673708,-0.030787290209302806,0.01604512801489083,-0.08254134208956634,-0.02247209265674173,-0.012713830476755663
0.16665658847196743,-0.16826455936407875,0.9108753348708555,-0.07299586244673922,0.1756537475553663,0.14163183990260902,0.04589543611185648,0.5142130339151781,-0.03646374256251883,0.1873558984698074,0.4845511650715046,0.09534339767389795,0.2427087725002967,-0.2920902962004758,0.2941851917196408,-0.18950403501573326,-0.16044775378197523,-0.31229929087757347,-0.06824907454056373,0.6077556982776593
0.00478344294389771,0.0033142320667086484,0.024061475756144965,-0.0012826619394011255,-0.49557419134911923,-0.020732070117006944,-0.12732147423651177,-0.3241318623123825,0.01719477524621787,-0.021784928354185787,0.6344510515991294,0.012472158239315242,-0.004914533377394684,0.7619592332593744,0.06421700839126555,0.008241952851265078,0.01658829562665624,0.2705880799139515,-0.017459175334445375,-0.07495989278874687
0.27253063558127877,-0.16829239435827473,-0.15043666177067408,-0.12293982697041289,-0.4604681281890827,-0.004922221297505108,-0.16916552195692905,-0.072991167315666,-0.0034594276244999606,-0.3046702907546865,0.08705476699849983,0.02393099136023878,-0.031863458358089874,0.21504657080294523,0.24165792338707356,0.3250533792468443,-0.19193804201321887,0.5897194644416314,0.3222381844751097,-0.07432361898093583
0.055829533617026646,0.19584939087317202,-0.2657203088615769,0.13354560789172076,-0.21339619439522545,0.1340164721519611,-0.24790543667540219,0.14053079758732726,0.3211776633626724,-0.03013216481984373,0.2363199169420918,0.5295070397532529,0.005859533172402587,0.4951613590127313,-0.3055835122715176,0.07755100476539134,-0.00808734906768437,0.27420259473882735,0.10103610089779866,-0.040151637797202155
-0.01528472400189554,0.9575354159068744,-0.02339788651567864,0.005412184512364427,-0.5182262982960189,-0.0033923944830204595,-0.1446748952353907,0.43466025522867385,0.015177336156937003,-0.0054545625654926705,0.2842131010197694,-0.01273887160312351,-0.008560766402072262,0.845925979914145,-0.34712487154980154,0.002148576022678735,-0.022998035359548818,0.26541484564998846,0.014069698068011007,0.09514169775118099
0.00899814810544318,-0.024686140336979235,0.003997821436436975,-0.0007622530456706645,0.006375093413030598,0.00680069491763364,0.008392589027352064,0.010810608981435288,0.016059604938602808,-0.010874854689967293,-0.01404759589072038,0.020342632767596437,-0.0024311256583676062,-0.029156766352165013,0.039916449802586906,0.0016768175559449356,-0.046195131393677306,0.014625444417989901,0.006845804397813637,-0.030628007393379925
-0.021990842517531063,0.02260289605053297,-0.0032949383103218974,0.03921384959040263,0.05065123491848234,-0.005183197359031236,0.06562378789556564,0.019963814715561114,0.014504731106548976,0.017240747449757194,-0.009901080998666822,0.017018268633654573,0.01851770247145615,-0.013020299870084769,-0.018205168369465008,-0.04135388952916449,0.024731138576956885,-0.054627872687624694,-0.008481232094692558,0.03195138960692223
0.10755297150093697,0.7842327440654108,0.051942423986308654,-0.04054912116856787,-0.7551287205185654,-0.005204812488014458,-0.2767534568921711,0.12397622788017743,0.00508328871642034,-0.14686526482647289,0.45005030057445633,0.005256311623189394,0.01690035577938777,0.923728899843263,-0.18935874021345073,0.1769406702793619,-0.05837355521660662,0.5679619098078382,0.15947324901197363,0.030641230566928697
-0.00639986137567188,-0.0064808577161299015,0.005934727393279284,-0.012473722092399537,0.008516852282664336,0.00464705508775758,0.018293817108891386,-0.0002799728112322531,-0.018809431848221855,-0.01869770353058551,-0.0105541415692692,-0.0022496937685329583,-0.004409451662684076,-0.0261277783166425,0.0364952779907442,-0.00026142006538569995,-0.018617517297223565,-0.005922155039796498,-0.01014659000121212,-0.015002147826226275
-0.5582007875192743,0.35375899081043666,0.09602617575018473,0.23915716207412296,0.7537734756702619,0.19588877921772127,0.18373287442632685,0.5838758261806878,0.006288048554106623,0.3256037825293865,-0.4975023256231995,0.01727335830596806,0.3779315108702157,-0.19936350213212445,-0.49353071075852073,-0.28536671671747194,0.4509459950659738,-0.7519154549550257,-0.060310047997360255,0.37586796133974915
-0.005216995402264571,0.01593979569917356,0.007625875877966573,0.012439421679638005,-0.012110481176846783,0.011170650919372992,0.9680063640915677,-0.01860888035668485,0.00617224908809221,-0.0018071955173002401,0.5252699593900132,-0.005782102268776736,-0.005128628573212416,0.02222605189712224,-0.023702299895473684,-0.0007988102942082043,-0.01331960956482477,5.281186684070495e-05,0.012522296900401379,-0.1672981171206223
-0.012117787788983689,0.26161593729599814,0.013297771956592545,-0.002633387900779031,-0.1300462853204832,0.024542628211946776,-0.04245541092736528,0.1531957243964155,-0.000994175723768761,0.005628747688936158,0.08267122434573373,0.024787102104512994,-0.0017848400289138925,0.24293961073522405,-0.06882999446749358,4.0084909990674086e-05,-0.010477256015313777,0.08940020298352361,0.0006498823152867911,0.3666244912386238
0.051147506889829414,0.712128669787571,-0.19537608452364866,0.40985273772819836,-0.49337879494117254,0.13948320517361806,-0.7775332482811458,-0.17496824680466327,-0.13052929330294227,-0.046554408177744915,0.6665882786219589,0.6541530388939274,-0.009499449554442029,1.0080122689606261,-0.7409348579070673,0.12894913100647626,0.3022817415261475,1.4117987144189517,0.11833435353609138,0.9300275104325828
-0.5787317385757812,0.3495197984152347,-0.05935870500853643,0.23454881446389647,0.12250300095375108,-0.007834287096565713,0.061565960317098996,-0.1021216970763752,-0.0076043647119553425,0.8083950566154646,0.7858110271009198,0.001069223246375507,0.010279592859870165,0.02287721108811727,-0.3665420041377209,-0.011321013505158073,0.42588442461755066,-0.3350203918779426,-0.2968602509378185,0.2107703690417762
0.01781809459643066,0.06921925521954729,-0.5032899196072679,0.023028834140154254,0.670261090054074,-0.0009881900442588612,0.3972511868927981,0.316905469471001,-0.0032639124172470176,0.0008584908778362871,-1.1002813912967693,0.00041471343376899374,0.014353710854691226,0.012358913686866084,-0.2805584867554059,0.00924408337849079,0.11057930517133907,-0.35283900965865905,0.5980548026215551,0.14648123378095287
0.011094019442332547,0.014057722066312853,0.79961969299707,-0.024700111254586828,-0.31787276648725993,0.01448099142714762,-0.09304341867600814,-0.02519011624813813,-0.014575696465269065,0.013427811107206958,0.807246563486244,0.00900949626671925,-0.018198924622715634,0.09006534196886132,0.09056500091537033,0.02200154297383213,-0.024189946902321423,0.20055981417367172,0.021450333460333808,-0.16720101893668488
-0.023720036194029553,0.8210795698960458,0.21528068389694513,0.9374166455221956,0.5404920486074106,0.016225801586365593,0.11918102797795853,0.11201628709801044,-0.018157685233395834,0.01189674554157332,-0.4803907163864865,-0.008503370934867617,0.01301595309401224,0.7342978658268597,-1.9099768901051541,-0.01307391806947184,0.9567586336219325,-0.27193448127642894,-0.00826085582980298,-0.050147023231812096
-0.026535849305563974,-0.022208324900260153,0.028038275079797163,-0.0018471034110087818,-0.005404127019118899,-0.010881367692001116,-0.026885524068333704,-0.059585761372842064,0.009146326702170643,-0.029213840082932232,0.02134482325206001,-0.011484348895302997,0.0012890894082694514,0.008354433347563962,-0.007076398629938512,0.017414436814241794,-0.020781139089339096,0.05538005675485542,0.018892478585422545,-0.0022831572198193564
-0.24711207464378354,0.227453636125438,0.2721149129454965,0.11619070341139842,0.19606703030663386,0.940763778884984,-0.03965678422683681,0.4028935597560277,-0.01352011284044973,0.321802159231369,-0.4152748919917728,0.00563701482723586,0.00018359398357158802,-0.5468542802874006,0.3037317632555141,-0.014314266090595443,0.29407705832904285,0.7185303482279639,0.3916994752173083,0.2777650628608532
-0.007944437181693183,0.7105246276762494,-0.4974735545014755,0.004712462246917107,-0.22744537335259404,0.0127839412389185,0.1516395773446078,-0.04643530475659279,-5.107549568210065e-05,-0.0026091689739935384,-0.8375928242241327,0.027892917289540214,-0.005823113543533711,0.6115151557407248,-0.8618948431842512,0.00752938912652116,0.8114595810618124,0.10707483287011424,0.5440875854127092,0.3359902844823963
0.008131462894576901,0.004296879253278764,0.04971528755872008,0.024316604248660792,0.01720057767839172,-0.010040990457756468,-0.01679953711688953,0.025309279677349028,0.029477603174264243,-0.014358363060626935,0.018375743596785222,0.014864182015447024,0.021248816834677282,0.022370261979622753,-0.018411940842947613,0.0068860220234411755,-0.018462136723589775,0.02189848555392122,-0.022332465417482367,-0.027241801437053927
-0.010002189294635547,0.9835802058557835,-0.003887297334070017,0.015466286823649379,-0.5344218517486858,0.027003769630892367,-0.18508685544561962,1.2350903788243814,-0.026150950048905816,0.01553163013980299,0.28338797541189,0.01555515176550418,0.018735206587453816,0.868601831546175,-0.3745527054456431,-0.008932921320001019,0.03674720250357429,0.2776560509817356,0.0010124833742775987,0.07259196029393036
0.5041990225320361,-0.360035785297685,-0.035125443610509254,-0.2054603863109463,0.10936754719323606,0.010146190309500185,0.01495059167595968,0.974949746068663,-0.006198864665398047,-0.014220279441379165,-0.24775751910051097,-0.004154824835970378,0.006061379983185282,-0.32370398975427456,0.44590835965073383,-0.005765450926025507,-0.41666756905261765,-0.06338328248382656,0.008119196456616152,0.19556420203033392
-0.005341827596918227,0.042827764239801114,-0.018922250776348123,0.004304555328967853,0.9231814956423645,0.028084378013425833,0.24932272852907433,0.6316510861245236,-0.01113112465556055,0.0106104099507427,-0.003404379119458717,0.015452992117417427,0.017963604575945716,0.024884540862405373,-0.2054662494131032,0.0011455656677961173,-0.004682725063647374,-0.44779168088701415,0.016645865806381353,-0.30636538262453644
0.7159394111214059,0.44659727926806403,-0.052165147469607785,-0.2898357488757676,-0.549407116099122,0.01919479013356189,-0.5699218744823458,1.2126868783534588,0.019729670979991388,0.01168703821698451,0.1715588774628514,0.00598455796267202,0.0004222404813919811,0.6784304377975765,0.323378150527211,-0.004051873300958191,-0.5870582575061325,1.066788526150678,-0.00877997746519412,-0.47739711133595364
-0.006283734042908614,0.7946016208366687,-0.003487537156582928,-0.006746859042776145,-0.4358048344332341,-0.010575634194641768,-0.10614548518092196,-0.05611096913512767,-0.00752814289836067,0.020614144093809232,-0.08811694070946621,-0.0021623049883386126,0.015169136895579052,0.7311529637190644,-0.9478930116056445,-0.01677775991596555,0.9316870211103566,0.2001000808191425,-0.010479014959535505,0.2007307762399413
0.007829224831214095,-0.007476117789214877,0.0002630521162623788,-0.033840741863929956,-0.030719419968364546,0.01656995506406763,-0.047624837996760504,0.46635721689328563,0.0076120340406218255,0.00509833795353057,-0.0034423391253580217,-0.014665775127333042,-0.016304467419490126,0.014302971572528581,0.025086730662571183,-0.012072452959876585,0.023851012574101445,0.050008694768675796,-0.005710251491433339,0.0013380131338755325
-0.032380979703463854,0.20606710518864432,0.014700179702529582,-0.021786498481177696,-0.12215388790388336,0.016887299821827382,-0.057868075193200634,0.017929010592298424,-0.01480435393382502,0.008968293512461938,-0.01454194030767483,0.0020654343152276106,0.004610881941794101,0.16585618933786295,-0.21391793240382112,-0.0029639721221486398,0.23013563291076916,0.07331762515797607,-0.026013655818404445,0.06265508465695963
-0.04560166521933585,0.011558752783843837,0.2783621048275665,0.005233156766952678,-0.0574049442698837,0.21070199960243505,-0.2120184991204978,0.08233457263910192,-0.007278626466348276,0.047237292767421446,0.3581244083263463,0.0073935653849396986,-0.0053335331100379585,-0.09316951027512059,0.11079020526347375,0.013184224564536754,0.04496032004284217,0.14498707931564792,0.04286089202267162,-0.05974684611319432
0.009515604738868904,0.20165336565702996,-0.01017420725706585,0.009753322804057975,-0.15260102823261404,-0.03278126262201048,-0.06724818863177602,0.0829567242413726,-0.0018747487253340418,-0.012364115918410412,0.12947928449505502,-0.011350191767607536,-0.0036692766599221924,0.1900244125421871,-0.05861370537037126,-0.00326003204606092,-0.03713975564203983,0.10350083195507437,0.014296818441439617,0.024680871732738877
0.33386255568821677,-0.23696221668691425,-0.02357316571185026,-0.12435362206435695,-0.4027134276565408,0.006987646673045875,-0.09580937070804606,-0.15786814930514,-0.00836388328975564,0.021502875845711655,0.5072860973580174,0.015406819103515403,-0.0017585629551990344,0.5664494846571623,0.4251458661952229,-0.027521399573495246,-0.26726643658616306,0.19773030499300842,-0.02400217598817282,-0.2944891262371382
0.00473825426340959,0.002501884904538558,-0.01843840530195201,-0.013944047805170952,0.02639641786236727,0.0018658669743547376,0.01802104757903436,0.019430447873653615,-0.01844365362844201,0.0004473388082363466,0.00788088941613257,-0.00211468312062288,0.01285077770364013,-0.00933309999985147,-0.01596216551460953,-0.021584870060011398,-0.00040435525426159833,-0.04314702496445185,-0.00016102810525582545,0.0061047618305191086
-0.021826265730135568,0.5207119131781018,0.031416327080097214,0.018570324057237134,-0.23060202831701174,-0.012106145724680882,-0.07159527582527078,-0.01649201280054276,-0.006384360129583471,0.03664788741599918,0.44144387351125686,-0.01118164707612024,0.018335949268918413,0.427266864072662,-0.572994805651508,-0.01993995812672291,0.5531154676085464,0.10023295397050007,-0.03138105044144722,-0.03595185609955892
-0.015964224436178235,-0.007953532295644593,0.02332973833861906,0.01844476771831007,0.007543513186883919,-0.018205128883543215,0.012460657578695964,0.01659137243011537,0.004966842510602476,0.007056084538111731,0.02380921983029067,0.002023861497796197,-0.0013573468881330874,-0.0038133016207521613,0.007578365852526298,-0.007346747041809574,0.02228612066247927,-0.028038987493131343,0.004222511754491103,0.3395037152352119
0.010132160850975175,0.04473517879156984,-0.36312688166204893,-0.0028913175846380515,0.099902261497192,0.002666471227273306,0.16739746686684492,-0.04383042428166522,-0.0022251178263896342,0.0077787022749856525,-0.5452556681308967,-0.004933338716887208,0.0026859402584358434,0.026209596312059654,-0.10188080225579335,-0.00790242564689101,0.07562615829270952,-0.04630218366891164,0.41706904969698594,0.16378373150922595
0.21960835126275893,-0.11051961214173096,-0.15344538565195154,-0.10350577608765481,-0.26316326753795627,0.01834253118688143,-0.10143493838093343,-0.26837794987423996,0.014995856648947665,-0.19710511241191114,-0.07905967640838,-0.01579720575631487,0.054688796696822174,0.14727439450843427,0.20827389313022177,0.24774560386417563,-0.1401760612748717,0.36839304799561506,0.2562097515678015,-0.07563947368956694
-0.028768003101333824,0.007278106425171058,-0.030964346652572916,0.0050994413470964485,0.07078854452464312,-0.007530607721235483,0.050559617242669705,0.050538303688506134,-0.014310992563498177,0.012532498297029872,-0.07540428527983044,-0.00800395798980155,0.030851112220255033,-0.03124780110839676,-0.03182989731213937,-0.019136153688053614,0.01669027469019556,-0.09240995468866783,-0.017500731043620515,0.027003440036517716
0.008310342097401474,0.10092312990613476,-0.42872402544528526,-0.00016284040275285335,0.07052927651751548,-0.011503867795486135,0.3923924240536227,-0.013382101083246781,-0.000747347119745714,-0.005996835059797768,-0.6969151152960424,-0.03304503156126167,-0.013031910322865888,0.05076924552544911,-0.16297267828176126,0.013119274174497252,0.07140999827612575,-0.010496402234716526,0.5228534348861091,0.17478354029066726
0.04708127192132497,-0.010943154496388153,-0.017669853503047193,-0.022705062462605462,-0.06648129365123315,-0.009453712829909987,-0.03542204648312156,-0.0042906858819661345,-0.003608985961383478,-0.03568400356479986,-0.011490459707964942,-0.006067470468057538,-0.002379953898642334,-0.002706984387875158,0.07368287427632961,0.03304687774405071,-0.024465091703710713,0.07470786306082168,0.0357432595323283,0.0074488994006584805
0.30992965479824336,-0.149435940660646,-0.1996720420526423,-0.13798839678751285,-0.987988319524223,0.009136573636934514,-0.32360311486744614,-0.9023046286467158,0.03143941513378708,-0.3683960881411732,0.5966288567768993,0.0010967466320354943,0.009418263148402132,1.0518527772839774,0.3666171865107844,0.44087606058197276,-0.15460195728303067,0.981055070880612,0.4225987722650192,-0.13315403523849811
0.03143600400304109,-0.01883193748057181,-0.04438401304658207,-0.008406532753181983,-0.0638753304514014,0.022332907557130664,-0.027826660914794882,-0.040051836618900875,0.023855968636756222,-0.03556685448122459,0.019277695672255537,0.017273655191470675,0.012378845672647878,0.023042881134354248,0.06388521210152558,0.05141139515261454,-0.07484630236890524,0.07868651419933338,0.039256685796543137,-0.037665514931301776
0.4261635410476797,-0.28733402892757204,0.10226153001814238,0.4153424135592444,0.274115258647073,-0.00336479818247111,0.08961842481347024,-0.02745247588476039,-0.004975407447014676,-0.012140858100187422,-0.1749537178670865,-0.0009721170450273761,-0.02099518787609539,-0.22104576319590782,0.4721084262213972,0.02704613982614515,-0.3532075684519101,-0.10935800664639805,0.015873375218956078,0.37924539093783494
-0.005055074920732618,-0.005734921768960885,-0.012957512078849761,-0.020338482678934903,0.05125123692697872,-0.003944350488668579,0.7108567127461699,0.0388774539083045,-0.008259071292989983,-0.01718501440575146,-0.04476964370303938,0.002765539153971547,0.01759363793429624,-0.00029136299560642356,-0.011930958634297092,0.00465144985936486,-0.02878249611319989,-0.0424137604970407,0.026490017485880507,0.004392920301058646
0.003384054410950626,-0.002354550083307148,0.032260502803482916,0.015740684106784447,-0.0009379510519034531,-0.0024275890685461366,0.0002619388848745935,0.038099229148999984,0.0018921822311948806,0.013565815916849949,0.024228121224235455,0.025420348464577688,-0.012117454650811954,-0.02232607967254232,-0.003518762079580357,-0.015175996511534118,-0.03068462429373016,-0.03362027345447819,0.0038860014165340642,-0.01352467867375379
-1.3097794756654642,0.7808487512308108,0.2839336797727024,0.524015905637282,1.650413813719208,0.47202756766177906,0.3950844306878626,1.3146076076235376,0.0019099307368613519,0.7150522664287706,-1.0140497410354212,0.015546079967254867,0.8697037524963048,-0.38177571791401493,-1.0763270914670253,-0.6823594495412652,1.0566545574671748,-1.6818269479400876,-0.20268908458985066,0.8811395548797455
-0.21594429726037181,0.1866504845817138,0.5545124623135453,0.08595897296300929,0.04280204978083498,0.9694167197452861,-1.1284713828115123,0.41084620247060794,0.014680249032616584,0.271071241019868,0.05261851584579535,-0.016910914691297775,-0.01633713455788837,-0.5332017194218303,0.4365082455729283,0.01838730230465222,0.2155431610299588,0.7195029951818815,0.0761728581855546,0.1342093687722515
0.02816445254481869,-0.00877451447962244,0.1504899183042825,0.803750171347159,0.06004304904199925,-0.006127562501141854,-0.26803603935123965,-0.3608539962157065,0.023964893592491012,-0.02999407411075183,0.2481062955946747,0.0034914132488303687,-0.027673871592178635,0.3990429589398676,-0.6710724305209074,0.03257963681807641,-0.028331375007157152,0.5413745984761885,0.03571965439008101,-0.1228933194780229
0.17738080215040228,0.5520967946243663,-0.10070617222152402,0.5961502535402408,-0.38947171797496466,-0.001676558770148508,-0.2735229094392482,0.2601750052829943,0.9030260987434013,-0.16803175158022132,-0.35367366658285027,-0.007334374800797963,-0.014923594210543576,0.8271864506346901,-1.062642520137755,0.22817264645231553,-0.10697780138034214,0.4501080194374992,0.2009371416317605,0.0968201651875165
-0.023697996275805863,0.023378673554246412,-0.003275737882851206,-0.005392211863002299,-0.022847263228141918,-0.001457382536072839,-0.007299165027323914,-0.009142158199517745,0.0075733422748626164,0.025735598701594965,-0.03199137523243832,-0.018034703466908907,-0.004009280915776804,-0.004765538418485473,-0.021778074600998454,0.0026306942929054953,0.008801560879276726,-0.012061182052527068,0.01509547566325645,0.010263572332580491
0.017389670185644926,-0.06960437530038711,0.13311793022293064,0.6378818860602243,0.2284088578870866,-0.025805039936120502,0.09925670924264168,-0.2279003554673555,-0.0037492035232883783,-0.01670000751300789,-0.0029514474023009975,0.002220695605211129,-0.014572210946349645,0.007851300093087,-0.5593173554224342,0.021418246462771167,-0.032818314655296846,-0.1076245306696083,-0.018970949434439856,0.5159516958114279
0.01930692330773879,0.005836676989067101,0.0005408489154953063,0.0099479332492886,0.3988027365578793,-0.00924633607003519,0.9097404518887052,0.24012112786609666,0.005258916539437352,-0.003880043395460178,-0.22795293041613804,0.01843071107622255,-0.005626217149139582,0.034277050963194305,-0.12696580190611667,0.007911000947131937,-0.017994675972714005,0.20975456374795504,0.0196256313267244,-0.09015266639939594
-0.2732414595960487,0.15187592591929505,0.05632785739183939,0.0998238272897541,-0.029190521656897433,0.06841228540722875,-0.011187459876956608,0.015472572549897074,-0.0021071492596171967,0.15904703412088161,0.2798287212944215,-0.015013538894690103,0.16364702643800905,0.5051463822804478,-0.11345596619759923,-0.11155142085920443,0.2055804063272122,-0.13348516602915106,-0.05087063643938157,0.14690548471592885
0.047192069293140966,0.0672727949940927,0.5909198349323017,0.03863913031750639,-0.3162008747572848,0.009440869936004593,-0.11429307241539971,0.025461472278302515,0.12852052734611447,-0.05989372612031713,0.5396539776263894,-0.004686047336217047,0.005096871865785293,0.18091974131891203,-0.0207674582427231,0.03127642638773137,-0.03976149064679377,0.2011330812472568,0.05019761134732892,-0.07425202684276185
-0.5544061343126494,0.3019569719801747,0.09466321697559549,0.22876274396358431,0.7335671210470318,0.2054715739539377,0.060433962914510315,0.5686086959487888,-0.018800197439267096,0.3118834682360834,-0.4739858659532878,0.02092585276739364,0.3839528399403198,-0.19614357055019138,-0.4554467681557821,-0.2868410735296233,0.4404627669415518,-0.49729172717049325,-0.07394548315778612,0.35915639850135966
0.14736324038055265,0.393146316415711,-0.141042066586703,0.25492298165579874,-0.3321148263557158,0.005279551854902505,-0.1827464378586424,0.2538510777247341,0.6797140521234954,-0.1433580712449783,-0.27135074027102685,0.020500756017481882,-0.0073313301935119535,0.6255699552223071,-0.6335282256270496,0.13609521836711472,-0.08123300352772163,0.33767871306486114,0.1594414940885398,0.09344329799873939
-0.025256121639052657,0.030117098847663778,0.02144687550915311,0.01104157432324978,-0.5338353164105265,-0.009596166244359359,-0.09871308741213349,-0.35139521292319964,-0.011929411311353673,0.02099589341291223,0.7550595363652538,-0.007648808050079914,0.015413456554592893,0.9111636324617522,0.08228177326381182,0.005111109182224846,0.022424020583677907,0.2640263477981878,-0.01974747885820756,-0.02817921806176186
0.13897255557710733,-0.19598807553671937,-0.38692584583005357,-0.12920966494422548,-0.3863015483574225,0.1941347127959119,-0.35880772628372715,-0.4144980021742644,-0.17489305708620168,-0.15328705892412375,0.6731407184249019,0.7140666733711789,0.009491025448817915,0.3503086223174674,0.3530629516532476,0.24893733471722157,-0.07006850270496229,0.5904441632479396,0.2546396451588978,0.15514076052009054
-0.020734466924566326,0.40942055268172345,-0.013384361461177632,-0.007259491440955918,-0.2434666598330012,0.011015630565507977,-0.05997690699266121,0.1496450522002504,0.0012320828964247086,-0.009482944859859975,0.10787691466340042,-0.003977480502496818,0.008087995594402908,0.3834796639825776,-0.15895994601706706,0.02459945446957823,0.03298823046532529,0.104665930734113,-0.0016272126589335911,0.05759802937177694
-0.036911803290301894,0.01819420265047712,0.0378412626883842,0.029018565571734777,0.0851374371328728,0.017988799166790033,0.024819595238523978,0.040437975369521935,-0.015430435733947184,0.006469627680259524,0.0011148492184996223,0.004844792871034065,0.020452487041286736,-0.0161744636390701,-0.040383158999450386,-0.007943940533634408,0.02644059904761783,-0.04775774837582022,-0.03714671792770945,-0.024791809902543885
0.0013099362309871047,0.009011545444652226,0.008087919412568161,-0.0012992815162620375,0.030032220549104777,0.008549480290688301,0.5482619462267933,0.01987093294503037,0.0027074133681106735,0.006127885867706066,0.006774442408229358,0.026062279009692952,0.0080915353328911,-0.004242608526208209,-0.016756699032283273,0.00995357931211884,-0.012220310581792404,-0.025218177268344556,-0.0033887438289251144,-0.015697719281003955
-0.04251906846473105,0.022530973171942838,0.003576222537345244,0.011484609837388362,0.8182530856664362,0.00823692109994915,0.2141089921474031,0.5424027664014073,0.007259316386569927,0.039758453154080074,-0.4780841645736765,0.01633679563563837,-0.023591289156180466,0.012655581395964195,-0.2202288556130222,-0.00899390372482884,-0.0013905979784361502,-0.4088088184350442,-0.000633493443622072,-0.10831144406318627
-0.007686164584822358,-0.012321128498737836,0.10509662107623838,0.47859261791902696,0.1888923524170119,-0.0176438662843761,0.04245655310115318,-0.11571470637663726,0.006207343564696475,-0.009262121943243332,-0.031842782761946596,-0.007258762974607036,-0.026029558224595753,0.019345625120192517,-0.43777720772410167,0.015425612171211644,0.0029278611653091964,-0.08381682317935969,0.029696786944203135,-0.048083193266816975
0.002746083086157503,-0.0019447222780212396,-0.01399871484683149,0.0157663631557528,0.021873250065535175,0.005942541689991771,0.22885082911315333,0.0040155889257668005,-0.0042589220005913135,0.0008959366415296158,-0.03219208095271943,-0.011768273015824417,-0.010384181279072865,-0.02201244953014454,0.012334515658594988,0.016326429989783554,-0.0037323339903496114,-0.008442282099966744,0.00881357792473145,0.017913134578542565
-0.0001590289132045123,0.01751973489171893,-0.14048464944201666,-0.005207113549552993,0.06831358746886174,0.009673075042702758,0.9867583354331166,0.010270555685856341,-0.03174899218811439,0.008805856856251347,-0.25988626202527737,-0.008056931454860252,0.020864106310425207,-0.016238636248982325,0.6579507728006045,0.002692269231523858,0.02663240363041801,-0.03844167722645269,0.16100083048614172,0.09058302722578153
-0.5070363061805221,0.8077320884961315,-0.18526483464297755,0.23254373963618108,-0.13726870375210606,-0.009377254160918065,-0.1304630218951094,-0.1572848586205713,0.0017190559296957906,0.6123636716057087,-0.18551475727773484,-0.02093516777335225,-0.008484428851116558,0.4550583394940658,-0.8913403044347932,0.014770425303208243,0.9348638300106562,0.2377934177796744,-0.1098364548141733,0.5587327612302025
-0.0004835853695897424,-0.001179434002653636,0.00963051762401764,-0.011627459330034933,0.022194564756045893,-0.01721690928186741,0.23689150873022433,0.04269794304008925,0.0067463832128845215,-0.001396364922338526,0.009615419498977835,0.010034974541471462,-0.004298739244509687,0.03302441251559844,-0.02521350958572743,-0.02658767834270434,0.004231579103487508,-0.043405540811366425,-0.035089206286791186,0.5082713936467504
-0.04311020047818917,0.0038826639926637808,-0.022501744408308794,0.03545701992328362,0.045593592166761766,-0.007733549862280862,-0.00448595320095448,-0.005551212980047441,0.010039328348273617,0.021302430256263688,-0.05790747611407735,-0.0112577226291196,0.036889418274141446,-0.008910857282642872,-0.01578553290611143,0.011906470575139445,0.007978704961842022,-0.028566644109381537,0.026501298688384974,0.031218586742691345
0.39599371181912024,-0.30678459247933354,-0.09998310599841963,-0.1817931640903741,0.06488469034039057,0.06138428668397365,-0.020995473370126305,0.12549660874175858,-0.04092107444066808,-0.006191481904248893,-0.02592486462937188,0.18877474859205862,0.006228045954421952,-0.23099211141217935,0.42811068937960806,-0.0037047248153584157,-0.3085679378288328,-0.028314836322825797,0.004945259324092373,-0.332656304825745
0.17067736174591328,-0.07071020613490113,-0.15986931986783176,-0.047984088570442576,-0.3498035485176875,0.04471388748234786,-0.16506555751989718,-0.43013376751248755,0.012369961618918273,-0.24978419697573534,0.6222266611591173,-0.015037967396224063,0.06820250120857138,0.24796851881166884,0.11652367228039746,0.3393086828509041,-0.06402076437687937,0.49920993551011394,0.363051836344675,-0.20581611844298853
-0.023534975108747115,0.022870686414241018,0.023193363593813496,0.009128477159939901,0.03422569229657803,0.012822073833962794,0.0028149677338164232,0.0063488510652645125,0.016656733936095066,-0.0007336214890269069,-0.024535247667024255,-0.007083009867470751,0.02872157077904755,-0.014066835676962541,-0.04919163189136683,-0.0037361957217939244,0.027951894268260648,-0.018575904139793018,0.004245388705620509,0.011618342231684304
0.30471086451276685,-0.17784635619747707,-0.006268237612604227,-0.021285694764637493,0.009443872571915476,-0.003101295821180407,0.029017953129692388,0.002071597730783141,-0.0032125419569528635,-0.016751217699098646,-0.03749558548090813,-0.0006948542565862279,-0.0023612003411043123,0.022118205661349644,0.16937379242849426,0.015109051238970628,-0.21096106630875178,0.014189207110432783,0.0007929133639106023,-0.24736653246769688
-0.8965248084198518,0.5565545092160318,0.13167207688442287,0.3647129654706098,0.25168572654688354,0.3252771477476233,0.2923567919932236,0.06246655100025069,0.02879922823982287,1.081509571782084,0.10260674697892258,0.001944687735310825,0.02413334247418078,-0.14527010503301496,-0.40191103362142105,-0.03340083385889885,0.6478608989991627,-0.17499617119981692,-0.35305863687281364,0.6493093589667389
-1.4214300716514063,0.8196006224137478,0.47356877421602717,1.550095175959864,2.139736122067312,0.48542541012203755,0.5641588035898545,1.0893654021089,0.012984891264904545,0.7624957364786463,-1.1851649711351078,0.004403125639826467,0.9328049464436704,-0.40928399016997496,-2.0909727081772305,-0.7127344986832874,1.1146343051159016,-1.9995649167719385,-0.17941922704542304,0.8392740447774242
0.5354223171679062,0.5537586206951304,-0.2515798362737378,-0.17897558556579826,-0.7550124695583882,-0.022573690298849376,-0.10664074800329638,0.3006027792335764,0.01666578627809509,-0.0032343605108679325,0.25842302065219114,-0.01322541778093372,-0.006332090990246692,1.1470385962399883,0.16198038872373582,0.009872499781295594,-0.3831634334403114,0.35264550137626716,0.2371583923629297,-0.2685762422104986
0.34243336624466514,-0.15056366092104645,-0.1768851892167499,0.07719536252536907,-0.41180768510331206,-0.007785262208668728,-0.19896006121836574,-0.6439294086904098,0.021117976693724436,-0.42361215669687374,0.3788665642171645,0.014925661304964918,0.0038750377753924334,1.3055615230588986,0.014267733772528577,0.5033390729860944,-0.19012521141402175,0.7466004790962978,0.5102329854826186,-0.2858538129871334
-0.5074021151482778,0.3620482015787647,-0.23533884855960166,0.19596153315105025,0.14564440654277622,-0.002156767811391593,0.1676836848899416,-0.00419523633119074,-0.0030823133325435384,0.5876154950180164,-0.23579206429563102,0.0020380544284885555,0.022111175063469383,0.07146153034931209,-0.3722766236001307,0.008026199046342152,0.417881722041625,-0.3000973382353558,-0.011933376941502549,0.44421507474093747
0.20888343787546892,-0.09626304754609201,-0.16727841304127208,-0.08067598563005657,-0.363223079930128,-0.011940301249376707,-0.129734631817196,-0.3769304919770152,0.009680006131229919,-0.27053187228202796,0.019885718415355896,0.0001947807715855025,-0.00720599789896196,0.25472105913262055,0.18076360805443234,0.2940826747599125,-0.09854216150075747,0.5089842014377695,0.2856152578105814,-0.02892236937568055
0.023931346786235545,0.0043972571652329765,0.008361110479658231,-0.011972963696516889,-0.026076881537301748,-0.018857461632804988,-0.0276591338689847,-0.027682307269304082,0.016286351732460715,-0.008794179208181926,0.030396135141852628,-0.0002798618838205334,-0.007685155991647022,0.012198277513300644,0.022700593007625537,0.023720990059495697,-0.01787706270894124,0.06103121423723346,-0.003530021675707827,-0.02493315345367401
-0.027715398248500837,0.005645810392172573,-0.014555762954535655,-0.002874701958066408,0.4120104844290857,0.006394612037323886,0.11878772714391979,0.2582485341667162,0.008230888254331943,0.018307621228847465,-0.23481783440081538,-0.024592824374012952,0.003962343963937905,-0.01235694738653198,-0.1084063172129924,0.006121798844235454,0.005647059415354824,-0.22137994676139683,0.004531774607499976,-0.03901717523464443
-0.01620663443231169,-0.02033118548423434,0.01487436646044008,0.0031222534582133806,0.022506858127028368,0.01945885246407706,0.009640938136820116,-0.0038605896888899392,-0.031363523013100206,0.005005032146896477,0.004988826227915201,0.0167718418244414,0.01176971598938499,-0.013921654539247943,0.02314663902478277,0.0018473181505459547,0.007328030438514784,-0.010265121448212407,-0.024323832833898027,-0.008425716697823769
0.09032295402368495,0.15410171175576506,-0.06228288506513278,0.11202003083408922,-0.15976805555087292,-0.02184004959197379,-0.05728435150033396,0.0719341817870694,0.31604608027826403,-0.050297402003269764,-0.11344073258724771,0.00829261593374038,-0.018289114702717477,0.24149041538365873,-0.26508860753831287,0.06806102459192889,-0.04974798139562125,0.14103752621611523,0.0608238735644982,0.043618558456808953
0.4703934998305734,-0.3115925981970656,-0.020191169586730187,-0.22051715766845434,0.05546936169094939,-0.0049144258776088485,0.0006407579401319363,0.1761583941974171,0.03305937320107323,-0.007703617675007343,-0.1754382035864329,-0.012901626960257827,-0.0049638443785502044,-0.2727604529162008,0.4253374007959081,-0.005528812382207961,-0.38582054391632653,-0.021177567606288944,-0.02139496310273286,0.6069665513344141
-0.01177480209148218,0.5871597642408009,0.36807526830489856,-0.010266369952111803,-0.43449488682087184,0.02310124255040285,-0.09540584156429295,0.2978079797655658,0.007420130770702145,0.023668768885350445,0.5493853169184247,0.017477094314869275,0.008603724283242586,0.5631796619826493,-0.1627007192313393,-0.0066672798302228695,0.015398002383956909,0.19936206655244487,-0.0007685392073227501,-0.02549848242127653
-0.015663368180156647,0.010368119255589494,-0.00468854941863002,0.0021348156860369408,0.057031583384976124,0.003310076364906529,0.053172147514572436,0.029935096507774633,0.021868601648966517,0.014024954123922694,-0.07066963458669998,-0.014832547257430634,0.01132308883414999,-0.019245383042372017,-0.04319394951549861,-0.01698775622211151,-0.023057009450951963,-0.053735790422423574,0.007140929108483232,0.021980235307375032
-0.006513982588053142,0.016432827180593024,-0.017162222022262506,-0.001270369119763518,0.012933127670844433,-0.006976365944207575,0.6996838221006954,0.008710412125606899,-0.00172802565701545,0.0011250590944859504,-0.010765978561818238,-0.045478611361328,0.008598579595581964,0.005171554275129213,-0.006998894790763366,-0.004058272293152541,0.0032169388353151173,0.016198806051363694,0.0007386220673313505,0.02926631206237299
0.026744579402486042,-0.023953591893989837,-0.02914727674272064,-0.00996396150685486,-0.03265884234922818,-0.009805581541970396,-0.2703051773522643,-0.02522617917171624,-0.006685478431023477,-0.023277871213803064,0.03885267488170942,0.012377310635339967,0.005347370327112069,0.015911657479973383,0.0404742484258671,0.002216823823277884,-0.01034210221534269,0.5662457376307359,-0.015944881084138638,-0.008861142952514438
-0.06587144826962502,0.7824728105708947,0.17922794878226042,0.027959192059554015,-0.3842107347797229,0.28463028640535554,-0.442460532105866,0.0830837993395637,0.0095547428724304,0.1142632497737159,-0.0403600829778811,0.0164086058277511,-0.011161825432606095,0.49095527167549796,-0.721283092501751,-0.014653986072047551,0.8870787879608601,0.37454083449296294,0.0027174089783858248,0.19734403783298607
-1.4990447352772327,0.9019088863388142,0.8803786770436172,0.6248410563768215,1.6779301040832386,0.5895267389177057,-0.05239347449599653,1.4655833734125028,0.016810102894359247,0.8044234348816888,-0.6246194339595017,-0.011055104262700977,0.9849096958788441,-0.43829406435337426,-1.172337144674541,-0.7501954435190727,1.1855604488072347,-0.944175804873491,-0.20508188571934527,0.9019694250411059
-0.017851607945689435,0.03503606181586183,0.019993074459933258,0.007437927669648382,0.031086645551578772,0.007151410555399369,-0.08806191583535945,0.03447535392525117,-0.010078907173407545,0.021751126120639855,-0.007426972326310826,-0.017803109015644605,-0.013286670658563945,-0.016558997706735815,-0.037793421339959596,-0.030154974893774285,0.03251617914414111,0.17388851615694698,-0.0008560790606934477,0.004476469803793185
0.0939190403813562,0.3024449410951979,-0.020032827068854404,-0.03636660400521404,-0.17373769710829873,-0.005686507227574258,-0.06184940028248854,0.2113673387897113,0.014118571809066293,-0.013890239465104136,0.0903556692627062,-0.004888126394437254,-0.0012716221279892755,0.3194523289133303,-0.054016884392018474,-0.013079580358109896,-0.078761164092113,0.09158278317115018,0.012763408914105458,-0.011413248829706582
0.6191430291439759,-0.47616341596086176,-0.22726851541815413,-0.29729601635749864,0.10762224699069493,0.09915530625422299,-0.08493680776203796,0.18597811994135494,-0.1023884300920464,0.055237201429379414,0.05035724126024093,0.45756142934772426,-0.010771734021681974,-0.29512559787478765,0.6909315717459109,0.006208398268334745,-0.4918732443347768,0.0167587175602894,-0.005162196579272499,-0.5320126213011417
-0.003352555241406652,0.38836534898465136,0.0589502532953241,-0.011505176975388373,-0.19757629543076108,0.003487835792213502,-0.048706147539308874,0.018590392714956716,0.017910605976548852,0.009102647022949911,-0.07713259611268299,0.014994340033695411,0.004298100309638008,0.33317786536019534,-0.46204690001441384,0.002927652608743843,0.4463324170608596,0.07107523592502069,-0.028290408582557297,0.0693339829982712
-0.01395775770746285,-0.0038308446225869715,0.020800369734275088,-0.0008643088286399859,0.05643325030720314,0.0017661251830304362,0.787324200275585,0.03655352031336597,0.020734105203650273,0.026311642212799316,-0.015056479085907435,-0.02185038059687641,0.018435086258227457,-0.028828285934576106,0.35131416651820024,-0.019917628801570657,0.010318818353931152,-0.03973441326347475,-0.01207270377463454,0.6556359271003088
-0.031286844314981535,-0.022290206617517613,0.018718513470000177,0.008662854744181337,0.05154768075425369,-0.017875885638348722,0.04867383804216288,-0.005230596090934606,-0.020366763417734156,0.003982579114556972,-0.011303986966507352,-0.003244779144447635,0.02353099449594693,-0.025757226452409923,-0.026179249560717217,-0.020249784903002613,0.002200623387813922,-0.07419863777361221,-0.017856205733831815,0.00012089392803097017
-0.013300014573339663,0.017172209732756162,-0.023796455992653745,0.015623221544816492,0.03527881107337363,0.00019149532738451302,0.009357908080868692,0.031342753710204625,0.014701665661705311,0.02461460579514035,-0.08337032873244997,-0.014307538866330988,-0.005325602489371718,-0.004424267624498802,-0.03469045424778448,-0.012740858932788335,-0.015716721146285424,0.009453911719659955,0.007425521749903611,0.015989224223997466
-0.32075091012795887,0.1719054865953021,0.03646985841019651,0.11675010026003188,0.36753531255364547,0.09693161917821247,0.08995974575143732,0.25151258912262986,-0.018726267209799564,0.1639236524740104,-0.23929491951485726,0.009562487194183733,0.2052995720906537,-0.06754508630775988,-0.25134251911370886,-0.1463842192443275,0.2389378103297594,-0.3806195226740697,-0.0537413999448208,0.23468776108006978
0.011144583739519359,0.01116343830661555,0.0013333201485859437,0.012145451308982716,-0.004046727378162142,0.006086131545365702,-0.01143782532440475,0.016426692089621834,0.013321169931075665,-0.010035446683588465,0.017525839349942215,0.005913368221926025,-0.007673765482410811,0.016960647089121386,0.0057261436246768115,-0.006062436095098513,0.028030998324091227,0.008394880350584225,-0.0160942710404311,-0.01674352658529568
-0.037400947405334464,0.04730939990904059,0.03421337150057698,0.024875447613573656,0.049110411279411806,0.006849758586146433,-0.009763994273236794,0.045891349292247405,0.033181056930012595,0.01085714106661298,0.014236978964457817,0.013254165640584285,-0.0084999676722381,-0.023349183733414956,-0.04983837717633275,-0.05196843838681996,0.009540692811966012,-0.04152869084419405,-0.032845019506068496,-0.007050474960126648
0.016408219050782578,-0.014761220946466272,-0.004266228685760284,-0.036795718721950386,0.005444264223933806,-0.011152559275385266,0.05272549667189242,-0.0050912675445573055,-0.016234027618185858,-0.015735173244291918,-0.01231759439235704,-0.011915207886819212,0.01472492731528565,-0.01196654237605784,0.02278493038567168,0.005431068529264957,0.0031836149517964004,-0.027060938482424902,-0.018805292574434355,0.00797816540803
0.04840905729210131,-0.035889233768951256,-0.012557148838930894,-0.027376664876542063,-0.05217929349061425,-0.020079695030055408,-0.0033114491769269134,-0.049909450760072645,-0.009383531667498791,-0.04009048548477472,0.023411200552340125,-0.01536918438260085,-0.011747631505318983,0.00828047456265719,0.06602320307439294,0.023369860357474813,-0.03413231028824988,0.0631710082815368,0.013441838559192919,-0.0364039956435511
0.8653559181631868,-0.3782744004853182,0.25480016830488705,-0.34868413640951385,0.04227069216637164,0.6953988741437215,-0.8009383618676197,0.6151722910710129,-0.013700586298567938,0.13094677161463092,-0.3855017870994177,-0.02512976675055605,0.008489149310853188,-0.788550445278431,1.1734917337871944,0.08446922824122251,-0.6923059082323287,0.5965320898589446,0.16043522439800498,-0.6236514732685811
-0.3628070838990012,0.2850483554695002,-0.05069383176174657,0.15337628302300244,0.012444768883139593,-0.010317547651286344,0.0017845626604754217,-0.13008984051161793,-0.00734403821405343,0.4425197070143729,0.07211695874059056,0.0010742468758743714,-0.007485012499217913,0.09684853376340942,-0.28367801707027573,0.04596372358778797,0.33457279859393235,-0.0952555306489511,-0.18570207495832824,0.2655675805307337
-0.02810597842740676,0.43881825186255385,-0.26863967575244413,-0.0044748125054807145,-0.0665101368197502,0.0024955137793285873,0.10710991791077937,0.22257121996031523,0.008792293286515554,-0.0006915679917086446,-0.4169752175980785,-0.002995942974380163,0.026426614749936943,0.31274305791682944,-0.19567672578144032,-0.012913985936288968,0.051201759481619966,0.002379317727265398,0.3502825262000004,0.17435025135964044
1.1481154764630037,-0.7133876264083855,-0.32300878539121697,-0.43699495290839435,-0.5106394013090708,0.021236743709086594,-0.005973546147178994,-0.4527483471891343,0.021569190588072502,-0.46024305272431176,-0.28699303696197054,0.005342635992452573,0.004831900569881358,-0.02346234491102867,0.938657393604033,0.5326147039639225,-0.8230751970065036,0.8098563113916173,0.5436563313809369,-0.6347313298209121
-0.005355882928068567,-0.021542432402258047,-0.007656296277074199,-0.021752271436713638,0.006938851538358205,0.007336982370631692,0.04317335599287801,-0.03867384269768217,-0.014877472499799019,0.004701223199915536,0.009359977638320914,0.027846160006557034,0.029530573110077923,-0.008483097991627964,0.007132411411284754,0.015781863972862825,0.017125078917702027,-0.026375082786073648,-0.0060774820901792585,-0.005899167975227984
-0.03036834695746501,0.022279028954614786,0.1683078344485435,0.6067197774574363,0.27518722049041083,0.010704806362516762,0.06353573344731636,-0.14144864893887954,-0.0022582901045817057,0.037356135120849815,-0.0370455853889829,-0.024614977325270265,0.02142206368366331,-0.013188919682956782,-0.5408338397273822,0.007769734719154024,0.053529998259781664,-0.1365086063032332,0.0007927752486974119,0.6190330744242627
0.008418339731934578,0.041458076800774,-0.020447211009046784,0.005335028059457827,-0.0375662842974327,-0.01781615711554729,-0.018456455291624485,0.003363361657718649,0.034108027543612494,-0.026146518771531804,-0.035730774226368965,-0.03756716261755556,0.004424947092635323,0.05121797027372943,0.3259937624509021,0.022059335500309078,-0.01659892726543598,0.04773854991024644,0.0395719639522353,0.03276369928909307
0.18220135003629973,-0.10789477762641826,-0.036720580093386516,-0.061967131600419445,0.057556747187569014,0.026548669534210652,-0.002160688742870109,0.09889762533553356,-0.0019289457170118633,0.01448557601584544,-0.13866898188909563,0.001973760663257103,0.012171774697472004,-0.1329526212697541,0.1693544354057217,-0.006525788522610702,-0.13082060813910523,-0.0708150532780275,-0.0034578768165903304,-0.13794741481237707
0.019300334970581593,-0.044395494005234966,-0.02821819325238357,-0.0010507955959295247,0.015468862416922078,0.016574454207005568,-0.07926751861793563,-0.011203404579763408,-0.008033453861362007,0.007422511243585601,-0.02601186128575097,-0.008188655839462388,-0.02817031959749191,-0.044957369902713665,0.6938010052361876,0.003083745329793719,-0.02360285588346196,0.15271357330793656,-0.015343427407211702,-0.03764583135210474
0.017447439642048864,0.04803118971512709,0.02652997834782785,0.04291032528099786,-0.0055584644231132276,0.0013223543100757786,0.011885762917304147,-0.01175334596836525,0.0036755241700156148,-0.0032914852415400894,0.19937189186857632,-0.017543911719821784,0.014066395809893096,0.04135269037636026,-0.06123787875043319,0.016928925340572602,0.04303456958171127,0.002810789454255176,0.009322117507033883,-0.06409422460123844
0.014156011327777858,-0.013175303722977394,-0.007895940674984952,0.002368747959893027,0.009986221567978758,-0.017651154442986733,0.048657585055777046,-0.018491087158460207,0.005755819586298134,0.028572290284214683,-0.014990791406644697,-0.014117560976667566,-0.014637519307081771,-0.03617663129088991,-0.005766964692924068,-0.007416270677207489,-0.001427193394401522,-0.0774601507306937,-0.02944725193339312,-0.0024693969426677724
-0.6780288223115717,0.4352080306619364,-0.09735137630056168,0.29596304928043643,0.10099027024618747,-0.000751748114538999,0.036247656991522506,-0.14607015884342192,-0.010565458124522597,0.8235547873663269,0.1059872409324791,0.01806644345281637,-0.016097869653111135,0.05046281956943887,-0.37287140218764725,-0.02468742711031178,0.49851503732192076,-0.3071059763031577,-0.3259344772540297,0.5248008302368155
0.013250499169542983,0.00033936622382704784,0.5707704870905066,-0.04544845016095471,-0.7575949047918985,-0.0002701287458042167,-0.1952289309961488,-0.3209577852072812,-0.012675879334284936,0.0012724517613065265,1.2795284896906682,-0.0005941942188798554,0.0008900487975139852,0.9986074601575534,0.1781642486435006,-0.010461815413937224,0.00964411683257782,0.35467574241673044,0.0011288994182219493,-0.18855468222793628
0.043706434997063545,0.2672723883401648,-0.2284569462218172,0.003739553246215544,-0.12182803028642007,-0.005450671715604982,0.027151693062790444,0.08300570821011378,0.011009710843613709,-0.044404877003148296,-0.2372669791732868,-0.0010430661600612434,-0.030913349672669288,0.27192389676575607,0.27641707198980714,0.03471660107179639,0.006571066274877444,0.0885723095566795,0.30922287967777706,0.10042400835261789
-0.008129765382110304,-0.04270457539676192,0.0023585091353163423,-0.016169842142843394,0.0017796863706776161,-0.015006186547111807,0.8445458086206675,0.03494776795217361,-0.017737351995325154,0.003939452306182437,0.0416296424488464,-0.01896875981153285,-0.019924003732443296,-0.0004185302379450242,-0.009337823078527518,0.0004282880018029549,-0.007106684312816065,-0.0021411087492172985,-0.010983551985143801,0.7905863505994648
0.5582967763377404,0.43410913222767095,-0.37003093654736074,-0.291756624712959,-0.42314991455280354,0.2227249991024044,-0.3100754547985047,0.6449031121665403,-0.17171059984899906,0.09287914371464678,0.7128700760676532,0.899211502514806,-0.009476542050810837,0.6384009533031982,0.3573995464060131,-0.04383164613978401,-0.4595584298951694,0.3259623558683777,0.007227825161305974,-0.5296875035181626
0.02700369859471851,0.2646162539045781,-0.08723496201192306,0.16793341882882237,-0.18779156302900657,-0.011687815298476713,-0.09165321007557176,0.1567047353312472,0.41367672305939773,-0.06594792770319124,-0.18001801798429737,0.0013977818552840028,0.014673845182768885,0.3662585038248677,-0.39393311196466896,0.09042700417495353,-0.024044627820818874,0.18992739787762924,0.11978882610386526,0.6958948728884307
0.016469633937329715,-0.008482857445107246,-0.003553528963676781,0.008057311479130401,0.49517896094919484,-0.018086975864475035,0.1252762510024134,0.30994884712265325,-0.013403643390301118,-0.04188717145963297,-0.32487526756132434,-0.0055586299270152075,-0.002930797983420365,0.01127574597125083,-0.12432200330100587,0.007547055909004129,-0.034860148021462006,-0.23400421602833427,0.020381928928197582,-0.060778540937683846
0.060465344670749294,0.2381915082361953,-0.05687289126751524,0.15569091366777485,-0.1939594215006438,-0.005500662635668639,-0.1463968723620745,0.6677790852048617,0.3878828300941936,-0.07782402902224192,-0.14367394426711752,-0.027299489474617307,-0.003371820806698676,0.32722126023760756,-0.3615976671961715,0.0888646554824324,-0.053840954774300134,0.21421267295146423,0.0626528218212189,0.07852307949562484
-1.1131159892409228,0.5728746075781325,-0.2056092100003231,0.3558604074019462,0.6868182729564136,0.3489380231542148,-0.047219702837461894,0.38176261843019554,-0.13059739574848028,0.9825782234583803,0.34192612052675564,0.7232073458112677,0.3455627923936698,0.056689863309006626,-0.6241024682648805,-0.2723833312477372,0.8303918817581408,-0.7486128158222985,-0.36014367759281224,0.5866579296971239
-0.002036555887743323,-0.0027764045330924414,0.04252459855552065,0.004814606080409914,-0.03507219435295956,0.045989521890854854,-0.0765251314274196,-0.0038579682775143663,-0.004889952643770514,0.015692786894033712,0.04825805268005082,-0.012410278408698166,-0.0016306708779955902,-0.027299554596607187,0.04438059755377346,0.0011895114786316698,0.012377749977122907,0.0879448538143604,0.0035072710698797766,-0.0029812465669467668
0.07695676403152943,-0.03893512292371247,-0.060947658653948765,-0.01955883156081668,-0.17951061042344207,-0.004221523534580668,-0.03809687212617585,-0.15831941573213892,-0.003715184371679142,-0.11423971833828944,0.030049664939330853,0.027738733945428515,-0.0004960378612438407,0.09334959604421957,0.07100700759775554,0.11607360305893648,-0.0554188140286933,0.18630626322583022,0.09739798706826566,-0.029735991618687334
-0.8907122662035668,0.6887270848726484,-0.06425639901154531,0.4216971562186906,1.163689010339108,0.31173509999324295,0.9199803175746649,1.5668573610099712,0.1456711574598454,0.447848219498351,-1.187547908337986,-0.012620566643597668,0.6183409004318287,-0.1107738377873133,-1.0208218839620946,-0.43373809810239483,0.7582742863335321,-1.1772360081910438,0.18948691237889725,0.7091403422994529
-0.02969651474820139,-0.005903636569328286,0.22632678815756824,0.015492171314360412,-0.07023018796702943,0.0021561106371950573,-0.01984741233757116,0.021375614496601823,0.007555114517885018,-0.003903828943781648,0.2165526482779654,0.015470311702748974,0.004670412903617681,0.021144187049824403,0.003053794850454414,0.008102256795549134,0.021140618320944597,0.0014864119348920977,-0.002652940600039945,-0.03608898779330494
-0.020799627737218315,0.6178845826811519,0.015206653453194385,0.0075176745589857485,-0.3395162172275078,0.007129020866940457,-0.09289381303071205,0.28894670901967756,0.023821998046464326,-0.0005217022961828081,0.17136231419045383,-0.010496182129359925,0.01548713639548224,0.5302111902045837,-0.2019638194525117,0.022338442566559997,-0.012991536432680396,0.18840556660626384,0.028096323586769882,0.05517493186880296
0.032286311732186566,0.12574661248112673,-0.014631697258396689,0.08937069432312238,-0.08862191174061396,0.03841492856145676,-0.05204550566402983,0.10212463094911158,0.22517885163174917,-0.0008148409439736048,-0.13174030833230563,0.01241243325169364,0.010878532333394905,0.16538763098081657,-0.2201747876919239,0.0486585088753771,-0.022277562482800894,0.0813157678400001,0.04873349726815902,0.004637544026406107
-0.008395223613849194,0.09975371233667599,-0.5221168632967116,0.02089730656352602,0.14282904188663423,0.014276261457651693,0.22266875850647677,-0.03183059430881753,-0.012734941163662616,-0.005006916677058024,-0.8151148517512536,-0.01298801881372229,-0.004721716148818551,0.02607322603911339,-0.16647007856828458,0.015383773658195165,0.1272244990170084,-0.04605817015143421,0.6349062147967455,0.2664510355221705
-0.004282693079679959,0.005175827334583239,0.011556408221477299,-0.0021573634798775394,-0.01576966355822904,-0.011299637168916875,-0.03670827334170728,-0.030503876369576896,0.01671634904912763,0.006152285010287752,0.041681282399106054,-0.019961276872939908,-0.008803981713574048,0.020814214421611757,-0.0012301595887876313,0.014363448187619868,0.0019194720744211474,0.011782647423244468,-0.008393373823980066,-0.006079414498536518
-0.04604823293182748,0.027755200685644583,-0.009379277041304297,0.008208913523591993,0.048021591789258945,0.025789951404297295,0.026458130799586907,0.030290204759274943,0.016906702211449572,0.04192709640757793,-0.06055194838287019,0.002478801889226457,-0.005243052667098815,-0.016442065867061234,-0.030061061676661283,-0.02213939964423722,0.045098218849986355,-0.03394133975727092,0.009369931685217825,0.027363911399969465
-0.007087758568914722,0.011486169081260794,0.010283882513135206,-0.018114131161646452,0.021212814886795238,0.02747996734264998,0.01991437351428899,0.02805136063321788,-0.0029529983031666082,0.030352872205859006,0.01621876930361259,0.019035488513092974,0.0016842674154727995,-0.02229059282943606,0.00688602487322548,-0.0036645479257443377,-0.004780052127113928,-0.021143072910226005,0.0063446810412002815,0.4417870702010007
-0.2821169450427763,0.22641833295404787,-0.22855456561873516,0.10949417181824594,-0.4746243043310604,0.012040264725485531,-0.21300832959160593,-0.7571063527562746,-0.011109973805720106,0.3614273488219406,0.22348123465068265,0.004105732285932133,0.0021795642140807997,0.4089142027291595,-0.13179277701045958,0.44389097175662967,0.2924873343299367,0.5221176431964766,0.15673580927619452,0.38365695128202315
0.17967108311210767,1.268472088439332,-0.12821734432742532,0.3568518094369599,-0.8782860804420577,-0.012164447392265158,-0.3497046746167867,0.27445833472086717,0.9507618935611756,-0.17903831857725866,-0.44141458517080523,-7.082566815706402e-05,-0.021487585894082197,1.4734065869620336,-1.6961508743289921,0.2045352624458169,0.6951297630387864,0.6475418661309195,0.1757098155323404,0.2654000697316811
-0.005684131135071494,-0.007068212552328451,0.4996191852625498,-0.0339804587247174,-0.23525868772408493,0.010526388675233882,-0.07473712588032962,-0.017945031296748112,0.010665028586633337,-0.007743361120942012,0.5662277167587273,0.025998178372813985,-0.014792279902659865,0.0812805370716956,0.07299643947772032,-0.0014036288828395225,0.001498328872392287,0.12733855260863045,-0.0028720507709465238,-0.0731350765917625
0.6341513710864074,-0.3672034966994143,-0.3853135407631112,-0.265278114211754,-0.25696989038354695,0.2398216688335606,-0.2527578321304004,-0.46189092036019624,0.00694184234982639,-0.47881103481345283,-0.6818588195447255,-0.011147541889684684,0.450137587524769,0.1426405272376041,0.5588250195840939,0.6292503025512055,-0.35763646820580136,0.7051146098815734,0.8588881013445913,0.3714455524689469
0.006103433481515317,0.018932623305101513,0.02136462390533876,-0.019490743177130225,-0.0797584479875177,-0.009730880168674598,-0.042650517335604404,0.0007392892945195222,-0.016611426088732936,-0.010936508167985824,0.11437186766249971,-0.007341556533331003,-0.00637613620525311,0.09747442266313065,0.038644742947445555,-0.01810975242010231,-0.011746376263804778,0.020174767997384727,-0.02957919247272335,-0.03204953300276095
0.033351011956169824,-0.0034366464231669726,0.023660806842813097,-0.019460803465465748,-0.005287400560078334,0.01098947359189447,-0.03401082086422738,0.030249243748845328,-0.013899365710153738,0.0006995947663471121,0.5683108715638652,-0.0015624102134479591,-0.012826726836840458,-0.040667389121309426,0.05009544169597693,-0.0003768030404515364,-0.02538432609589517,0.015183266370546282,-0.001463410324172609,-0.21142979024712852
-0.10115934716861961,0.04120566290874441,-0.013639146531132327,0.04075473023678391,0.03976023364238606,0.0024070826812360065,0.0013886569592285994,-0.014913011927473175,0.002440081289864183,0.12835901158058763,0.01924887798676537,-0.0073288079678604885,0.015850249093046134,-0.024018429538528015,0.713166844542947,-0.009677845249672447,0.04903974527144392,-0.07452132059837034,-0.053208528112852094,1.0077217139992243
0.23193325270116136,-0.190016054984922,0.025871410823465828,0.43698074008522525,0.401891028220675,-0.031411218169589056,0.12325417217205864,-0.0005569675120939508,-0.002012082205870452,0.49664231519821084,-0.2747256634230758,-0.02137675938447276,-0.03098877907399085,-0.3541579737804802,-0.14922683186588515,0.017367459975241147,-0.2227759671251269,-0.3544212858626822,-0.20849850685475785,-0.2587909889752027
-0.7338629615779076,0.49269729100669235,-0.05582389489389902,0.309620162292326,0.1446994723407875,0.02490112188635973,0.02342568782483575,-0.10580748367477721,0.004842201169832526,0.8878986027202748,0.14675974749493437,0.033232468472083825,0.019193426777853538,0.0811323202869395,-0.4764537499746693,2.5760487903396176e-06,0.5712985090685613,-0.3249329601215804,-0.339276364956204,0.5294049608472307
-0.5570239580475399,0.339982394933202,-0.08887716294764532,0.23121889088871697,0.11760757337577668,-0.0012631001650969392,0.06567149501879653,-0.11677884572328777,-0.002748853006894654,0.6633409231533103,0.03216235627308003,-0.008097125813762953,-0.00795592585745292,0.03533745412761449,0.4599272597280682,-0.008610654061809237,0.4118417282869479,-0.28308843939834577,-0.241005323448115,0.4266651715871451
-0.017808285048129046,0.03267639059658363,0.1125394486156231,0.4481274454140146,0.24657349955604563,0.037144801892287097,0.04799202845406357,-0.057380123378645356,0.006958506615867096,0.009656728984489573,-0.08265266438326634,0.01653425687991307,0.023665433132227222,-0.03461106811955385,-0.44286749627174604,-0.02312010550992802,0.015545462032134638,-0.12208222927835448,0.0055036638859050635,-0.05193778903534256
-0.00936780660215091,0.03030288783244946,-0.257442954832917,-0.026862453891731804,0.06697513233960425,0.014549679345326898,0.1445248115298687,-0.027477480308449723,-0.021884619745568636,0.029868855684577665,-0.37525618172268144,0.006068590814540899,-0.013913542899625564,0.006516190770967855,-0.07667192155567008,0.0006679885907611132,0.06807210474619572,-0.030721891543844693,0.3267130563129532,0.1208432620677854
-1.5879980461933516,0.9650750628908075,0.2917836395688218,0.916149589688558,1.7548985800395007,0.4070095009082498,0.47496654476385536,1.076582106488103,-0.015325764625560685,1.0953025718241456,-0.9720965010944371,-0.009436283099680892,0.8161625332001152,-0.3790769131347771,-1.5212401760114618,-0.6407576806314111,1.2214627205616562,-1.8444116505460388,-0.3345823400792888,1.0386811262894313
0.0036262398056163,-0.02114880326477238,0.03369085064508996,-0.0008417947749297652,0.002289571954319225,-0.028427597362053733,0.03284555436369644,-0.00680212276573881,0.0031333900674242786,-0.015887698697161674,0.056445062971241314,0.013612994074612252,-0.00921083454332592,0.008726896779890614,-0.010373348519228564,-0.012569514400110683,-0.024160986713516144,0.006786301644578052,-0.020893349173303315,-0.011551132193763025
0.10327700021025632,0.4574138211820776,-0.10234126293955007,0.30153928976514244,-0.33367034853513267,-0.01573764475592297,0.6071088248647839,0.2670076318364556,0.6908077525557178,-0.13205692953166864,-0.26005863477326396,0.009381233462512711,0.013254369573997523,0.627636191875337,-0.7162470936970494,0.15458879531297046,-0.042279575206890165,0.30496399010941944,0.14847628390168147,0.13855322795044905
0.0051018398151089365,-0.021624555027944886,-0.015197687336078479,-0.022390931818622842,0.01793071624799959,0.01699481776726281,-0.01949715999529269,-0.010777859051146975,-0.015446175314148776,-0.03322012048946156,-0.025167416141352074,-0.013256640310662109,0.023674120898725042,-0.025091808819535665,0.014364843002280359,-0.00448417199005282,0.00047641047177002325,0.013480607819850842,0.0013063652765538877,-0.005278224864090714
0.13060181561236522,0.6190133299775529,-0.15072500556335167,0.40550059288611906,-0.4231269633060918,-0.004082530513086292,-0.2663101373212546,0.3967324851093814,0.9901895198776964,-0.15750787521147575,-0.44258672607734123,0.00919219450781324,-0.0019244905286880242,0.8682421063835442,-0.5530703142158191,0.19200971934361122,-0.0784134089793414,0.43255619664960593,0.23014966703278933,0.18707576540441484
-0.05172450044559552,0.015720332069769704,0.08391910735272405,-0.0003713019173130221,0.022339808172290816,0.13124104903923509,-0.13313454798917482,0.04325584698931467,0.012160201013194259,0.04710554801922617,0.6086271096821863,-0.022414956619716844,0.004290947323510586,-0.06799151279221861,0.887004267743402,-0.009038520363426686,0.037746481681156976,0.05296012143336475,-0.008190967900924686,-0.16244684073721008
0.010481651353713697,0.6074884170482131,-0.0015026131267002682,0.0319699749097908,-0.32341905627186723,0.015332813852722001,-0.11076605896522898,-0.06793040757529274,-0.03485334840499975,0.009962799710978926,-0.06834127182756641,0.003996544026018721,-0.013761280894893592,0.5455868630207982,-0.719333944325995,0.01748025922994669,0.7285275672427578,0.19954383309260496,0.010217935896859244,0.1584222434062569
-0.01348365881007724,0.02494109675417412,0.011046469248949331,0.02562162284218206,0.0006672235737239804,0.025126746793217317,-0.02147025684792065,0.019592777650569056,-0.00723950064211322,-0.005556559645801632,0.014871037969838989,-0.006370782659344022,0.02431146344980648,0.010623795444512822,-0.0365240396268475,-0.012310330664923548,0.017436860905671103,-0.050079608173270646,-0.024444628790826522,-0.007476916887820362
-1.1885506674704611,0.6866381971700947,0.24732077515025622,0.4850585063580813,1.5238174101735376,0.4451014359327617,0.36989150394536097,1.7651146396987616,-0.028830354663598467,0.6637485619848741,-0.9038161191577071,0.025749537122854015,0.7725277109682077,-0.40044195563675233,-0.9846968002783317,-0.6156509770668639,0.923680997581738,-1.5110836757660666,-0.16170962539629452,0.7744368430648908
-0.9087082288818031,1.1882814963022776,-0.12899385859479842,0.29754616773925996,0.62428723377108,0.5022447754707589,-0.03047548828545356,0.9296132994713746,-0.19169570270005984,0.5239168490084574,0.02665290622201585,0.8557136170231869,0.5881342491084854,0.6087251562685697,-1.1552674168001091,-0.4476305679845832,1.1972850788282843,-0.7620920267988402,-0.09108459371769977,0.5312966143898794
0.5145569730792801,-0.26704391828094115,-0.36548314869849186,-0.2018999968442374,-0.9539009507302307,0.022037126160600246,-0.3958925881843831,-1.0460440586753097,0.007403762587563193,-0.6437756452403627,0.12494932402719985,-0.0033084607182738267,0.0035362265895156645,0.6029986149230764,0.4462161431519401,0.7609015098357466,-0.29372505095596046,1.2709197609146339,0.7482859216484223,-0.14144844086461988
0.5560252522237684,-0.2670209282480443,-0.36755637085881293,-0.21382597765655234,-0.8322720246884456,-0.017885873774410945,-0.375683182001324,-1.012810088019576,0.0019198007080857174,-0.6508049062434305,0.012620808288182704,0.0017696342248688934,-0.012402020108387488,0.6353656663131664,0.419170659774357,0.7897462098873274,-0.30968579543573316,1.2671787823686225,0.7492022936032716,-0.21073859820836732
-0.021177845268209348,-0.0009827269209842652,0.01633166429957416,0.008077356102021486,0.02811744638851093,0.016224119253265668,-0.034965697347059156,0.02306145044950876,0.017596226662311087,0.029473710756885152,-0.0037046971188251874,-0.028543778242160086,0.018758294769354915,-0.0018057379212876416,-0.018840867237267904,-0.02177267091076146,0.024849179800761637,-0.034735876169110294,-0.0057482777246987225,0.02377906692414468
0.018528964672987733,-0.006759359956421303,-0.019714140828128952,-0.015921114968176258,-0.06857709148087822,0.007645067086071259,0.2397476123294475,0.3834303760833448,-0.0007804400568850837,-0.0052112266642346285,0.010484018914456111,0.009276302764936847,-0.025876654863615626,0.04181232242994731,0.5577527809399396,0.04197959987176174,-0.01537696688340982,0.06328069353599619,0.017463309883383148,-0.014393860606589388
-0.26540673303820994,0.1905570957661662,-0.2399746556694598,0.09856370366566518,-0.33370430925343547,0.0002773449626458776,-0.14084380865527313,-0.5924447944541377,0.007879296385502832,0.34031792745423906,0.10879574181150994,-0.004164956522976393,0.009425376080586382,0.3118087390699118,-0.08455331069668176,0.3614721159494818,0.23418053307905953,0.36537969377023605,0.1037105177202124,0.31290502028123324
0.07128021295335829,0.7488931330215356,-0.1512885478388924,0.17272160876898146,-0.5226985380528668,0.011797077179786375,-0.23921433714886234,0.40543015436062424,0.4699768028150329,-0.07896143434590147,0.05213849011934969,0.13855702761314886,-0.02136096013847232,0.8944664040324996,-0.5951159505224667,0.09084174880035754,-0.0244633326757983,0.3903363008543475,0.10984243789641937,0.7521171898504523
0.0050471743615427556,0.021846451825301504,0.0007408593699417369,0.004548221536658879,0.04402542433576375,-0.018852802043999924,1.0315918146373662,-0.0012532613171230365,-0.01203029365185644,0.0010860763074444467,0.006184426208980886,-0.02038704166525643,0.009208644751940831,0.04074114782471593,-0.07178640469620522,0.0024309137281100703,0.002391676201428476,-0.07370535872762415,-0.020680489354739748,-0.03082315542433716
0.012785316584132752,-0.017311684356432502,0.013830383436552213,5.0986753633223796e-05,0.00183076489901124,0.024857879626734698,-0.0785366784607897,0.01523189777003046,0.014673540990221496,0.01295219964100269,-0.011521820557031017,0.001913844294819775,-0.012636941332736244,-0.0016932481141246902,0.0224513027058642,0.020939844092868677,-0.023702456823568016,0.1538876133481,0.00925104035411771,-0.013572174497066797
-0.04534298049606407,-0.025205315768183214,-0.27131049632420123,-0.028320715973521864,-0.10088119250715011,0.1436667049432921,-0.18447184218905943,-0.07452417299550544,-0.14943228278696324,0.06173674083834325,0.5778066210897291,0.7034502797058968,-0.039288032043557505,0.20186062516388434,0.0983040066627897,-0.0298966055313397,0.04203178709386836,0.146940672695336,-0.0065423563420347166,-0.12523973694693122
0.030403891439265626,-0.022787148150685117,0.019296689052849193,-0.013503476212614248,0.3635715771474983,-0.003011682346753583,0.06064442348672772,0.26525107653236496,0.008218684010976213,-0.005272963016135265,-0.17960140530726168,-0.0117568087528896,-0.003806561445048748,0.006184650903833791,-0.08794505742624373,0.015801389432091313,-0.02742405275507795,-0.14880356724867094,0.0034136535058370376,-0.072383618123389
0.009093433589942896,1.4761588189633037,-0.010672379310226476,-0.03232884027072845,-0.8022833091499603,-0.0027725923927522864,-0.2101969181905019,0.2936889088939818,0.009365204109846072,0.01240926178645627,0.3813905503825741,-0.01785055705156937,-0.0074294922865011815,1.2727964792871522,-1.0527342349675197,-0.011159783154586576,0.7474902249188937,0.3969159840641515,-0.013952372100297468,0.12937632841650992
-0.008332430940591887,-0.0017554532117893765,0.0038843372273978044,0.018858375040116143,-0.005107143562372749,-0.012047209288744237,-0.004468365417106597,0.035320169487864116,0.01973287224621941,0.009346655315520291,0.9008349647198786,0.013547420510598951,0.01668544969761978,-0.009908570419838685,0.01327234018241718,-0.00683273664639948,0.0015026937129316957,0.0029527490851170533,-0.016634519300186057,-0.3134761003045662
-1.2909684673779562,0.7833087242230622,0.08367866029515578,0.5161212636994846,0.9934031123514612,0.26467078003183653,0.2390380250159162,0.5651482827106137,-0.00871171220039022,1.0599306840833511,-0.11719658247524359,-0.008066374424766216,0.4885018653968511,-0.16203875001319834,-0.48295876409127636,-0.3331348308414071,0.9890310448233997,-1.1501644384752654,-0.33540218702655067,0.7531394964905745
-0.017813554500181794,0.019253259805974948,-0.0037591738445830938,0.0061896232814310625,0.020034152845542576,0.0019009854937077162,-0.0027098104517558124,0.01871651859747202,-0.006119851190513065,0.0023552963955117585,-0.0020031596372453372,0.009583745295463252,0.010929377506198705,-0.025451326108018084,-0.009109310366512044,-0.0018265648804059948,-0.0006018765552543749,-0.010800124231121554,0.012070483531016779,0.7323082896378794
-1.0094770554136452,0.5908142798864014,0.2117992036536739,0.41167661523139176,1.2892074818085588,0.3357137723144303,0.8189248685415332,0.988296401440226,-0.015308260603894005,0.5555552997054588,-0.8032999675702641,-0.024748177488738962,0.651943227493268,-0.3289711199135979,-0.8125618851707969,-0.5046814765368272,0.8125834514734962,-1.3387858023496981,-0.14394812692086142,0.6770233427127066
-0.011632976840485445,0.004858006500922702,0.010124527240938219,-0.003752085909751377,-0.0339926426849832,0.031209310997160407,0.41636393024422863,-0.02368590812408175,-0.015061158130954516,0.020138512920139594,0.08162936773007996,0.019330779070726077,-0.00742592849232923,-0.0013154098988270315,-0.005377518520315321,-0.004903500739726532,0.0005730457821418351,0.1338518237041077,-0.02669677661906816,-0.008841292183003611
0.03971228237448719,0.15100367719287505,-0.007013585223102262,0.09110361646913229,-0.12083123593608258,0.01421706231541538,0.8875911515454971,0.09440745588034932,0.1935351753826653,-0.044756921821170116,-0.08018758885747532,-0.008958999955669735,-0.01386316192097246,0.19777055986013606,-0.04210816629355321,0.029459345542269578,-0.002649870109079723,0.10285379016455412,0.03506092139915822,0.018462862174385634
0.02844881171683453,0.0033970755169806122,0.020795574099512826,-0.02199569299239608,-0.006371049710905913,0.0160765399654111,-0.026776872115353335,0.05186642778981381,-0.0005367389421528229,-0.019403728492508706,-0.0007950731488087728,-0.0026487697259042695,-0.004447971034356121,0.004644000274001469,0.01724570737525331,-0.01178566478937465,-0.012577677541433591,0.018035460371328943,-0.0017236113720725706,-0.0024963071251053806
-0.7421976628203893,0.5110190312554191,-0.05627167386572421,0.29149499333754925,0.1437763281334026,0.004079398543447587,0.2889764988642102,-0.12871116154523396,0.008743787502474645,0.9148550290585283,0.08981400818509815,-0.007270374479336881,0.017057917964009295,0.05756869348313251,-0.4992237678633934,0.011314225390404282,0.570918111277835,-0.36933349212007716,-0.3701838057144642,0.5655625130396049
-0.014871427143693574,0.09535036840759561,-0.01863641967076419,0.06679910565981453,-0.28139460887817486,-0.0198008179910526,-0.07528775303030623,-0.0897407641471072,0.13317176900291522,-0.004742600540112449,0.7545334047132307,-0.01138330572258937,0.009344279746548013,0.5140904929525059,-0.09302417124227964,0.009870427674920312,0.005758473913476919,0.1240091439389792,0.003343551329134847,-0.10678681697316761
0.29502004938590465,0.38138750189362725,-0.5780450657541449,-0.1333118549641129,-0.03309188901430277,0.013304718835873105,0.2321695248034473,0.09022481837304001,0.008502036267019867,-0.00017736024121550514,-1.0860881652923322,0.022442878958499675,-0.0011072891498624077,0.247592463616894,-0.44756295414576336,-0.0029230785625867666,0.4269471678087615,0.027342396241619833,0.6516369343599638,0.12690619431979538
0.012049532669255807,0.11846056278523029,-0.019272517390824702,-0.02032323516054907,-0.07221475915836478,-0.009587551449711405,-0.017599442784855746,0.0552149431077367,-0.008855985592397825,-0.025269814896162007,0.013818064174420807,-0.002323828618859213,-0.013295808241973375,0.10559983726875113,-0.0482215541660449,0.006785027364323668,-0.0146514126843131,0.06015978913108827,0.028483049656237477,0.01950870423521265
-0.01364151039420426,0.019075433314847123,0.01171101405208089,0.024858471249798453,-0.0003262286289759525,-0.0006441167976460639,-0.011306183983936211,0.7134513377515671,-0.0017485746497204262,0.005265989088659333,-0.022502264538833548,0.015042615680020965,0.00860236849901605,-0.026186521865642968,-0.02249876198851153,-0.007718779377058367,0.01823190101642598,-0.002505853349077356,-0.01289106754807998,0.024202981142559636
-0.16340224948110307,0.0972869427313305,-0.0018835272248731742,0.04100059419690079,0.21460682084782925,0.05571491010683564,0.09422401402034304,0.13306854264385476,-0.006213393070328942,0.0702029902285698,-0.16939494533943011,0.0017828010137834766,0.1239911192022257,-0.06882506129579988,-0.10642694425445837,-0.08727276065876886,0.14013246235837679,-0.21804314708226763,0.01428366412983293,0.09110573609576214
0.494427961104116,-0.35863283293483295,0.11834847151980933,0.41222462272599336,0.3833676440943355,-0.00695093010132493,0.10983067309731029,0.059304930374886766,0.0019989707654508157,0.01623556384738932,-0.3008020239693427,-0.012455017990505194,0.013311483557327558,-0.327400668899484,0.3298967633911515,-0.0214134190605465,-0.384984055415514,-0.205064571769082,-0.022368406336072386,-0.4623790802957257
-0.02467256625204589,-0.007971010502817334,-0.024282826388099442,-0.006188420407797587,0.029491569288102547,-0.027842033822396382,0.013312232780454666,0.4535246131323238,-0.0158054819365149,-0.0045020789632408,-0.016122132291508037,0.0009090458279877212,0.019523596725660244,0.009445097648179808,-0.04029419330276321,-0.016165493582431356,-0.0014894269333471984,-0.024132100638078913,-0.0069144584968555784,0.03464558473318608
0.0703271198715031,0.2796827871249498,-0.0391407485359299,0.3829824321266264,-0.14063107458503105,-0.003967207149137271,-0.10267160922311395,0.11877818556638221,0.4506047552055044,-0.07668621747910435,-0.20489757800476144,0.019399632144278815,0.004329194969248224,0.41067889747045955,-0.615976964494374,0.09928098541781256,-0.044102476653030874,0.17528253469240915,0.08864992630185553,0.04503136833120263
-0.014514452036166251,0.14582679537275878,-0.032623591801902205,0.08736779482521327,-0.07988646321700536,0.01031143150183253,-0.038426347532201165,0.04964234603828835,0.19543822166832991,-0.026957744573116123,-0.1472909006708236,-0.008241485993261874,0.0299039921676146,0.14778424265959514,-0.2242509038467393,0.03292749355772441,0.0456194631470042,0.06475420712194707,0.037766467542493,0.056377056775876955
0.04119826068184465,0.8690884614351443,-0.14402660394679806,0.2721947365760517,-0.5843033775657004,0.028779628054886406,-0.26928644444481453,0.21824856288762995,0.6962503796658516,-0.1062795198410044,-0.24664252583907553,0.10803549071437903,0.01902063162731178,1.0360461214835597,-1.1319127379912335,0.14656783441998394,0.4078188472747717,0.44411082488003334,0.12561396896132002,0.22651966928084086
0.03373916671547819,-0.03245023804569223,0.009892749865036892,0.021813415439262275,-0.038827155017042606,-0.012728782340949589,-0.017082519738875188,-0.0256257001964025,-0.014641169294877856,-0.0015211882119550938,0.0679160404410787,-0.0019060180168750992,-0.0001951356379284487,0.00980968829580676,0.04339491803565354,-0.002420094753438194,-0.01746188324671042,0.04527264945350158,-0.0061888014225675025,-0.02775655430385343
-0.05084014631288007,0.006913491603993368,0.006274301652519002,-0.014135263983778998,0.037101156222890994,0.02991795521607378,0.008070642944414827,0.059237309002991755,-0.012623495342881938,0.04267076086758982,-0.06756877999243775,-0.005126298013267101,0.036720110109412105,-0.05099660522448826,-0.023967719623218843,-0.01260044824066988,0.048765408425485914,-0.041390747301276794,0.011283626582061203,0.065246710336687
0.010793726195978329,-0.002599484364071065,-0.029641341796212094,-0.0069303069419794985,-0.03430188497133308,-0.005154348879526959,0.007794731374954782,0.0022278529382113157,-0.0010737408594039231,-0.009724947525648335,0.0007998653488538697,0.0009669188088864841,-0.0005370447040782822,0.02375222050810554,0.6921316124826314,0.012821580697077367,-0.004165348790446532,0.02353366295925451,0.0024517210745465213,-0.040695648944031874
-0.042646808034977716,0.020170763291374585,0.016508610955628972,0.023129123028485833,0.02709970012496913,0.019845293832187694,-0.0038926324265875813,0.01074394928476859,-0.016347734008427522,0.007776024993969296,-0.011474305899488599,0.00945929593978888,0.014671311227168353,-0.023523511546221523,-0.024875982539299082,-0.013157866362945714,0.028831819813100575,-0.00940421906494426,-0.001427543552922553,0.040434693453836656
0.02961476601482531,-0.021380619742359955,-0.0003303233360139393,-0.014554834343283073,0.0019502478037693835,0.017242475834282987,-0.02485229947244164,0.019583072417217975,-0.004510808016664568,-0.017461750128576904,0.030903692896684168,0.009148217929191847,-0.0031007058590743278,0.017185583036815503,0.025042572295245133,0.006373981458100034,-0.035701013132133814,0.031617810052304345,0.014443491329130585,-0.031023428664345994
-0.022468774630316723,0.012273188862303695,0.016561223168382867,0.02278879914083531,0.011678307779657277,0.02431446449804624,-0.021774548373324553,-0.02962741192556395,0.0031925157268261296,-0.005362845794387935,0.00659758281266936,-0.0025213743746204153,0.02578332514338015,-0.03066839834210024,-0.04209868004573371,-0.00962858997866981,0.04609152010206329,0.003751485086390949,-0.012835218696162517,-0.004169621799517546
0.542454974143387,-0.27669654320337744,-0.3630393566668999,-0.20135134847216568,-1.0096530177791325,0.009504103172180835,-0.4151975097791864,-1.1458998791050456,0.002701796896994134,-0.6626688831563174,0.14752334977197873,-0.003441657998019429,0.01412575644677062,0.600492843968332,0.44838239397399865,0.8026731404566391,-0.3429531752637668,1.3569390905465475,0.7532002453763049,-0.15443520474544484
0.02123977939138874,-0.014762910277778988,-0.009014465220594306,0.005904265654320217,-0.028234954084367325,-0.0013137822174851882,-0.00391765548275628,-0.049537488534853014,-0.009140011032928502,-0.012409973355473168,0.02975292096358188,0.009607473526550796,-0.017937560803802165,0.0001476207492743086,-0.000704650370415591,0.007060626042113634,-0.004040267757798401,0.030712137120942933,0.00339384929815003,-0.020010373258933546
0.02347179300341991,0.5581260326024032,0.12493323381578053,0.548082291198769,0.05895522803825298,-0.0012578514548288334,0.028540745074637195,0.055556910772020934,-0.0033631155250792803,0.011900308936807836,-0.10846347585778189,-0.008483556144372392,-0.0005327348660673845,0.5201267958822183,-1.0316314715929062,0.009469217070809955,0.3785441735450299,-0.03742785607512152,0.0054942766217423306,-0.025853592299709047
0.020393493844506214,0.34294729248846123,0.1781879263499796,0.9225295418369494,0.15063755982357332,0.006082793620886401,0.06332011124728333,-0.2800571562397186,0.02795575142589113,0.0075992060088434015,-0.100147982604462,-0.013919204339055538,0.008782179001023906,0.35842206741727173,-1.2460643673298966,0.014970757776342896,0.3768385150463595,-0.0651944948756288,0.004375681853136894,-0.010541141591486338
0.007377539206089551,0.25545649631494555,0.03490639231463435,0.18206271375561908,-0.17976725146465347,0.15981019761342186,-0.7394334261091904,0.2105556049250365,0.4153293325603739,-0.026918189947344455,-0.1269976078491742,0.01198918775206655,-0.0008823297859924233,0.24938249377063698,-0.29985328201400313,0.09346274431935908,-0.015536450170245433,1.1963271799025286,0.10944667920900827,0.07780919984065235
0.022105921945996927,-0.023968787929061385,-0.0003858107722374514,0.0007004718608966179,-0.005384043717127975,-0.0260794419566214,0.02910084418286071,-0.01832730203155664,-0.00626836183829992,-0.021712865799966573,-0.01244680268928074,-0.007255267064171541,-0.0020928322369189786,0.016760000859260393,-0.018788731609187835,0.013806969533148762,0.002409796212980012,-0.0059876284979678935,0.014633080899470961,-0.011474311498986204
0.020965615335365118,-0.03092064472609976,-0.003804331502835146,-0.006990770198689294,-0.011462882254709938,0.0021795952601716233,0.005965029215636478,0.676364215904504,-0.008621816213098408,0.0002645030620294104,0.002826159499657536,-0.00517692902536236,-0.015622941271306874,-0.004303237886169941,0.03461955979508678,0.021438087657252386,-0.014824871487353598,0.03060150755666105,0.013996762141354946,-0.0049462697306167785
0.03395225588260854,0.0012644442589398418,-0.028387377575436405,-0.011037994488511102,-0.03243570426784191,-0.003751017925930496,-0.010391853801059062,-0.014063271524439296,-0.002636706260206236,-0.025697967182911494,0.026393603145551982,0.014641813612057955,-0.0032203871643062855,0.03437618176792712,0.018335635312791643,0.024874996282993105,-0.03077778212247178,0.0329274651869071,0.02502440143899473,-0.025944587008397912
-1.4650365961774883,0.8533150154197776,0.30937436394813467,0.5580688301936202,1.885956726019993,0.4980487221522812,0.5188679725072072,1.4100643176114915,-0.017521425011790753,0.7980544891483197,-1.1845539359373989,-0.010707737098432129,0.9935471569186762,-0.4746098721543178,-1.2140494865755862,-0.7464885785672756,1.165176199839237,-1.903847139842436,-0.22529371732599496,0.966558720040224
-0.03252364981887451,0.021085175899180044,0.019891702437766952,0.007548043101410372,-0.4417686006889831,0.023502348851113443,-0.1291723283134728,-0.3087729851142048,0.004912235127446571,0.03142299919357411,0.6302651774314268,0.008507044452916307,0.004749304787435149,0.7404472509560007,0.21195744964568633,-0.017110981497686056,0.029433460818118578,0.23308877879867015,-0.020499819688924226,-0.03540191021647009
0.1668609976955739,-0.052258010318911974,-0.12589527328987338,-0.04856855617875776,-0.28846852077586416,0.0057360288851570004,-0.14370733117630446,-0.3250706524030495,0.004307691816067867,-0.17478637228255747,0.04150265401478639,0.014465220439958688,0.0024569075875494444,0.18296088546066602,0.1134355391960966,0.2467651236738418,-0.06900425718470748,0.42874915146275416,0.24173092914960714,-0.03389031802348798
0.22274477889410774,-0.09853108218302215,-0.1332030634669439,-0.08131204374759775,-0.009217488158253588,0.015545383426149861,-0.08965172549964358,-0.18966771041748476,0.008601291447640899,-0.2716326263147412,-0.19854459933031846,0.006793222280002589,0.024464941624440347,0.25036369869660086,0.10224131493280639,0.32350549796293404,-0.13273471914559173,0.3719998331803545,0.3316723478432978,-0.14012204341210754
0.4142272630208894,-0.30260778455140436,0.5342394263842328,-0.1754843107927782,0.5863376926885111,0.773279840014922,-0.7143193426403369,0.8292483191185249,-0.0048688758431545435,0.23390082207587864,-0.37873849493552797,-0.015123606667826538,-0.018923338014906924,-0.8650435199451021,0.8320673069950696,-0.0072881151897731,-0.322807694882742,0.2690892085107176,0.07562937463695085,-0.4454995868914029
0.031550612253814114,0.23842616505184394,-0.04662529717844042,0.1554525425434238,-0.1306403241920998,0.005543815404045737,-0.061501492342862715,0.1399821347680971,0.32420798562245334,-0.032913990269110384,-0.12458798031541496,-0.011925461548286866,-0.02030889111826785,0.30115297316050327,-0.34680298629750184,0.04005133536931198,0.00457217079478371,0.1343766571734131,0.0667849158487876,0.06998860953493777
0.8433706764474397,0.15047858987612214,-0.6228295151024765,0.03512103783303136,-1.0919163053061973,-0.03727854596575628,-0.8611405720718158,-0.776305254282189,0.8073414327813485,-0.9870823643669511,-0.46776292630461036,0.004123908221730737,-0.03473793811261757,1.499679540665716,-0.3359121173301288,1.1711155250356076,-0.4967432598951612,2.292935168026857,1.113156159784607,-0.19961374845310728
0.014073271154449686,0.9647784943527108,0.026076592437106475,-0.0039006543480330008,-0.5727626582417877,-0.0032729844676063526,-0.1354424765569168,0.4125411232235705,0.0006099462660935262,-0.014887466635458955,0.31125063310222834,-0.020252605804635657,-0.016074344001086337,0.8600392834642067,-0.3523136987863972,0.013697242807144036,-0.0018091761563743085,0.2984768219346519,0.01231861913547946,0.06633748042123576
-0.022047180137974715,-0.009899346000379308,-0.01187406230613167,-0.00407111470927776,0.02729540512679874,0.016940135827546117,0.035912065660890856,0.02679560348787492,0.004263105180851903,0.005524296201853216,-0.047616654148582536,0.01494082570014709,0.01076908276960035,-0.030392294453707468,0.18509730599324858,0.0014175664397479823,-0.003913872911264501,-0.021799981286075274,0.012298895127456688,0.01145035156597363
0.009764656678390738,0.016146963874518024,-0.03060053790780555,0.016317194448391796,-0.0069874210495714795,-0.0032137679200595747,0.0157701200589405,-0.020368923010760806,-0.010779539626420018,0.002142639498776003,-0.06248453920697011,-0.013850188266282853,0.007614217481506889,0.03422244638946899,-0.03879361444251685,-0.02275966600637284,0.008877086559988083,0.027111850909135,0.02650267609108895,0.01673409259704656
0.005490544213374297,0.14877665501873516,0.19532349940595803,1.0685175966789084,0.2915170622777143,0.007041806059594022,0.027254138462092306,-0.1607580043967703,0.17554990086501207,-0.03053033161787059,-0.14099472721623596,0.013725701911766487,0.020449909247460353,0.1978085188939146,-1.081001169705396,0.0384376487166853,-0.02883630918220862,-0.09686615746148369,0.056179580789595965,-0.05804822724181054
0.023652405082246815,0.014030789909221669,-0.006000451070825784,0.016906886225634132,-0.27023799003243354,-0.017810917537045168,0.2963435637521907,-0.14932636816940598,0.008694186083956055,-0.0035204766005226575,0.32192354712041066,0.0027669394803403738,-0.00832696375700348,0.4103293829309217,0.025495124329764886,0.017668167673198953,0.018790683171973684,0.16210842496834377,0.006960867340062421,-0.01586976458974368
0.009682877035520458,0.023092233150948428,0.05748581618319976,0.006924719928826261,-0.0272753885993672,0.05737297086054314,-0.07510253390695712,0.6032212728404094,0.006910897547767455,-0.01620572127972549,0.03593114941059527,-0.024062033368240407,-0.012351639237144397,-0.024682626781146633,-0.00861428153371778,0.009747915778909296,0.003981234654409557,0.08702568760782027,-0.002274138563339268,-0.015092014476047912
-0.3943944920502337,0.2550347335826869,-0.057644431692834994,0.15090208650685502,0.04514094398539938,0.013750733225249398,0.00852753449759807,-0.04480773761321086,-0.0006505621121907675,0.4366981733228591,0.05638594530002006,-0.0003777047292543058,0.00643340682726915,0.06641727523263101,-0.23463668206053231,0.014524119582152915,0.2746856562746098,-0.14087578490404493,-0.16681889149202636,0.2673023527599485
0.024802376699014198,0.006937950318753433,0.0068829152091639135,0.005137492270535019,-0.03020712562714054,0.013019039898490768,0.003732388926885784,0.9843450682835017,0.020031667168670927,0.005650899944185237,0.007992881389005436,-0.010158705522137015,-0.01869405303030732,0.006486809040389551,-0.014659471520087558,0.008172437994572573,-0.023133890603519714,0.012871248313512792,-0.005436638666559818,-0.02431037168032577
-0.7348459732401256,0.43210097590040597,0.12778649594884028,0.27954154119197455,0.9445883126181706,0.24235099238570357,0.25996131825494695,0.7042464078425844,0.008884390670543505,0.3800909476245973,-0.6039966926529471,0.021118768480681845,0.5046138553484343,-0.2689028653020656,-0.6181271652743774,-0.3978189741989209,0.5645633735873324,-0.9291990817755832,-0.09042766170803233,0.49533903200854956
-0.0015740049933752514,0.43050294505232206,-0.005575548513638503,-0.0035775508818563194,-0.23656937291050859,0.024793415141664096,-0.047213896800998204,0.17212299894170774,0.016434404038340948,-0.03223837019502695,0.1478060077105879,-0.015029323465827039,0.014125348486102043,0.41984826109626,-0.17686764536473418,0.014958082241204533,0.023021529392171773,0.15142849490621602,0.014813852614492919,0.04419803505131147
0.02479763458853238,0.016764451833571073,-0.025194650863062596,-0.010848058183102083,-0.06138761229456106,-0.007058693779665453,-0.03304967829007058,-0.025014491320826296,-0.0006834186777395293,-0.024448664909810153,0.026063294304971882,0.01556659171558141,-0.010401161229374511,0.047605939417401474,-0.00021623093763125083,0.016609381153910783,-0.012368530663417074,0.040434339503670834,0.019348762308851,0.6108156983543188
-0.0016535652424143977,0.013637192403783105,0.3979753738684085,0.25662029855957613,0.31477384671095443,-0.004547407160554019,0.08464159654537666,1.0502005367313523,0.020516305456932407,0.00942402191940162,0.12141904721962485,-0.026902447805413628,0.009030486980301388,0.011755830206654718,0.27300835355375225,0.0029156168053566626,-0.026453015435336735,-0.16658427591505037,-0.0009295825366934056,-0.1286441396869339
0.6414218665389233,0.34246197881641366,-0.8325210374692362,-0.23147008111843984,-1.1396207326305103,-0.011057736743745957,-0.325556652836723,-1.2564325515453492,0.017508428983625084,-0.8048207378714121,-0.7292953209591393,-0.014751315927262719,0.010068167124372777,1.2733669698297037,-0.31139077409400756,0.9700823184400591,0.37609103281404693,1.5880764180811309,1.409675433610814,0.6783958121822437
0.46545184850408194,-0.23179560442143687,-0.32186626554472586,-0.2022970908944335,-0.9182039345698639,-0.004427918929004272,-0.37403428578686654,-0.9951481075046441,-0.008643624969806498,-0.6061034925159635,0.12290977104521064,-0.012109051338633069,-0.00047148881664030393,0.5667220199974423,0.39708331761498555,0.7281442846243663,-0.2743507545355658,1.221308984416719,0.722451547966042,-0.1492626002736735
-0.01392305940039708,0.014689007130681367,0.16446457457190966,0.0029032992742545304,-0.00985121825321426,0.0025332041045458484,-0.0233240118248598,-0.020433889282641268,0.00394643649630423,-0.0035029381758796647,0.1362795725219868,0.007514454972477402,0.026752826587517264,-0.013733980695621716,0.002911496787031764,-0.00013399862565029869,0.008064272890923235,0.024565966478013804,-0.009355063065523576,-0.01441516919809819
0.002995286800069951,0.000590762001974568,-0.0029961248450066638,0.016310949952779298,0.078053029703916,-0.006319723147929106,-0.0020050462533021405,0.02306387168049468,-0.016009355998060016,0.010380833325611292,-0.038339614188941974,-0.00882301663656929,0.003294272148978052,-0.030218391090496,-0.011831913664324525,-0.0066365817504249166,-0.0032104314592864194,-0.023426154471599323,-0.005856577334922283,-0.025701528525612003
-0.003003662768977242,0.022750437148994638,0.005115392421972642,-0.0067904938198107626,-0.012504488481655179,0.013837027338732917,0.0024893915579126684,0.00993829800551493,-0.009769155298483986,-0.0031805538293684958,0.013654343456785737,0.01813268791732322,0.007316004270803489,0.009146083238294092,0.8845942121090512,-0.003632233951737179,0.009814321879706758,-0.02211119562491652,-0.01892440075004351,0.011424098591305987
0.004811550987100617,-0.008313926052513326,0.041549708445021635,0.12372466212197059,0.05590665047710682,0.0013270042537009872,0.03802840860341821,-0.026333582676892058,0.008530827599219987,0.004032288238406067,0.008177589415756475,-0.008086148798388402,0.016582646563537057,-0.014391324496730765,-0.11460969577017727,0.004488599170306314,0.006027650680342561,-0.046175926664949796,0.021381891905808692,0.6882793885260867
-0.21549139944776396,0.11848004886873065,-0.025441664406392353,0.08465451543097245,0.17716619435222153,0.11474242453421,0.008047364596350994,0.01090630801536899,-0.010890808023712523,0.021118892995311524,0.41521877979740135,0.009091472767209932,0.23946237571066473,0.032022185199912095,-0.13557937743923115,0.018750441653303328,0.19469355427980434,-0.09974870939333552,0.1783199364863576,0.07863041640747864
-0.39911687953912767,0.2794647355031846,0.5579023491911674,0.15209590341078333,-0.19833423954001272,0.9724919990477982,-1.1101754274920739,0.16026508585531782,-0.009053466384147096,0.4971214571356255,0.5467095818122176,0.0064568741928412825,-0.02288070178159547,-0.013315772788728718,0.41677176238691865,-0.029539385161180744,0.33345348866066277,0.7212451522348466,-0.004520869693591374,0.21553136291880529
-0.0178438026149068,-0.024407331405960065,0.010041175505324944,-0.00385171021448377,0.004855693797323327,0.008976493394943642,-0.010159681462792534,0.5963391838112023,-0.005725727274680702,-0.015732456966649978,-0.005633015665231877,-0.006876354018162462,0.001534878316306284,-0.04084037620610413,0.03929983784828021,0.02812294426118666,0.014813075835522197,-0.007905511580044957,0.004416217172021492,-0.014208230990135743
-0.06451277294547457,-0.034654122677738416,-0.27180753877668845,-0.029788020691415416,0.5984231589974188,0.19352398051551248,-0.051169250703364845,0.38609317378765556,-0.18247677548623936,0.0948130366681582,0.2296190142372146,0.7591459255572731,0.019867272036699583,0.18286111186426823,0.0026123245558381286,-0.05789697556731658,0.05719811267659904,-0.19094679658371233,0.002522373615550976,-0.21551139300915761
4.936868396684512e-05,0.0165456695638108,-0.013209010996992485,0.015494925117686385,0.8529343230497645,-0.024235098786244157,0.22467609662986157,0.9041550379393427,0.014813178158765004,-0.022256909651005064,-0.49757492296728123,-0.006045735813490343,0.0008617383825411168,0.009438884606757576,-0.24032239670246508,0.01190716075820564,-0.01718622569818185,-0.41376424441014614,0.01831766499250188,-0.12261156741139916
-0.6190375387751424,0.35571782082013464,0.14361792060779954,0.23169367414627115,0.7516668658994857,0.21104110223370942,0.18245664415380344,0.5707348856610429,-0.008856493504906594,0.32996079728466376,-0.4439648638400471,-0.008754118600935333,0.3792095896396818,-0.24038779053959985,-0.4841082969258599,-0.30927067546764275,0.49599697176644614,-0.7360327418142283,-0.07644060435840883,0.39930219361218955
-0.2159945101689838,0.16281302280009946,0.45523804973169746,0.11077854379273736,0.07444644311770754,0.7759317040272391,-0.8677218446804377,0.3059163112869065,-0.004187848471287538,0.2500305383493088,0.03349592867979882,0.0037231018588552416,-0.013166156017331912,-0.4551169986083688,0.299956286953921,0.011868596642660365,0.19859114422367,0.5217123102988952,0.04126279941494757,0.1466227181889868
0.11863318531042662,0.6846999113885825,-0.7124466699226758,0.3565428588928941,-0.2315677470070524,-0.002859087909309912,0.04380987451910659,0.352447039232428,0.8905055698738249,-0.12328494161755801,-1.0448861985754403,0.03201070893884593,0.010951477719269631,0.8282122670990929,-1.0530416836144756,0.19020965758170516,0.08842039396942854,0.30907837485547796,0.8918758100174512,0.3102457403179384
0.002716605870891519,0.016949724979395536,0.018438418247918947,-0.001768975585240736,0.007347708830954489,0.01476577348594611,-0.018682852321553017,0.03229711738125133,-0.013702575496912773,0.01228860782593276,0.014225938928788987,-0.003886598070626979,-0.009271366803122355,-0.002391087030622488,0.010847352793842701,-0.0011228343748236787,0.0071267577965208155,-0.021454314890054737,-0.01604554767382871,0.006796422690175595
-0.003728157427392388,0.001812470611629773,-0.009407495794823788,0.013780159841937424,0.01464554352432952,0.013386921634408942,0.019518452450276152,-0.03700642512771657,0.00672190371033001,-0.008253161443183561,-0.016246487453451874,0.012389326612786673,0.007228358721048213,0.007490320704733038,0.9846152489205539,0.020179920441050485,-0.00038907880562928654,0.007374740900760577,0.010408652046498724,0.0029206188872560926
0.003939689097249739,-0.02448231567791368,0.08601843610170362,0.383749512033819,0.12089819082814682,0.0005997847326791053,0.03619067100803619,-0.1142065135925368,0.013333993346827722,-0.018632968116564157,0.034583016067692436,0.008819795491168167,-0.014886046699132011,0.044938571561275675,-0.3259369773818752,0.018113490811290187,-0.011400037039225083,-0.06319865385491306,0.0005770161726160912,0.08268675841004265
0.023330441946042876,0.07981147062951838,0.40263241654459836,0.0017293026796183614,-0.24791969994911495,-0.035325055408458275,0.21260060521736848,-0.0583382103821392,-7.871940923336734e-05,-0.015217380844995326,0.09425290673542086,-0.034150777089538426,-0.02652325031481399,0.13751556858222283,-0.05153525999634816,-0.00030688947339030034,0.08507013591996967,0.10547457114508602,0.6585029846590992,0.7712611066312385
-0.012651998983349809,0.027634738889484558,-0.0010743945812220282,-0.0035635391864713407,-0.03565617090351678,-0.03494597953099932,0.003988029274621047,-0.035831636199289224,0.013440658625326311,0.00415882235645725,-0.02713645283859552,-0.02757042245405538,0.004206210259401809,0.02051814289934451,-0.06957706606985953,0.006216052184594951,0.018274800424774237,-0.030527754757339154,0.0007622678603189056,0.582653945891544
-0.0036778944514333518,0.26519682599523364,-0.023183831411699968,0.12701290684887048,-0.12315015115407067,0.005240948110528011,-0.0780490701209416,0.18588211303868593,0.34339161897964593,-0.019337754550548897,-0.1383579085700641,0.007944943757155135,0.022283712571458555,0.31383766447118827,-0.37570622116508623,0.04818163445444382,0.032092429896311156,0.1116110969666849,0.053669524433036256,0.10517287998453057
-0.031761953383394256,0.021915458553328042,0.011963486733402851,0.02862642655118566,-0.2752416516218905,0.012698341962541512,-0.2272244087146787,-0.171962481494215,0.0053791787333789445,0.008613597833945986,0.3709196199519512,-0.016520008988716396,0.012996666698530272,0.43028885105272574,0.4018849882056911,0.016902639662237852,0.0028343073591280805,0.3850964260784943,-0.02169752359014901,-0.021707274812352902
-0.045032593659914744,0.011883352802111875,0.0477252732421512,0.035735693029220354,0.019331062070531573,0.059516740493345266,-0.05637407916661287,0.21501457121745907,0.01279278552674134,0.01686427890766784,0.014587508078091433,-0.0008630383623946404,0.009659762772090814,-0.03953421173841011,-0.01289037009555679,0.009012017411519668,0.020498795979775462,0.0051141946479374666,0.011793043135614223,0.022024141897644435
0.03842708830122383,-0.05202696615700214,0.9524265082660961,0.002248003554790082,-0.36815991618091515,0.0036927995288917864,-0.11429489139536918,-0.0038984772792777875,0.014499060574274728,-0.013286272749746532,0.9745299830803839,0.04795756365564585,-0.013630642599060118,0.08605932479106025,0.15010107781168688,0.01574512571159755,-0.047151018285413154,0.22735703885953606,0.023932699660824223,0.10955464100631469
0.02424015615846786,-0.02107047142071771,0.018466911654847963,0.0008306933315104389,0.010017210220088823,0.013449231979024149,0.2596381925652015,-0.007028141911363191,0.0010360090791210717,-0.014518644384864266,0.007295218291952486,0.018461374878331053,-0.009145836927893787,-0.03135953318818324,0.021096799869682804,0.030572676778606325,-0.006422106947170729,0.010251892433499835,0.005841879479525427,-0.011215807712284687
-0.02576117213343915,0.03536871690743646,-0.029548219745228234,0.010348551781419748,0.021623820857386525,-0.006127591519418809,0.000859260265677373,0.029845281348352293,-0.009578697030155372,0.022508312203870773,-0.029038158090191522,-0.0117042890209123,-0.008144184668488154,0.021082334174139596,-0.021872886851506745,-0.010485714119355396,0.059077008379539095,-0.03517472840377395,-0.015467471670170437,0.022851762254953736
-0.019694004549227595,-0.062469480436740464,-0.1261969341498746,-0.026927527121887136,-0.07020730596637223,0.08860922425500023,-0.3909153043332059,-0.035778484060459734,-0.10463491352556283,0.03245707405922957,0.9668116753959043,0.4264592868754118,-0.013628196284655884,0.17045939344136518,0.1176385645381071,-0.013655038028732542,-0.014759166617935634,0.6182752256995184,-0.04420201209288437,-0.24541745922085179
-0.01935217171701378,-0.0019366637790551539,0.10874978662555491,0.4628457826681882,0.17984918865623375,-0.019239964685047697,0.07860929812242398,-0.1234347197962001,-0.015668956262058255,0.020905918980260195,0.014282004160217913,0.04467832534187754,0.006531211247669002,0.027215367045861465,-0.42368277608294563,0.0011494175789074183,0.002265302930111063,-0.10069660789295687,-0.029924071934247704,-0.06286423698090718
0.6764608022024976,-0.10241212423757745,0.22112658007354746,-0.2998541512632481,0.034763333042876945,0.46966394044973214,-0.521415815841353,0.7001724003082946,-0.005049117522322096,0.15927619042944577,-0.26317337375226724,-0.00265437108136615,0.02186194411689891,-0.47294130208924484,0.799118821124538,-0.021297513450702153,-0.5278384735153335,0.2907740294531808,0.01020322583794264,-0.503285282085293
0.010207516856181008,0.023408563768756226,0.1210607350895642,0.5302978213497131,-0.43463044156276853,0.024411810974493985,-0.13467981459155864,-0.543526013677984,0.015158002225319106,-0.018902831585341923,0.774209985991203,0.016409610976868102,-0.0028279269931450997,1.0306858028689783,0.4448483744946811,0.006596884219289948,-0.008320019984177866,0.2400836065350626,0.0033030583336124113,-0.11821093817793871
0.020075007519728464,0.12384445265607313,-0.03263102283394431,0.1070253779440434,-0.07375246338753297,-0.034894869782954016,-0.07038187853580478,0.07523584270621644,0.21591629811177512,-0.03857700947905003,-0.08844580839402495,-0.005037104893649932,0.011440180847187344,0.1877530086269936,-0.2232635569778132,0.05759551564878984,0.0004677210249392043,0.08589953186117241,0.02907833607871471,0.0423531938765792
-0.9945795729990762,1.0148671243889977,0.17797980366767305,1.0192414514350547,1.2482978481058669,0.3636161616175145,0.28644232217772336,1.176681452522255,0.5984719883680527,0.48103839677286053,-1.1900476212008242,-0.025304245945313417,0.7387564021168105,0.18134073413033786,-1.7773087200497004,-0.4118711914541567,0.8055419268909636,-1.207259338964375,-0.03839905269487619,0.78463354771379
-0.5467041315988698,0.3719094757444742,-0.068392049805905,0.2344787620182728,0.10477022424998052,-0.0053258404001764355,0.025879652602643567,-0.09784597643661178,-0.010427536724667466,0.6918873329730278,0.05914460980125806,-0.023037970094944803,0.009509013177263102,0.039712093586332514,-0.37888522448167106,0.003821429889864148,0.4031270108476739,-0.2382874278233286,-0.2565299269040455,0.4322024732528816
-0.1181206489443527,0.6846867549180824,-0.0054198953449627885,0.027906245057556026,-0.3019591120028948,0.014340194863577602,-0.07702171533845756,-0.06356760772870115,-0.0012525651826593483,0.16271016925431558,-0.09340559647920188,-0.002776501115406073,0.027860924265628938,0.5261795700993516,-0.7450406660165156,-0.0018489269213126033,0.7460036518175414,0.07609331822943832,-0.052696484897019454,0.243616514520497
-0.2186129558733569,0.1690095256549588,0.5133785187332366,0.06272551174857699,0.07269613833408287,0.9286200088289344,-1.0105979933885527,0.3527013936361766,-0.02319649644365331,0.26085118579860694,0.03328348943223229,0.009053254383793275,0.00560727855899624,-0.5379078644623061,0.4378408058951842,0.008156971973349024,0.17630562765850344,0.6306621658032783,0.089184168425985,0.7516336106673078
0.019370046938434998,0.7987119081574491,-0.003139913549568897,-0.014041505390666353,-0.4251897928581452,0.010309405840955905,-0.11612513171504943,0.1507366722100486,0.014433329628758668,-0.0018243803503047297,-0.13065063884071113,-0.014708808945332667,0.030206902249262008,0.7046163841983684,-0.9133848863697765,0.0005433275637436088,0.8992807270875068,0.23073384428112353,-0.012994300800021282,0.17531349749492686
0.9669971077414418,-0.5257246289768818,-0.10426905761254514,-0.37857981316331607,0.15402512624134324,-0.00035126261636433346,-0.025854743353553186,0.3544880953482827,0.005960080199019561,0.010128440644871482,-0.5678595044441005,-0.02455215515307109,0.006623699654463378,-0.4878128661561798,0.6604728246868428,-0.0011014419672288178,-0.6178559161038653,0.1080974477442613,0.028706109604900748,-0.6810829983794218
-0.9207017045205604,0.5579501565636493,0.1840162764394581,0.36478806833151994,0.6847886026229866,0.32342130419903015,0.09746769398237022,0.6230000921570441,0.006222133058027652,0.4697530420068593,-0.10296477288148921,0.016238851696811937,0.6102365878609953,0.42524327893809727,-0.6509920215638325,-0.48620732511202136,0.7147678771999149,-0.7660208420054466,-0.11763251872623766,0.5645589114107801
0.014926650425009024,0.0036720389091841428,-0.013623161733991833,0.007577694630119751,0.008010715735176643,0.011343723536127222,-0.008691848159900432,-0.00015810767915939473,0.0061636175592361874,0.01799753028848215,0.021554579787598355,0.020562009983110044,0.0023693428956204263,-0.013917132441085715,-0.014124300455917149,-0.003934291822744403,0.0011341169366736624,-0.01772383999015474,-0.013830145631979415,-0.012599901238861953
0.05759868882662728,-0.047147803308179026,0.2477919200338916,-0.03918543761132549,-0.11609258394569438,-0.004539167811670628,-0.021055933254110915,-0.019388305379936376,0.004218559351559333,-0.0439159856229187,0.2572420241640136,0.009236859701205448,-0.006963546563362231,0.0445283997460512,0.05534869351041348,0.04001241845964582,-0.06886629785500292,0.08150434015682373,0.0067431040119227854,-0.08953028547856133
-0.3931454885279983,0.22076251703912164,0.09476166636909139,0.8542468250255892,0.3544707841472575,0.031796382504348505,0.3221226292178429,-0.2754014556892235,-0.055207264367661636,0.4753900548690808,0.0927614771855928,0.07826746498919358,0.012252820343008935,0.06380572249439964,-0.8616449166249674,-0.028249511612808063,0.2750420953646573,-0.3123451289952866,-0.1854242417090049,0.14729283642165247
0.0007954888592016261,0.003804420377054318,0.015000487453933356,0.006126126389126131,0.01120496482583299,-0.01512912506028645,-0.04013217681143227,0.02884365517862561,-0.005583336463562098,0.001784953853437946,0.007817888545701736,-0.007449506204442539,0.0112777978816171,-0.010666264271091495,-6.582569285027394e-05,-0.01041674774321142,0.01078568440945053,0.0644553161794964,-0.0025275326165489463,-0.0046421684517023755
0.6308890996155916,-0.30882576861521377,-0.44699772579721797,-0.2600864069781244,-1.1887294084903863,0.0013130753661294977,-0.22688200194625027,-1.307460582969665,-0.003594653399767142,-0.7789112740486029,0.17270053443590733,0.015831563277822678,0.010877915541139893,0.7416109504490106,0.5665698664025994,0.9271557774692493,-0.35559000711988226,2.567165664945111,0.9134865725534459,-0.17181483268087072
0.5396044700050195,-0.274253693276743,-0.349243112342026,-0.21630443008357017,-1.0130231452410197,0.024175366466865952,-0.8810298191201308,-1.1243226611493875,-0.002289656413044226,-0.6785147638239006,0.17611099964378563,-0.011346644376632388,-0.013913300930732208,0.6046263738468677,0.4561902623827333,0.7816303204856972,-0.310441387717793,2.2132258297682808,0.7746856328383531,0.3929468844808553
0.012039812293118233,0.2359848082231908,-0.49400724347042746,-0.029823996627060423,0.9811601026799877,-0.0009517638832447111,0.48199088902482223,0.6630110767567519,-0.009224799587749128,0.006806441437959318,-1.253409541705599,0.006217585702005925,0.003213977041424407,0.14381434843853735,-0.39457761236816774,-0.007581282706634789,0.11209132259176696,-0.5138558643235394,0.5710380343505208,0.053170602916590454
-0.04094809059153261,0.010470790212023403,0.21805647317699003,0.9617143504719756,0.399043150208941,0.01015995800512939,0.11513130668670199,-0.23456463439355643,-0.005582798510815027,0.010602844904777815,-0.04491044619826895,-0.010510179131882439,0.007098576248671947,-0.001337593566095418,-0.8859625220588261,-0.0005346384051005994,0.009791376914084179,-0.19646245835651166,-0.027678186633172872,-0.0768082925829226
-0.13630173332190237,0.1420565879218662,-1.0048349173227895,0.015804625577017277,0.2996407092676144,0.18914916502372744,0.4220611497624269,0.04095137315931804,-0.14492669448993936,0.13859912282276368,-0.737212629416954,0.6917826302690002,0.02588111158416689,0.1432082358882209,-0.1978071105341,-0.0777916132586641,0.2688545210992057,-0.11482494830210804,0.876566614661446,0.24769729204184285
-0.11403320581814816,0.10454467138110363,0.3372191109014817,0.056501864124996574,0.07503242820950883,0.5645080377716565,-0.6278057730504272,0.25226313425921476,-0.00659750811744793,0.18226241432255275,0.01555678680864744,-0.013022056354936286,0.005523545057796654,-0.3334371972203291,0.26873705240972817,-0.007714974769347514,0.1236998717672984,0.3540716400092638,0.0359649724756592,0.07860197845108115
-0.06644351882152946,0.006013808389136805,0.0609634269711237,0.02327401672817982,0.010756066904542018,0.018786282265592195,-0.009840122907069704,0.018738720603288794,0.016070132995522398,0.03665263588545057,0.2720798646510542,-0.03176080687071067,0.02444458260814806,-0.02833076701369196,0.04554859626112627,-0.013648775045644126,0.015481263727849966,-0.020924680268879246,-0.0405512578732921,-0.05124683586046766
-0.06175493562912466,-0.04630893121528099,-0.16848418614681807,-0.004488799218115838,-0.007763177079987115,0.1200198093866542,-0.10458955099770487,-0.03646768450307643,-0.09139275578252021,0.06127167449587363,0.4040026049884442,0.4629018903309817,-0.002461487185956998,0.08621127014123897,0.09248259411590157,-0.009300601764814832,0.02972812500890374,0.055805332420823694,0.0036872563119205145,-0.08413225829674548
0.009958340704330111,0.011658464851778051,0.003147232467921383,-0.028168420094982712,0.02135229832701172,0.008902020004082394,0.00984528107416708,0.05136677246802917,0.02289996273878836,-0.019238890975688663,-0.038267575403108864,-0.0037976977545466587,0.027946179873122756,0.03165357271803334,-0.022419683516551363,0.0007944485276773165,0.018913616287561212,0.012072839625402742,0.02191916518864207,-0.0009237119062407255
0.014469969722892634,-0.02758771919558831,-0.0046202361320142465,-0.027274736403124496,-0.017630024735091728,0.003227001665639292,-0.03664847031005257,-0.020868739118505692,0.025429199734944632,-0.03855980804508366,0.003563137225634729,0.0032247259204952277,-0.03468675171437349,-0.0023968593352865796,0.07720689981063703,0.019921716881384676,-0.03078678010928592,0.07672291307205117,0.008424211811349863,-0.025238531024625265
0.7001555949531919,-0.5061850567701831,-0.059866561103672764,-0.278695250232982,0.18491431076440074,0.008736979600970012,0.14412712654643348,0.24459488151415318,-0.019927582735339146,0.0036828790892669307,-0.3717077299194575,-0.0011477613464939925,0.029844364408358685,-0.46811660952837336,0.6363602439941505,-0.005193634131738394,-0.5586784201269751,0.11246596304356768,-0.007489677031004401,-0.5017255596178855
0.001155972718618812,0.009628378394785475,0.004509565355980965,0.014640008642689283,0.012680100370987513,0.004034139906907786,-0.0033655509356350253,-0.0035688368729922962,0.021358521831540855,0.006982753222610178,-0.009172351866512456,0.013875547514722994,0.007267489136767099,0.02394734555864138,0.010439665766002759,-0.003258446015694072,-6.925635036003218e-05,0.026892533645073102,0.019778428948357282,-0.006129315729055055
-0.009925371097399258,0.1210420430284844,-0.3316428673100049,0.9296945679040829,0.5211916909648378,0.023425959844851966,0.3594524775147665,-0.2557217461271854,-0.0002710998944943036,-0.018139990471614315,-0.9325160954198836,-0.01565392691433728,0.012237641021890264,0.05351676509058796,-1.032276972652431,-0.019872019210024378,0.13369005026231645,-0.26050588349085496,0.6624287664881701,0.12468867129951948
0.0024640843513923415,-0.011530507783661466,0.017810785353021753,0.01743165663219307,0.0003811398468164563,0.002278211459240759,0.0075657486514301795,-0.002252344628871521,-0.018506214532705595,0.009603430573888178,0.090112258323297,0.005374033825005922,0.0027257774710925543,-0.0038721206671330334,0.009658816575781735,-0.019182013184556864,-0.005136969845118741,0.012928804925111573,-0.03144992312654536,-0.03389675343021565
-0.02961945876832003,0.014985343490227156,-0.02174050007750078,-0.01519705849774545,0.03437422529922515,-0.016096254856436842,0.007799705416668963,-0.005925246437762563,0.001635243860637738,0.02000088569998966,-0.020918896823052514,0.012253282801801067,0.01899545129452827,0.005944670700857602,-0.0445366372331507,0.010868179619862141,0.04269811394841432,-0.005540072472143781,0.011364705628623458,0.012220791199102058
-1.344315143842186,0.8185011049751634,0.312270915197675,1.2662441674275093,1.714805532779208,0.38336726371159147,0.12388718132150459,0.7630977315142665,-0.01572136620259466,0.9428784120288106,-0.8590474104119433,0.024352933295744533,0.7379122260168968,-0.2962903423402303,-1.733564669101258,-0.5170296530314855,1.065480051082827,-1.0552515867230803,-0.2538358870808688,0.8456832065139502
0.4657255202758869,-0.3819103939027732,-0.11391554520679474,-0.20874373256688955,0.2977891474363408,0.015978811730893657,0.07966290442218024,0.2631920980661601,-0.03838009041544792,0.6029700955336577,-0.09893400485213233,0.011727163737979655,0.010004221960346345,-0.6025504132384456,0.6046401932664864,-0.007203197953228227,-0.41547412353032637,-0.32565599387636274,-0.22802760389574628,-0.4881999136624139
-0.41203878536709165,0.8717802369106029,0.3867400291053109,0.18974476315960906,-0.21846338066366544,0.7009038471321337,-0.8808903797385457,0.5276331597569196,0.01731437157300983,0.4978192391727106,0.7730238427325301,0.0037078715851312366,0.006751796171300647,0.11940154447087357,-0.08073640606700887,0.005898529714311244,0.30523540809786287,0.5486240945347839,-0.010094445731166295,0.13973811892518306
-0.012358796637466314,-0.00755469073098185,-0.0007799316415793428,-0.03825749566995192,0.050342341808364936,-0.0010597037084588083,0.03482293015373775,0.617755177770424,-0.011106013591416681,0.02730459661293846,-0.027882849764842232,0.0028258707309795107,0.04863757532580717,-0.015396914437712576,-0.003751732064709839,-0.003006762582291888,0.015567225274823928,-0.04042126123113529,-0.005136287070909915,0.008448112613654508
-0.0027924974721249534,0.05137468681939612,-0.11035492956475546,-0.008032274783358257,0.002325926805716732,-0.01852657182759286,0.061106325461964164,0.03014362350844762,0.01588696169951238,-0.0037992332345968714,-0.16816253195270073,-0.006175400065050655,-0.017797579940577027,-0.0033503016540223345,-0.024937625665647223,-0.0026495148898234384,0.01334685073940165,-0.012050937207831265,0.1255743294137356,0.04967562126433964
0.006453166474563313,0.0025342282434316077,-0.02393890974762195,0.009228243888174082,-0.04797377732888997,-0.003559897277535226,-0.029492639000825105,-0.024656684399051252,0.025296218479585325,-0.0022926494541359883,0.0035105058279841193,0.014947801749802783,-0.003990748244138199,0.03249600863020399,-0.04604196564967735,0.005711897990990826,0.04335434100810058,0.04402878086036602,-0.02195855819441648,0.020410726345739004
0.3804550879132687,0.231830109771812,-0.045549188950892994,-0.17458427421005804,-0.21099472686957454,-0.009290577293823106,-0.07057910612967162,0.10019516513168614,0.014651566647417461,-0.013132980993792212,-0.2520967831535069,0.008627139205736344,0.002083600156451997,0.20615041810532275,-0.22004512109356533,0.0068807030083465805,0.2507816699248925,0.13042111761741457,0.021573230221738494,-0.15284692194677887
-1.1340483557455878,0.7041858751173636,-0.05543322363288889,0.4339765267459484,0.5819451548921807,0.09841648083287494,0.1697662880963859,0.17129009120891378,0.023839849350474934,1.1585034916575605,-0.2051332228612718,-0.020451961878594778,0.22591851396113619,-0.04996526614645734,-0.8179555977076699,-0.17325062145428588,0.8424214593163433,-0.8136985289696539,-0.4022393821420302,0.8588648582901235
0.036105274311453515,0.23769475937924067,-0.0225823999013175,0.13714650186587457,-0.15591930356256023,-0.0021023871104664292,-0.08944195100174011,0.1033511861836361,0.2991932740546694,-0.049778427424047755,-0.08920229043271735,0.003620259483337062,0.008112471350651015,0.2973001387042274,-0.28114468613468546,0.061484352733198765,-0.03482525911512152,0.15299157345991873,0.04772252863444598,0.07805613717701589
0.2875689501704838,-0.19866251684111016,-0.01469005513913271,-0.11103598978189469,0.9266469957568179,-0.009579540053376719,0.7211560792596597,0.5927791060059405,0.013918911206192756,-0.030584041265109753,-0.6442024788224994,-0.006681220852895566,-0.015574827335994666,-0.13594401904446338,0.045609977503777675,0.04220113952973039,-0.22100912619444166,-0.39013709642471833,0.022272197363755877,0.028453025772688646
-0.024839836290607632,0.3672785402378188,0.0066254335459672315,-0.012839544666478436,-0.1633157594735626,-0.005779099327801385,-0.05884392833545733,0.014578974844573244,-0.0008636216290888576,0.041485409550411065,-0.038477331113018765,0.0056532264947998425,-0.006584632043097111,0.28258294555092817,-0.4218203841306612,-0.005820829956106946,0.45626565412087006,0.06287284531649696,-0.020866073017234706,0.11930421878905949
-0.04049129642931659,0.015771776931878843,0.00011639103108284244,-0.008904586710063155,0.012789957957722165,0.023406586385662675,-0.000911212495328822,0.024119152084002678,0.009278859576459506,0.008598550887783026,0.9235955068529607,-0.04701289045182946,-0.0011633982604327651,-0.01911384472917471,-0.00509805879699512,-0.016733961007220702,0.03369638492478268,-0.0006435580965804795,0.031273346771016945,-0.2756409874485896
-0.02079359949727036,0.021264659977175526,0.07995861391209425,0.00999195138346665,-0.22583006418804616,0.03383739190060844,-0.09832879670420704,-0.10427524241017465,-0.022966744591807173,0.037424837136128486,0.28670504245480616,-0.017458164411064857,0.005988619491593501,0.27468184580896243,0.04707695639366922,0.008808927371733628,0.008032257069218958,0.12980326708844908,-0.026549434462915456,-0.005767690861462562
-0.0027646820534388316,0.049777175553151295,-0.009379333072596245,0.006749755260815114,0.0034909650345750845,0.01788770305399539,-0.008146018872056203,-0.007095190775163782,0.005588856836656323,0.013232575229649702,0.0010419750324614143,-0.008151549189549924,0.010421676579311345,-0.002363900554253208,0.01963153427411787,-0.008135572563096247,0.006591277597413786,-0.0008204836136311005,0.0038772565560792624,0.027026617786451004
0.5726396266917009,0.35343926177333085,0.31308792304171895,-0.23011690592342685,-1.6824529200722047,0.016005560001727013,-0.6252554736839225,-0.2745780071797602,0.004899165319661146,-0.6892876661291805,0.7689971803946251,0.007874623924628465,0.013339466584192956,1.3060008232154878,-0.19171907770812502,0.8370965601534367,0.40913819449619343,1.7307902898840206,0.8189536287112943,-0.1249764325177373
0.045237528355773646,-0.01069801735636602,0.651071235049121,-0.00302388324277536,0.20262260414015607,0.00029247225467570744,0.05323831732178606,1.1839871138936031,0.009030813358439329,-0.015138530539803382,0.6619646164504388,-0.002409321556542772,-0.004256647545116187,0.7034200274435282,-0.024105684431741943,0.021644549799190848,-0.03216299724910076,-0.06228527741549797,0.04121331918460807,-0.3022323234267145
-0.8727577317525049,0.6371283052607803,-0.5662779385927317,0.32472123373185047,1.3633694204548026,0.3320726822119004,0.655824308976312,0.8741400102916626,-0.007913218494938666,0.46983381391827345,-1.945185156853738,-0.01867328099716053,0.6001165214677416,-0.2835059442379725,-0.9161587157649923,-0.4576188510573332,0.8606368695364914,-1.2774699262572042,0.800996421671114,0.896060508518934
0.007948253024530285,-0.00559391717783449,-0.00023424543974190273,0.007852746724552011,0.014787919844313529,0.000929253838736406,0.011790324771475263,0.010780728345818705,-0.014781249325063932,0.011829777726371792,-0.014045975518490057,-0.008265529345032864,0.011243599672715678,-0.005299596257781506,-0.03010996321553843,0.0004500166861488588,-0.004650090970371159,0.0030301132368269045,0.014279047261815316,-0.017035640176846535
-0.010081022887446,0.17466723825058725,-0.5968241374494508,0.0377770627147622,0.15488351198068087,0.007013075597374773,0.3637835629411059,-0.02882966643823981,0.006822058976742932,0.018869054184998024,-1.0452277261766136,-0.014560215810254577,0.013234659052909915,0.07625634660133343,-0.2641789201842849,0.01690385223295575,0.16401694050974286,-0.08520620138353646,0.9041405172091024,0.3089121100551507
-1.099688965963935,0.6544129395749715,0.23192094263122923,0.4283478664519592,1.4127549810107913,0.38675264012745375,0.35791071555180876,1.07804332644507,-0.0009433919311764086,0.5607526283614724,-0.88176282544282,-0.004722755195082386,0.7520624988599783,-0.34822974165626114,-0.9405761804388404,-0.5606075546151738,0.8620523301550554,-1.4313930891188096,-0.11981821331608648,0.7535666643010234
0.025123257372328043,0.8566691425374088,-0.051363148440585205,0.0023386190962446547,-0.5163159251687458,0.039572828048947635,-0.15792129864279764,0.40721731997724653,-0.040188240761108836,0.005678143385691501,0.39687933512325124,0.1576218792757477,-0.006026587057651777,0.8354944255413371,-0.28880681084251014,0.0007311069023283948,0.00019075962549963774,0.28299330236887865,0.011561626520814465,0.01276816198831918
-0.18944363094284147,0.10746504196912827,-0.016745760393964103,0.04460073232274418,0.0038676927144864898,0.0075974762014642105,0.03335651360306381,0.25376941489668864,0.0025875572202802965,0.22033355907525987,0.035194952989218126,-0.0144113657907724,-0.003094841694035799,0.0005043622646172636,-0.07937705469584079,0.0020148472509409687,0.10712141752176085,-0.09867791543728202,-0.10413225524422554,0.12849409235464895
0.0045512385487939885,0.23119648568272055,0.08353586749258499,0.3638057242205864,0.014413521946846062,0.01577227561258659,-0.02837386842971129,0.0032009372487997144,0.0015223790107873217,0.0006835811500930222,0.013379742358710613,-0.018805359289425057,0.02263886648982724,0.18710723465608423,-0.40673777432139513,0.01654664149606598,0.011480287628557096,-0.003060478862412206,0.02352311879805316,-0.023400244161072635
-0.06891241773122761,0.7115056803108827,0.165599805884611,0.017807607840120577,-0.3798737621091878,0.32643989586685546,-0.45867020565586947,0.398323572257161,-0.007205886652614469,0.07290480272923741,0.2537014579510267,0.02462095700950334,0.004227034253282649,0.4353559209761065,-0.07584079517985554,0.01531168801695744,0.05291095187543235,0.4190818739701489,0.024625208997994617,0.08637869943332512
-0.672800871983303,0.5446595211194079,-0.7701381785835204,0.26705404455717435,0.5850169299465353,0.05840702277043102,0.48090632095237945,0.13586849532280526,0.031943668709419004,0.7014874723556012,-1.3660967150200294,-0.012280681273455565,0.14391776507249215,0.0005004150641640462,-0.7016397058181402,-0.11393820995677227,0.67991689814302,-0.6204859628690986,0.6896371338539735,0.8104914688006509
-0.039372272567535296,-0.09024143375270413,-0.29996853229285436,-0.061534603731233935,-0.10478479145101664,0.16316516910239268,-0.22151064876667384,0.14162478912573057,-0.1670577906969651,0.05628945959247293,1.4410151708397543,0.7792244047159707,0.003074544122276278,0.21444293123794864,0.17024230638747004,-0.007763068460231259,0.01882358600680284,0.16983042704536838,0.0020800929589851825,-0.40080470710961885
0.016254476161801684,-0.0039161114401943834,0.0022964323047852393,-0.00722930657947919,-0.024522910268608547,-0.003548365245788641,-0.04905749381392159,-0.003977055496793112,0.004458904015315752,0.00914387203694527,0.5097838434701809,-0.020032690622917498,-0.01638434021440845,-0.0005869762242417197,0.014604852182328364,0.010861026413629316,-0.020761495732535936,0.014043741574865416,0.0017296953955018655,-0.18611011692954957
0.04111574753086298,-0.007941882329576551,0.0019381628090635213,-0.024249414898064245,-0.09245636127558887,-0.03616447235336186,-0.026599920362517356,-0.037604970590963675,0.02109143604826555,-0.04102421078223782,0.015035513087045954,-0.0036308207633060315,-0.023594447816171694,0.031750614972549634,-0.00973825747835464,0.017222243507372476,-0.05296530355924653,0.06818255897278422,0.02704674454838346,-0.03749102967080511
-0.010268894670906754,-0.024727757240424295,0.014913122053290147,-0.017181808206977477,0.03356494266118782,0.019709952794178857,-0.036428643109734815,0.01829227266507863,0.0001874213113298071,0.035141720123180266,0.7964071967151101,0.03099269219739289,0.009472267992428068,-0.047576490395445134,0.03738116281156879,-0.005472727191242383,-0.008606966487898894,-0.013578499930523572,-0.03492143118881151,-0.23478159917109048
0.025509986691114706,0.0015390030210595878,0.005544034436085054,-0.008110605528741321,-0.07190075834107963,-0.013975372233059592,-0.058466293293466,-0.034316636605491,0.0006977262531712262,-0.0409429572425099,0.4422830443115676,0.0010234037581808128,-0.016679338141829363,0.04964090502732057,0.0024503982329300393,0.04367778904071645,-0.0191162650391522,0.1106149086125142,0.02596809315745031,-0.02029487811475816
-0.018426557121197593,0.0902490469108786,0.010414329395756308,-0.0035614267497439695,-0.03597730991970603,0.009376200867530974,-0.036045659756458195,0.05791920684998427,-0.0018758392869901988,0.03137012187909283,0.05195339300871253,0.01764373203553302,0.009450500395131284,0.047045585024486525,-0.011572886777646558,0.008179869307839564,0.0002795738042871074,0.03354333408423322,-0.026274715409705378,0.6231582586893547
0.02659314796994905,0.04165292339395784,-0.42576683693972495,-0.021391007693291407,0.11294591672509942,0.0051645520454094715,0.18519905993528382,0.013711197991631357,-0.0182664262202828,-0.021282327657655153,-0.6503767628237578,0.014825958237677022,-0.019942819526629206,-0.02240516946603875,-0.08867153764002644,-0.0162523148952402,0.05211120337769729,-0.0370645945282821,0.4813349548554353,0.13778667712017445
-0.19554898192048648,0.13130569978228335,0.4518417609898328,0.070174692853368,0.1005519755097709,0.8062676258986885,-0.8750230405894899,1.0186368289154075,-0.007277557961663466,0.24446392305588885,0.008831267318054371,0.02780274219931279,-0.003125931508987069,-0.48213413729140236,0.3805800054921316,0.014440340343065341,0.14407707230495254,0.5086820523412986,0.059203922859779226,0.7367789774949584
-0.02309246729385834,0.6562156830998144,-0.022053015096844764,0.007021175019038476,-0.3540206780309407,0.017508253786596185,-0.16433146452843955,0.2593716422210916,-0.01943867530047333,-0.0019863021231440927,0.21588353276164957,0.013086857915283804,-0.006443899899566048,0.5651598889422077,-0.24130224943343923,-0.0037082759787458734,0.0118170574646075,0.2985007767068102,0.015186585990376861,0.06920084723429519
-0.2622092640392635,0.23065373664516892,0.1029325611598899,0.029535480707607337,-0.07387796689508555,0.890421234668056,-0.22078954480385166,0.26482657865986664,-0.14412577947990787,0.3077363767129278,0.6366483370567506,0.7646250953930067,-0.008561878738569331,-0.07519642394653728,0.2555713279541429,-0.026476131998884062,0.42547161557017116,0.6089611339891072,0.0401563454999521,0.021232876938676884
-0.0220501134355386,0.011999222971252279,-0.0032803568654530173,0.013587601300224773,0.007994969270559085,-0.0181912265822,0.5415665184085382,0.01554690568350514,0.023782071518853285,0.017788619500114275,-0.04409859466113402,-0.0029719442736740676,-0.007979770838241373,-0.03444873728303768,-0.005013561619132979,0.004379426644111445,0.02874342761347077,-0.03183392455801153,-0.008353850585599875,0.38307824452367367
-1.4405483323424046,1.0847820212970893,0.28792894354357446,0.5946205334531912,1.686718399174616,0.5103229596722304,0.4284615189763997,1.341096783657509,0.03301621582428953,0.7641042059427767,-1.1620661624018298,0.009701238160533653,0.9724595943865841,-0.21385279766862955,-1.5195369496876203,-0.72113280325499,1.4179959220485303,-1.7614883399210082,-0.17511518150101046,1.0024544691957824
-0.04274012856251914,0.008476120325480029,0.00747265529705719,-0.004470599128937661,-0.11085575924302146,0.00047800484995700297,-0.018870444044578733,-0.10111514372220108,-0.02424241483587629,0.043244563686391964,0.17611282090389985,-0.017164704561486218,0.012471474196319684,0.21804219516203646,0.03259102161230197,-0.009151828367913572,0.03540113014549469,0.04318803088918928,-0.025356156616899668,0.02245453549204486
-0.00431348141816386,0.006247468787232021,-0.0037382489384940394,-0.03504773113038591,-0.02937857729536914,-0.005228147375910168,0.009794380179466485,-0.03680121898562816,-0.005620791065976164,-0.0218392889535969,-0.00541553452276762,-0.01915823695256352,0.030336424161025912,0.04688124655307499,0.03469619182626152,-0.0049909800736320925,0.025604447690055356,0.02333272680750903,0.031873777047171,0.006485123902679916
0.009612338661039402,-0.007138058557525022,0.00586829860512085,0.00577432594377076,-0.48880854820601005,-0.005823824466713605,-0.13764507097165962,-0.3212548859235513,0.013498153276117064,-0.0016762088262713831,0.6089682894761825,-0.011501284892725939,0.0017193958178250883,0.7533058904597902,0.1117207060827316,0.020023734512384993,0.012009023899650462,0.2351806046107234,0.029646256501422497,0.6887861991662675
0.03206153214279102,-0.026820299466076267,-0.02505465407049778,-0.002226562475465525,-0.06463975497879283,-0.017690649750672662,-0.03842936768796426,-0.06707614790839538,0.005937924467838172,-0.03215970540216644,0.34687450415851867,-0.011553581176329833,-0.007258319501580195,0.032913228137142946,0.9129073306685721,0.02805968076626758,-0.025758737475570486,0.06346986450703275,0.02901456226285608,-0.07460538842764158
-0.07636956656712172,-0.03559793066722185,-0.15863861904663099,-0.014275454765101954,-0.003094250985918894,0.14920607340210573,-0.5608895003088473,-0.011484564119063229,-0.13237913135473708,0.05792460804763429,0.844630892885548,0.5723629409632432,-0.0021761367478835038,0.10316305473477655,0.09314579690536241,-0.03658912814400643,0.06413638172087277,0.8546653028797796,-0.027585385472411128,-0.23084085337966043
0.009953300488009166,0.10146959655252556,-0.5632967438769203,-0.006721561010717475,0.14080813763781916,0.014914707159089477,0.2750883510796361,-0.005977443849293322,-0.005127174524972117,0.005039585228027207,-0.9145581338345322,0.008074993416734613,0.011426775974838668,0.028528022958707544,-0.164171924506805,0.004534198354380578,0.1352989265601224,-0.07257303720545615,0.7134438473013245,0.23211849895532857
-0.01583369703812034,-0.006601034901345539,0.008949137625069964,0.0014170804836238808,-0.010599867099503356,0.013783120994984861,-0.019431748393410088,-0.009842120223480636,-0.014411080400423796,0.01342829300234068,-0.012518386687127531,-0.013126158850938086,0.01258030697741109,-0.01419028677504211,-0.009262236185948769,-0.005270277213577334,-0.00017027812856606345,-0.005013268395712047,-0.015864310665942804,0.028102045512995767
0.006216587981711458,1.2456463706469965,0.08733731757533492,0.50063665417812,-0.4624538251434933,-0.03272342954641392,-0.08226796834777167,0.08699480535472567,-0.002568362621162684,-0.011861032982944664,0.060356680517698706,0.01937349625622348,-0.0013864723744185445,1.128003548825852,-1.4010125651905225,0.022930692274304852,0.7092984474372381,0.21349775167261995,0.022442794559409184,0.5614558129686325
-0.07378936826150709,0.011983560585968722,0.012567407224622611,0.02543493612635015,0.050989474737006144,0.02438632971926362,0.5278854621592548,0.019846182794693714,0.004702776359243738,0.06299520193632116,-0.03215811748785382,-0.006856857819929274,0.030475916867533683,-0.01955278952335907,-0.04326795983630541,-0.020725190767650822,0.07190004448425208,0.7029337729881233,-0.04653250503849088,0.04392625491053203
0.007136692092307439,-0.004570111241455025,-0.0032218130717604,-0.003862334498202567,-0.0485802834032511,-0.0064012951230013795,-0.022734877532240357,-0.020277062296678812,0.01659278916998886,-0.011098482754596581,0.03143149192615377,-0.030673774640458673,-0.013036065010436892,0.029454377611441842,0.02586850743172072,0.01529960327647162,-0.029445555355909578,0.03509161400694057,0.001593890576440952,0.014821293280295182
-1.3226546110303117,0.7616203537785857,0.44615237487709913,0.5349360434060498,1.6492539510288233,0.4487051371610603,0.8912246848099051,1.286781642280002,0.0005548407985987228,0.706749166315071,-0.9292295728410175,-0.009945829650119645,0.8768713508922252,-0.41014192539061195,-1.1073643310218169,-0.6768940670717374,1.047741498726248,-1.6966153443460465,-0.15302406594630963,0.8479071993870827
-0.04405152189050878,0.045882715509540054,0.022433789084969506,0.0002698508784574208,0.007543055671805724,-0.016200418713168168,0.4805321742574664,0.03849127448049349,-0.005882264516719045,0.01876742583183888,0.008304027573073929,-0.004771015826503689,0.016511314798731934,0.0011279978582865412,-0.023476913594670093,-0.01723288207224296,0.029755780871238743,-0.028861564730433043,-0.009591545302405188,0.03065596995269523
0.027208198315808434,-0.02543756743740962,-0.015895498120567758,-0.014597913641357124,-0.19466998250210915,-0.016783537649989896,-0.040615838016140444,0.039849554910131035,-0.019640485469825233,-0.019333350554940735,0.5257465536383309,0.006546369506740014,0.006538832314597023,0.3132165269815458,0.4694031450025706,0.007411061354615119,-0.010651197137615798,0.09000680455270696,0.01776958570852287,-0.11220899377936076
0.03386533911150444,-0.0068700755796534015,0.010425415378702995,0.10602845338322732,0.0029166166838060018,-0.010574765684312589,0.007219681749429359,-0.034466727263176476,0.0200262682043134,0.0032747008611183903,-0.018739612448639316,-0.012706193533161781,-0.0024210608795424515,0.003276060696304567,-0.0964874746937279,-0.0029647516649359777,-0.002133336208905703,-0.010604424827066729,0.014594443055236345,-0.024819876864282553
0.02461661063410274,-0.02890322476193793,0.008769227574267908,0.002769458029959097,-0.0007533452204889629,0.008144271296023325,-0.02153290874918952,0.014375509704863294,0.011867158672378135,-0.009421717070916834,0.02054891691160176,0.016528467429246782,-0.014685740892552264,-0.009293408440783257,0.030054776746770658,0.0009334206864823865,-0.02528413457834526,-0.012503993250482119,-0.011768038418411233,-0.02408867344132265
0.009087910619285287,-0.015000141167427658,0.010627842287660642,-0.007632921661502163,-0.20184605702168798,0.003912847362798925,-0.08551302163712979,-0.13268800830259941,0.01738695824702284,-9.912012299548691e-06,0.27079580356577754,-0.0014585738055747123,-0.03422934706377469,0.2775419733800132,0.05743695171152549,0.00830024859616256,-0.014587014716918763,0.13140948148153925,-0.015203641680033556,-0.013990582903507277
-0.01219116888750663,-0.0050121974649694635,0.00836844829822911,0.026799983353288474,-0.010401782478922683,0.0009250989938512809,0.021907325328668237,-0.038156744191350574,0.0026202335193804965,0.00025596460730930963,0.07572018262522462,0.02112003502400058,0.0015063199209072228,0.006458032819085436,-0.020598557109746684,-0.002916813240207088,0.010179932871721408,-0.014834014707739922,-0.022248556659111622,0.00045723583825994264
0.005115048601762933,0.02263666005258482,0.0068102027013874755,0.03399129738536484,0.8784164912099021,0.01438707467436624,-0.2701963885595168,0.5994637592068541,0.008428922948783385,0.021546933787528304,-0.5072512772937232,0.013173682878569043,0.021560665475269462,0.005152739177974746,-0.24085737747950856,-0.007010905073747064,0.013137983137520327,0.49058117544272123,-0.01717027346725085,0.7563519518968832
-0.417985184907874,0.25754307371716484,-0.0541762491505525,0.1463282078441322,0.531728309916212,-0.013744047176897036,0.1389678104263688,0.2046562323368096,0.005741461905362099,0.5038743203371543,-0.19960356593140774,-0.015544410921850473,-0.015380983955644634,0.036624534157450234,-0.3437419940039722,0.005973930185784645,0.29584750661415793,-0.3881762443785193,-0.20018092653451722,0.2375216164915374
0.6578850448420905,-0.3610687010552023,-0.6176830527797371,-0.27444093462109176,0.5041657616880033,-0.0062387176317928875,1.0962805174449288,0.3680610670803985,-0.006420027503661611,7.369505463812858e-06,-1.3396206126939385,-0.005065331085173315,-0.010333587062472404,-0.4006367833909925,0.3704970044811519,0.00598994273295975,-0.42636136064608193,-0.27243990574254223,0.6769424189278964,-0.28222944284544116
-0.3756231855856271,0.234459541848689,-0.050320985234329416,0.15018850093303923,0.0879311496374297,-0.00881996960000371,-0.14710394834021379,0.009963486052232483,0.004067474987423903,0.47938239203036415,0.04922544367284651,0.01191319669113851,-0.0018544570493954755,0.02753604453472989,-0.21334637408080884,-0.007485513504300732,0.2603569867099403,0.1614753179598918,-0.1808789290377393,0.2547102969812213
0.08661724977894095,0.522828356585173,-0.6302204468686501,0.2584954397610543,-0.15559858052907505,0.0245620643264442,0.06773150457840275,0.2835862447688595,0.6591911846529044,-0.10450757449846974,-1.043902373267337,0.07590137040117911,0.01575051377101411,0.641340968152397,-0.8133896969961428,0.14662950987668005,0.05382404796655216,0.21073237396996558,0.7061165352778133,0.43209820009252825
-0.006460193510621505,0.030119776291810754,-0.004662973467908618,-0.0021553247970461493,-0.03101698178083913,0.033429854170386374,-0.04116419135184309,-0.010557377401404588,-0.011185432316715089,-0.016754212430730053,0.04883342332112769,0.04805317411608402,-0.006815546368968061,-0.00010444045447175962,0.0010010751609687274,0.027293599917377828,-0.006117695629720334,0.07750827249242218,0.004155378099744979,0.009969877669612125
0.012334193884055586,-0.027260453641015675,-0.02617702486955638,0.013773912058668536,0.07056244038225096,-0.00686137010588355,-0.2769711628285471,0.03834269416940514,-0.013666118960465724,0.018019513166999696,-0.037242733653804205,0.00972410818499481,0.02746700293476724,-0.04652140469709213,-0.01789244914883128,-0.01495089070986593,-0.006096529604664883,0.4811614468910299,0.0042984020562778745,-0.016002862290883452
-0.010866913814409292,0.1306786542564411,0.0040903764251013774,0.006574227594060354,0.18475260187045425,-0.01778569779407827,0.04521522132886596,0.18590427492645956,-0.0045110728464701185,0.021933057219548205,0.14170787750803981,-0.024964938822931826,-0.009986998467653661,0.0662721928236458,-0.12196156368447326,0.01897692567219441,0.025691971068502198,-0.09852402341689244,-0.011848689814344343,-0.08949712298533395
0.6275415078656471,-0.31240350564420705,0.23434943145441633,-0.2582439140322115,-1.3505489795322851,0.00807967077461565,-0.5057027630000346,-1.2436177451387425,0.003312245316597691,-0.7356074381367842,0.8156112501169834,0.006522580702506155,-0.016643916079846284,0.7323280092657872,0.5681315808200122,0.8715613651917891,-0.343618524536848,1.5726071851180816,0.8575819376212969,-0.28587102785750557
0.006808241084309823,0.09804210735595148,-0.6534985074662748,0.0026924116909116066,0.1725478102420645,-0.013480126248763245,0.16341789766782575,-0.02621714536423777,0.005469392572870737,-0.0010369411608834953,-1.053878168319823,-0.023534537249506954,0.012535924937582325,0.036067838812587766,-0.19071203160968309,-0.011232013060794088,0.11974327603728588,0.31710608068315277,0.7972728682182437,0.27046911116465233
0.004296189300490028,-0.029195840050837203,0.03726236590380238,0.02327293969870943,0.008093490900637148,0.006725512381001119,-0.02334416682964032,-0.012452606972174264,-0.017441977020667777,0.012367742571246215,0.23199471231094668,-0.0009150052304874906,0.002715448053845375,-0.03959805639483371,0.028941601087359235,0.001536925506391811,0.017585621514755366,0.02038962022488043,-0.026403521572117,-0.06502950325594196
-0.06991972697285168,-0.027677334966281875,-0.21512380599414954,-0.02970850062892656,-0.04616910890407805,0.15858371764519819,-0.18093781784286922,-0.046672713193333715,-0.1094590546556237,0.10164520109082986,0.5423171682147034,0.6122885172711456,-0.008921671608584673,0.15409597484959747,0.07692266767657985,-0.035870046166617625,0.05301681473346058,0.12461653509777494,-0.049382298496869474,-0.105757763280072
0.030806965606553136,-0.02871898738730584,-0.013846272625988046,-0.02873425825621448,-0.04826721387698973,-0.01671560470906141,0.007338482561972054,0.5875401756657319,0.00865127357215489,-0.03794769535492253,0.016265492519508762,-0.013159429547639177,-0.017857331120830874,0.008504468354419169,0.00608921163392883,0.020373479562049584,-0.03948354745358113,0.005535448038947018,0.018293390726524097,0.9664387874535593
-0.006564448956033682,-0.028440591631920344,-0.002775350283043502,-0.010068576647301423,0.0012101322524896013,-0.003540216437636007,-0.38744798879024833,-0.0010589247137639214,-0.02051482707352651,-0.014944728717100404,0.0395741951357403,0.015402739057639728,0.01379332179469245,0.018666972187269405,-0.004165423868699283,-0.011400656778814751,0.0334681497777574,0.7912680297775346,-0.013186066587588134,-0.019709570420304467
-0.20145222205878682,0.15755100925798793,0.47288096264375185,0.07557460585923928,-0.42870144881783917,0.85492215637079,-1.354710471826921,0.014371228984840846,-0.0004774948219792969,0.24038351762398413,0.7306595824043997,-0.009629310486174908,0.003021081208037032,0.3218910927774442,0.49227889062587005,0.014751445698477642,0.17990433399411435,1.3794463417901075,0.07189898352769382,0.0915173716046546
0.0669128455613428,0.8392453941222177,1.0226533239192814,-0.012934381455246608,-0.8533363704518677,-0.01075182146870661,-0.6802904513987507,0.39121454073574646,-0.01079075748349671,-0.023430724896053624,1.275591739778203,0.008204358732037738,-0.007557837177853001,0.886804777427117,0.5508204320821364,-0.001036811428126266,-0.039927060628199784,1.3621950693737828,0.013008138170221655,-0.17718119336700222
-0.030208538644521315,-0.00816712994011992,0.07051413273272451,0.009310544961006388,0.021709326054757637,0.11577793434480467,-0.13852764856138766,0.022398276737711324,0.0014300776745630886,0.029024955424243916,0.005969689129586592,0.000848207898634734,0.013100174767522784,-0.06776057648974472,0.08302876691239343,-0.013209319374066284,0.01544832412693906,0.08985864571199434,0.022622458696768894,-0.002717015124119376
0.805628682516993,-0.5781768733154834,-0.05725222455021112,-0.31400826963639394,0.2618991344819366,0.006643472783734758,0.7915500244462792,0.393183633791326,0.02249780473348126,-0.021697196550362435,-0.436869956283334,-0.002292539640481559,0.0022203727106845147,-0.5013066794973491,0.7225678387876175,0.0012670378234926117,-0.6650709637182551,-0.10531495922943875,0.03215403573194288,-0.6206455021406955
0.05263598032985307,0.09449666442752411,0.3063534513701612,0.051988452053341364,-0.21384353301448544,-0.008330358820221904,-0.09130625098544906,0.04113333294655267,0.1818541082588606,-0.056124812931862715,0.6102937478962623,0.01487884924472548,-0.015225443629018835,0.20637627868584332,-0.16030602498920932,0.053407382642023445,-0.04224081827933111,0.15172396500259888,0.050471606685082264,-0.17535249741815614
0.12134334976856154,0.522363199772828,-0.20882367299197793,0.31048382814375874,-0.9438794050885412,-0.00881536060746936,-0.3118359002436045,-0.08130356461330951,0.8184527779592048,-0.13092426989245873,0.2816984643226207,-0.003689694746256025,-0.03395168956472197,1.6530232725842506,-0.49119977806377074,0.1816107496770076,-0.06358239688033639,0.6726181839596352,0.28006018264891713,0.09150723931753767
0.01745587243879762,-0.01811764986091831,0.0030166588767869696,-0.013784240770008381,-0.047253349636743124,0.010619976555411467,-0.01106004070009528,-0.017640815262755107,0.030567949232629982,-0.039138951819334494,0.0108277797798833,0.014026199180285182,-0.027062687573413353,0.002373183984735676,0.051973144785187296,0.011914149755895496,-0.009939963958354843,0.05571178558763919,0.015288796204387917,0.006695207403568748
-0.28095673301617735,0.20304491448333073,-0.15110044684343416,0.12251473422753816,-0.278375957914778,-0.012981917255876538,-0.11986296350226257,-0.5040001839902878,-0.009905992731420354,0.38450593563034824,0.15520475687462318,0.00935293330799833,0.00011154505030617202,0.2469337182914867,-0.14807230302071467,0.2725643677136765,0.25160217220643777,0.2446813564583154,0.026163490703042656,0.3030794155830897
-0.006558833289288525,-0.009905120508695481,0.007857969955003284,0.00025004998965237786,0.06949767278493468,0.02151349608812843,0.01377601825803353,0.026017629887893873,-0.010063015098786115,-0.0011914604185665825,-0.0335503289748103,-0.006253688590223549,0.012040531155163313,-0.043730643408135705,0.005338759681145968,-0.0025668142912149607,-0.008582271718733254,-0.0592864831354014,-0.012653745284079403,-0.0155373810814004
0.7175748052086002,-0.5499058567920839,-0.041672806578638595,-0.28212281688101537,0.20528195476082217,0.003557147071949558,0.07481450583694607,0.312778466051856,-0.0013853790948890731,-0.00660816084496026,-0.35022230398033677,0.006051567804106799,0.012211204477055178,-0.4953175339688797,0.6720277272901493,-0.03791921754237165,-0.5826922649250156,-0.14247038960849215,-0.004946908518297283,-0.5457891483652056
-0.02910715359706353,0.51699996333371,-0.00013990047912304168,0.002068339830268058,-0.2813501224979479,0.009827159297727768,0.2046233156521803,1.0716060364814113,-0.008133694580604043,0.019739886836518818,0.1472500751305899,0.012614170047736897,-0.0066204374833949186,0.4472859638164393,-0.1826551532191714,0.001915635066025536,0.027992520359688924,0.16676792211632005,0.01768381665068887,0.06172610132468602
-0.0019386402820749061,0.013325757477047593,0.008887576551854726,-0.020320022278984176,-0.02886821379518917,-0.017921142480487394,0.03567810096937819,-0.04498981370533288,-0.013396855660235001,0.023450744901410397,0.03330547993255441,-0.009298394045323613,0.01792198980778431,0.011183147732073899,0.011021493022143726,0.01625539987297012,0.04591417301964908,0.006483080570624692,0.0023111773591873532,0.5870378411043388
0.3538907780104979,-0.26897648585452233,-0.029490628315868732,-0.14965005430205705,0.0939836461078098,-0.0006748669494618708,0.045336855415985644,0.1467074838944012,-0.004806101781295396,0.023019482729814397,-0.1633197612893468,0.005770095051469229,0.0036946277033520956,-0.22453098359360257,0.34745278822405223,0.006715895183768503,-0.3123835641825054,-0.04786509092000683,-0.016746107510120768,-0.27852111345077823
-0.23446501621899865,0.14493266438565502,-0.04200309222064097,0.07499848439725268,0.06836563450187998,0.035211325559054665,-0.4167508106342353,-0.017920020845285347,0.0057143913477085756,0.2860594147555571,0.02204630365945382,0.004613433255245234,0.025514573671532904,-0.028670298774583165,-0.12829849221641965,-0.018296322137769404,0.2014884861052224,0.6952722640820347,-0.10944263624864309,0.18522727937225206
0.5467401078524117,-0.28340682169414205,-0.34285119426188204,-0.2392629008299054,-1.0121101879696341,0.01271807100545078,-0.7047960418241012,-1.1149442929468594,-0.013743264377824405,-0.6971424084392976,0.13336068248435134,0.0052501047661320365,-0.01682786239404518,0.6013014921524887,0.5049106735943475,0.8062750614056742,-0.3351978521905638,1.936462262594879,0.7863824268408763,-0.16528291741686313
0.030790817250321643,-0.030073057343640124,-0.016574096139759614,-0.026876427247825314,-0.04222068435143869,-0.017188475012975706,-0.4933764406803324,-0.045337452396814346,0.011597365400130021,-0.020518866073599228,0.02364735284782591,0.018596283489536805,-0.016367651223616,0.030229957634594955,0.015495858977022714,0.03285706805361096,-0.02359472892464766,1.0095757919267132,0.025193772248191325,-0.014856368231943487
-0.7108109695334215,0.5700806694832062,0.2008748926197379,0.29051661848738297,0.9757194782255681,0.39915787313537837,0.2772022812289115,1.027449799864522,0.022456720163021696,0.5971920904004556,-0.474465261753991,0.002497569063621234,0.7891676413949029,0.31760016019799436,-0.5225655105615966,-0.5473763395233896,0.6022961210257896,-1.2417371597827307,-0.11337550890816317,0.4493516558085009
0.14744260918284713,-0.057957242135686156,-0.13687418065407328,-0.06105148776626831,-0.31130151454751714,0.005711314753600788,-0.1251162609749134,-0.34568133567354337,0.011283705341064295,-0.1679160524166216,0.05068791797386218,0.006012546221350085,-0.030038726137951752,0.19421767215196195,0.1345243897098913,0.21449156346921244,-0.07876191228038627,0.4142352025772098,0.2098704877489451,-0.018883351788378
0.012207232695917765,0.00603073255336305,0.00962949030283686,0.01627227145325306,0.010193638018812769,-0.0073051002592170585,0.6723983310209265,0.02285571846123638,-0.0010555399976621901,-0.006927518622314264,0.587521372981036,-0.019058137861665853,0.003257860034547348,0.001857414228849984,-0.0064921132435496,-0.008840515778680268,-0.012438744978480265,-0.055859283640471116,-0.004145276497117403,-0.18407392097789868
-0.3579135652560749,0.20239171567014783,0.8497790798711259,0.13873242956843537,0.17013500440844714,0.29303036284716855,-0.18658341211851984,0.35574147945750567,-0.00780121918931991,0.22049280098215396,0.4052676161623255,-0.011000027446448181,0.20220173631129013,-0.1535916722046201,-0.09692506345037866,-0.15402502054686568,0.27424250818485496,-0.1375514138342715,-0.04162078917888945,0.10367393822371629
-0.7815787066445263,0.48886938129091123,-0.08350796343207514,0.3173801188721338,0.1361505075581345,-0.007523500702962268,0.05445403503032721,-0.13549374259585123,-0.004526885013692379,0.9514063697510661,0.7810497499748822,-0.01349169319007473,0.017572275671986423,0.06335596150818257,-0.5034171768488063,-0.018618574881272568,0.5691429792355928,-0.38933512814485366,-0.3804408082715096,0.9407763215326562
-0.2490828653051525,0.18054596241131335,-0.6470673534699184,0.05933639776288593,0.15303907706520395,0.14488126416406166,0.11108757429889464,-0.055979159995856585,-0.1154268476851146,0.2746660038630918,-0.24484056496790757,0.525341499769306,0.031414893884630465,0.16633619469225333,-0.16630021468113707,-0.024710375271356083,0.29747186470510595,-0.10039367913529132,0.4599649577369126,0.24946109096746757
0.017010907472359678,0.21866576956357034,0.10102931138277046,0.3802993868949511,0.023953522618550507,0.02571052020396141,-0.354166103155506,0.32851727169403283,0.026332137032367815,0.014291878469077193,-0.05167502386284097,-0.008507163950200798,-0.015099076756806223,0.18665539497470582,-0.6378164277655674,-0.00393052535019452,0.269154251525154,0.6311806883791306,-0.02493240308306651,0.005476634523209048
-0.0020119515482153617,0.06433790611050326,0.8022756113492471,-0.013777011548881193,-0.10620785859848864,-0.0034304650310564002,-0.025457824614851427,0.15637965996783326,-0.004893836122562923,-0.016250523904735366,0.6802276765228648,0.00491643348117388,0.006361886097018667,0.15810598173914567,-0.06797578096630436,0.012296990077164453,0.05978945720035668,0.06483257195313492,0.00036674869288633,-0.19354296814665517
-0.04359699903148071,0.5623161562425069,0.200959510325697,0.9941149214638592,0.12023751837680642,0.0015244016311253186,0.029269282763014815,0.019963355900855878,-0.03471417858962389,0.020682488285714916,0.07520748248663446,-0.011962851691564318,0.015115898886603932,0.4864239320462818,-1.1462150522080043,-0.0014887948140367424,0.04752680690440436,-0.06439564132086985,0.012687156671595649,-0.004058259646198964
0.2601451524953553,-0.12328548467180504,-0.16003181052297352,-0.12037679616739841,-0.4522351694480598,-0.020689570501418633,-0.14249401339075962,-0.49372915381748705,-0.016218260278110765,-0.2761634921159374,0.10960686975330979,-0.012593112146180242,-0.05464012204512575,0.2646088672389313,1.167012867228709,0.34033509731878986,-0.14548695043311732,0.5642526473248031,0.2960978044862342,-0.12292861261054608
-0.4223591328244522,0.2276078526425177,0.11573317495785648,0.1816948370896154,0.569406134622711,0.13473323669708953,0.4678289985146422,0.42217875541718736,-0.0080451320013742,0.24252500555659376,-0.31591002153979286,-0.007677562541894894,0.30596706271891433,-0.15831954406073717,-0.3626948779635117,-0.23155676091700944,0.3328491154798429,0.4034032600337859,-0.06336522685016935,0.27369430930675614
0.010912288629087082,-0.01001935387204608,-0.007348695870673608,-0.03338488437408493,-0.047045402379315406,-0.010701056791120557,-0.04757982633230714,-0.0041903350131699945,0.004277470572654807,-0.003834339006754322,0.00996607048046858,0.008603339103524033,0.014993036204372054,0.010196337977815034,0.6199187616926993,0.007056739800398841,-0.010515189841982965,0.027422252741127327,0.006549064088286035,0.009582737388060356
0.01681213489670828,0.02104962532953359,0.047765828969024024,0.2640640697302263,0.1604251493724882,0.0016792871288611958,0.040305797639231006,-0.055134329698353746,-0.008191219173456771,0.02361282993499944,-0.017763510765970346,-0.0007323210922161108,0.02247138901043926,-0.020157753615790506,-0.23654013987412179,-0.007000304260975174,0.03357979583904783,-0.11393270933332782,-0.02038389186749929,0.3677816694912387
-0.0011961925997035112,0.6473301221504427,-0.041429078274827606,-0.002173440472416798,-0.38193363340009107,0.024813249184106947,-0.11234288985515634,-0.02776553472141656,-0.02314859323166912,-0.0071111828199361595,0.02872075448272185,0.12643062312075742,-0.015973400021013315,0.6038307954897988,-0.753243469313368,-0.009761707062834895,0.7134857529055629,0.20267197051651148,0.013060753013639556,0.1193646802779315
-1.3579539962890013,1.4207033206728832,0.23362386703830776,0.5385580500466051,1.3952766608933762,0.4647062846728069,0.2508148183103057,1.2575703790618729,-0.0107127825654467,0.7216704397982296,-1.2334350528323006,-0.004394122106028006,0.9457934174323315,0.1285370891695576,-1.8581241226742617,-0.6790223755805862,1.7922624414177089,-1.351850214308925,-0.16592263709822946,1.061173482024767
0.00988140743187359,-0.01681260970140791,-0.10045967828261665,-0.023772155563130358,-0.00610844123147861,0.045953925925077646,-0.09073468425576521,-0.01676899975476185,-0.022394171820408933,-0.012423205625017072,0.40155019364443534,0.18506690531494221,-0.004121697879002709,0.07793750322380626,0.03882449146824571,-0.005502617929147677,0.0052525125322679216,0.15479517637346266,0.0030356780011224346,-0.1337730916072187
-0.46651570612030857,0.29538212122156526,-0.0376111989706074,0.19094773857585193,0.2826476064477994,0.02365482608669714,0.06826835344931065,0.07276128494732612,0.024920849209835214,0.6896336894483974,0.4787042289832501,0.019204872508198044,0.047223185675074004,-0.0435770298207625,-0.31030193707034937,-0.05051051347458241,0.32502461230399976,-0.3706977855972551,-0.255435514140868,0.14818410990437741
0.05523348124320226,0.3387877492048285,-0.08767795682148993,0.262953850766123,-0.2547905237383515,-0.0007998731023215796,-0.1606848776660237,0.18137014289274048,0.5205150982919267,-0.07846892077982996,-0.1956212316096854,0.01369032152120626,0.021761091176410015,0.5069878478064603,-0.5443895543093719,0.1199339936983914,-0.03340203049054343,0.231078939249939,0.0905804702215538,1.0665936965369691
0.4613094188156555,-0.23293998965039356,-0.03054484087181138,-0.18831818785565943,-1.0071423282594152,0.014390748840725647,-0.39149226654099184,-0.9783371465518483,-0.010858868653230078,-0.5901335008332044,0.4447489157798245,-0.005720948841554386,0.0036713928474317557,0.6015671872661436,0.41169738683626617,0.6864777698865904,-0.23897061150956722,1.2712113144050878,0.6615640758545881,-0.20165608520502148
0.0029776590202106983,0.2394616941535159,-0.02776832537853911,-0.005086996890615243,-0.16629239396370524,-0.01186606053974738,0.007072293868400812,-0.05453344513473663,0.014833627477947642,-0.00763095302910077,-0.0943151591327671,-0.0071222057859669065,-0.005490269098914186,0.2532559912080443,-0.30679939169382003,0.022149367823381623,0.2770292008879407,0.10625526321054216,0.029278137329902518,0.08038453562581745
0.11845969030438205,-0.051228390779214185,-0.09188247085045945,-0.052892124468613085,-0.24937503522974933,-0.0010257746083449084,-0.11307531127838812,-0.283962663633956,0.01165074073565061,-0.15394942220320793,0.030025693104600227,-0.008428791158054498,0.013175039088018536,0.17280599344043296,0.09521770286369538,0.1901573237311095,-0.0600024439509098,0.337178490552309,0.18627230622832577,-0.03010526589150302
-0.033291386914590576,0.001698684765624096,0.017772533602788926,0.007783922091643074,0.031127272624043453,-0.00732844827272362,0.00987980991084289,0.18675055929901066,-0.0040332257499770974,0.013808724558558192,-0.016694793951734004,0.008872031156925489,0.010330267352158178,-0.004316975181563626,-0.029916848694352682,-0.01396675418241211,0.0007258775577667805,-0.055477001043035094,-0.025326449606313795,0.009943059706560734
0.043720139158383915,0.14023036279658882,-0.24933304275782958,0.08475686281290233,-0.034931821618037734,-0.033801067864008855,-0.18406716069077222,0.035931961335838355,0.1803714164805441,-0.029002566197958053,-0.42034509311921037,-0.009361623697756477,0.019710353960167452,0.19320450007931061,-0.23607546710772234,0.05056619963225372,0.020968376303113278,0.5598058660907567,0.3062921443914963,0.09854485591717453
0.27353279915265266,0.3028977143137653,-0.2051398043023683,0.24106243766717445,-0.12662082000061262,0.0007124266725314043,-0.14493980245930993,0.4594901600483092,0.7655166831041175,0.5744223389208992,-0.5619991428853474,-0.021659689559726053,-0.0037432900084884424,0.2528197747649203,-0.37369573421964986,0.16210623958418155,-0.24812660934328323,0.013300127219451719,-0.1006430367470017,-0.04579786552053888
-0.05750256063427368,-0.0031896632334461354,-0.07663648148686068,-0.011054693404959615,-0.4991196770493106,0.06910636547949438,-0.19541101521806004,-0.3390382831774569,-0.02160723648233828,0.008444227865164092,0.8236788359738559,0.2058652486183003,0.003408735766945243,0.8792385594031535,0.16165765083401082,-0.0092316564137232,0.018778717029968427,0.26829330234152704,0.010922127424508625,-0.05554034525175839
0.005565176190625623,-0.030380916336081677,0.002899882102017203,-0.020098691115774524,0.827420275497723,0.005411153189384952,0.15005139180711702,0.5252732692786023,-0.02203636105975053,0.028106992872241707,-0.4634800428452018,0.012378376275826768,-0.00681150735161445,-0.04303821669197669,-0.18091489716399936,-0.007031825825580113,-0.011680392175599293,-0.25743199104944803,-0.03424728507681659,-0.11058372917591207
-0.7916348247274535,1.1122287018470238,0.15534195422203528,0.3235384942185617,0.6822094238618819,0.2790159508732681,0.18765545424907207,0.7726800909667446,0.004790585021223314,0.41357778831629144,-0.7403713178826427,0.004950347201322714,0.512188887160941,0.31616300781778445,-1.3977099930523946,-0.3985940278053469,1.3835259715043877,-0.867372527043594,-0.11131567107813857,0.6697876570442148
-0.115646898982495,0.1291233217589347,0.3384163550250216,0.022675961599013368,-0.00467374999882318,0.6070687738590721,-0.7265286044057547,0.23389398411878307,0.0019553202256921715,0.16233549640087325,0.02394830335381681,-0.007499167509773468,0.0023983312261529263,-0.3336107176347509,0.30103707535193497,0.02952938694837419,0.11397384653078922,0.5088077625119471,0.06263959654141414,0.07799063006666773
0.033515993417353326,0.0069643790715189675,0.010804373785061779,-0.010536059871356137,0.5951558743237167,0.0002536496421429238,0.27341869184693873,0.3856169300539661,0.0076842893478536525,-0.005928285919537242,-0.35084861759252634,-0.002266933171317719,-0.0023805326541496462,0.024389917637424634,-0.13715451379923768,-0.001933284908906893,-0.025144451882902326,0.19593274898935642,0.0018955368413555171,-0.11770798653872508
0.04903718607398258,-0.020996769366475973,0.025204935186148053,-0.008235129688293576,-0.02404353570272646,0.007609543284585782,-0.029764120847962372,0.028586180162344092,-0.0042606745488839625,-0.02375975634883432,0.01996506977922702,-0.008931302583284529,-0.03394272812664044,-0.011133868651961743,0.01999197981231436,0.026810935459029815,-0.037052488123869506,0.040046480382727574,0.0005685901941845477,-0.016183829712580314
0.44623172261063443,-0.24307878740986394,-0.3201007426896567,-0.18242996631978367,-1.3504174879085746,-0.010228807321224304,-0.4926646854066733,-1.2587216085787194,-0.01795200075596368,-0.5563132533238813,0.7917576666465624,0.007298091469338971,0.0029513012530942,1.3114601973878193,0.5258277790258387,0.6784167528899857,-0.2789321871175713,1.3896622075580953,0.6440685034526535,-0.18450145348006924
-0.017169621310010128,0.14060657977602717,-0.8398222186451356,-0.008670915430282169,0.2498805559098633,0.00941606712766064,0.4056913700288109,0.017671010602735366,0.016665096967832548,-0.016629310618095756,-1.3590730321674458,0.015236295233387175,0.01258989736831451,0.03110674654932468,-0.21260559822888164,0.00726822952507656,0.17177182995464935,-0.12296398075687202,0.9888748265975472,0.3264080019317259
-0.4723321075999791,0.3557450213811056,-0.2208503736901197,0.19777581562749047,-0.16436304890118994,0.15942182889531376,-0.14443055798434765,-0.5307470182772995,-0.006170712758214651,0.30473041467744116,-0.12823271081404766,-0.01566371019043755,0.26628085217004144,0.3648128214451562,-0.2964896888459128,0.3842204711464456,0.4175749387829357,0.24448392881535103,0.27593644230902004,0.4956749079556872
-0.029859657674272733,0.03557214635911961,0.009286914397221673,-0.012406356144928148,0.02625835986333772,0.01995825529254833,-0.0042086626716241375,0.9696300598915679,0.008016548617081835,0.012156114629434979,0.0013228497061707825,0.00479548673536604,-0.0036547614746401448,0.012818925452032061,0.3194150424418481,-0.0021021795844304225,0.0114965177255749,0.01404175752841208,-0.010863487860530098,0.036663758792819766
0.11200447916035516,0.024339169692338628,-0.5448141119054803,-0.04480096077546554,0.13428917123579298,-0.013180003293595102,0.26303325358002694,-0.01639151869201027,-0.018600468093249813,0.003452040606569449,-0.8271888789987163,0.007374772578005857,-0.022211816393012188,-0.03311975800811838,-0.07028894793405385,0.012449148993743366,0.00804320550974056,-0.0618720825282469,0.6076461903865606,0.1359298110400014
0.005028554528133283,-0.024594325486833032,0.01573143979363928,0.010125936580326875,-0.012074318186314926,0.003889390414945311,-0.02079985366261737,-0.019725435367332084,0.01375944225236257,0.01769523017697579,-0.003982011324487047,0.0038466871313328453,-0.024089861974942187,-0.017116055518433926,0.007038375898577766,-0.020449153236614392,-0.014215978545723372,-0.0036324720968191884,-0.004263762786303119,-0.00816768189415203
-0.018868474726867,0.21002174850606783,-0.6081500144812146,-0.0042998324999409905,0.16684608450649926,-0.0025520182768114068,0.3230459252625247,0.04394960861980561,-0.002721903837003557,0.006843105646575385,-0.9900099479425865,0.011531747404730659,0.029684777442772085,0.07921690884387818,-0.3088548384785874,-0.03429399130739704,0.2548318773124421,-0.14640161102031976,0.6778860057156147,0.2820228893704054
0.009077003380018753,-0.01095177168461358,0.06901067843844304,0.7437628767232441,0.2567903860770592,0.04788981775416989,0.0011193472066725425,-0.23236689413787756,-0.0535107948800571,0.005400325488625186,0.44114985131610485,0.24442463204368214,-0.03174072465471177,0.09488648881825011,-0.6722757102558755,0.004786918499662337,0.043327900199160226,-0.10142445180204791,-0.019783291681979266,-0.2357934535476374
0.026125246688391744,-0.02873366414527843,0.15066917480834288,0.6929902449700067,0.2853022145396683,-0.017507096733353995,0.07644106995493137,-0.15301509232390553,0.003873758179340688,0.0014113581315378632,-0.04422861614383755,-0.007796478694289732,-0.003889598582215335,0.005285839431890638,-0.6091679635467772,0.004282927671891945,-0.0019238510177016326,-0.1401910425268245,-0.02814297485690375,-0.08182227073300376
-0.08314247309244148,0.7045436521195575,-0.18427742989284637,0.4827609702203378,-0.4170703504288791,-0.007271555449704993,-0.21265389970572685,0.2632583632583263,0.918685488900793,0.12440463863961106,-0.33963577407008216,-0.041947314641988545,-0.01931757021405194,0.8275043024547514,-1.0149424334461263,0.20313768135988763,0.0951826371179516,0.3082383753319349,0.08287115223083859,0.3405895608480029
0.020955334668187546,-0.005493341474725631,-0.027267521700192792,-0.026293361666856203,-0.06079826399121558,-0.001432638461963143,0.6329194086590095,0.5847053958832635,0.003310885318526618,-0.002643908365824027,0.030948308814517485,0.0011524010787576922,-0.015092088837537255,0.0057543830011240445,0.03664732928740922,0.020945546184544517,-0.03121964133756667,0.031226368718669868,-0.004948515870931227,-0.0007037411909433296
0.6036610797371298,-0.4382238092062058,0.059517811201687254,-0.25790176284569644,0.15953821417226652,0.193466827681184,-0.1552566993872786,0.31905095630890107,-0.018940603168915167,0.066539477743705,-0.28979365028851745,-0.00048567229495010897,-0.00847161861428747,-0.5512925051935256,0.7057003903649609,-0.023700290423287307,-0.4971783724748723,0.036514387918174344,-0.006950644323050384,-0.27659132311198276
-0.009682023277957127,0.021018140811539576,0.00202554993814252,0.0007693536275890638,0.021063674799018477,0.016912975347550093,-0.1351832556250067,0.047673379881421965,0.006244989053358545,0.012995807399587224,0.004306456967773698,0.01792332099197285,0.012404068489411299,0.00903869337097984,-0.011257085617038594,0.0046614483891079216,0.023083548142818117,0.2580607113652022,-0.0034634400300565128,0.0036987182841697807
-0.9798512252753504,0.9568102258861187,0.026091535956917385,0.6716938652500094,0.9781701652570034,0.42365408098145796,1.0622941793624672,1.6073817480066277,0.5422818245198133,0.3688422763069783,-1.1531755949809392,0.007763979455228182,0.8106836974249901,0.25199053389366904,-1.3803941326136338,-0.261306335117779,0.7847308056644107,-0.9248725030638177,0.17481420381710785,0.8373453440592865
-0.008978905764522212,0.018812382058684612,0.027588746409136743,0.013208469977703134,0.8502007549779118,0.007697313330682734,0.1922876601662279,0.5361081382048177,0.010146345229620584,0.009041819445425186,-0.4867214674080837,-0.01047368835885857,0.005999889949188408,0.003387182324303715,-0.1956594179694875,-0.006744090458508736,0.02627289558990331,-0.41122939314463475,0.002235711821714284,-0.11752008905844832
-0.0006053697810776597,0.0294188492754511,-0.4045945524473342,-0.013369268913367396,0.119755675628843,0.015732324014146273,0.20389686941220148,-0.02120456723980014,0.0008578222809175369,0.03263416654696961,-0.6320252036621299,0.01480600827265772,0.014170301677219103,-0.019853292337664676,-0.08580944297743588,0.00957714747238658,0.09793589242375211,-0.07367341009179934,0.47668594968925354,0.18016906328229132
-0.0005699059120740659,-0.011344086872664636,0.016264020726995662,-0.01334008990664074,-0.5067663390653466,0.009580301610982668,-0.11661158902944897,-0.34729227669430274,-0.005044425404485279,0.009990973046994074,0.7101859233791792,-0.004821195266118232,-0.017115318368985326,0.8324826550646759,0.14706337525356897,0.018946153776505638,-0.019439140214370525,0.23934923796213517,-0.0007351229185235649,-0.05627798987251727
0.20588536892822418,0.31206984219704015,-0.16375420319104483,-0.07732921121349344,-0.631854352437147,-0.010073038059567756,-0.2495752794350488,0.4845917261378491,-0.026610846723757745,-0.2924204424446838,0.18213075921156566,-0.01533612028590097,0.009207110559735486,0.6428326033693111,0.035154593573391915,0.33032732268808435,-0.11748049320758622,0.6708614987018736,0.31806657358190493,-0.03465269795081718
-0.01664959908570568,0.02154160963187162,0.38679801032777994,0.0002252597973116015,-0.1614477712042732,0.0017689711896086687,-0.03485608149074175,0.0012493531427799267,0.014419662371139098,-0.007437826699715095,0.41541562389508263,0.0038890650006205463,-0.002013919263144581,0.06350629204677025,0.03197549155925072,0.002823113486500797,0.005126574086893521,0.08611555319588486,0.014558461256017015,-0.07714564311344273
0.6445815441249185,-0.14655283830968227,-0.42350881906431914,-0.11985834864897708,-1.2525924647343458,-0.0030871985345693794,0.0916573052804646,-1.170372539203245,0.2573487315049429,-0.7878543899904722,0.04711220706167446,-0.02189449926052652,0.015253317707314924,0.9093971343673367,0.22957461130860088,0.9334762848781709,-0.3186437037418144,1.586666681018493,0.9067539819435337,-0.12344244204929247
-0.1816167763119086,0.1819571189741099,0.2080747881079735,0.08626981808548295,0.11410277798819571,0.7913183294693982,-0.7551061183328465,0.3190160430175535,0.0036384572492909025,0.2603993233356561,-0.3268537894866114,0.010401679912098578,0.010184585044766348,-0.4714947007766174,0.32096296875654295,0.015969153227649857,0.20313263501793705,0.49890190688568464,0.33393402266337097,0.21200747188017216
0.006853920849461929,0.00407756509565429,-0.009725086790643976,-0.011559193981379095,0.04091787098992393,0.003999049146569789,-0.009907782250808305,0.045246697140361565,-0.009847778268886661,0.008954765798454022,-0.008305659308020935,-0.0034659211979525184,-0.004725031091607974,-0.019665938010342384,0.31245815021924467,-0.01186647457381255,-0.0227348707954814,-0.040912849345846616,-0.0021706760859869427,-0.003673240108202469
0.01833050484464438,0.01237898803339959,-0.010350824664802801,0.009484859180869143,0.011060935560635208,0.0042532199038005595,-0.4209614897216395,0.0011122697147063314,-0.000766684693414869,-0.001654717592543438,0.01045553954616057,0.014804868155615825,0.017826786474890426,-0.008880439669123382,0.006419686123451944,-0.009022745144144048,-0.00025406774643178635,0.7977689222465144,-0.01065433934001176,0.004981413132579547
0.02566195644463061,-0.029014243310326534,0.003963456100686578,-0.003927044155197503,-0.0733005138133115,0.019177068717146518,-0.014910202336910431,-0.02585899433156288,-0.020414473017596947,0.0019222545854342002,0.08517921962070692,-0.015402249522710555,-0.014510658452681714,0.09636902318361969,0.9040322005537796,-0.0026820297429914885,-0.016411860845334823,0.047013930805697206,-0.012442974101700512,-0.022820614044781938
-0.04572657276303718,0.01909715409823114,-0.007743258274281673,0.010057981803086629,-0.2721518015003191,0.0007058340110838611,-0.1108629835719401,-0.16815134774265975,0.003474511086919192,0.014812536479192468,0.37440391041021825,-0.01114606048955781,0.01177634731583778,0.4888502523370373,0.018687691904368253,-0.017278449948037518,0.021796348855005126,0.13126588174068723,0.02118798993742355,-0.00823962876016526
0.0038090738857925084,-0.010113381987876296,0.05968291637936338,-0.010732299122340257,0.04211444877453498,0.018006907331783558,0.12797510019731234,0.06966741595134647,0.01220857220758233,0.011749104284637924,-0.0021138388288359043,-0.022489179251906622,0.02597869653326438,-0.010926865004687921,0.026057604570264188,-0.008862433893612881,-0.012603651558216928,-0.014925122423455232,-0.007285917298280473,0.5714702556634933
0.09120603066703943,0.5658459419513724,-0.49102822234386895,0.34217718808845243,-0.21783262457354524,-0.00570572792275973,0.03304245728370368,0.2966536774345099,0.7724085383491808,-0.105049818288494,-0.9551929697930799,0.0009644740698943506,0.012117662100088253,0.6978270403990453,-0.9065247758257198,0.12454792201519174,0.03063181487166624,0.2523964074685164,0.6276547224223066,0.3202107021428269
-0.005581942634641231,-0.007327604520862573,0.05384686641768856,0.3226799067317816,0.1988966933599865,-0.01931488934428554,-0.22179998338403803,-0.0806197541347365,-0.007963160406707687,0.008523132660693825,-0.06448652310185217,0.008560486417649796,0.021647170036926053,-0.032086247015438156,-0.31610649553082987,-0.019956879673244263,-0.01521989442428899,0.4908111713640488,-0.0020629924743460846,-0.03729473327429224
0.010331812686927427,0.289449616494563,-0.00250395744894881,-0.027029262946809716,0.7815259207864282,0.03149447984181105,0.19819149755756585,0.7591439207820572,-0.023794384982692242,-0.01005289598431036,-0.4557639287244554,0.02016348335399255,0.0010069533425005987,0.26013386875579414,-0.2959881180919214,-0.025507032083150926,0.00717467267956348,-0.3957897041520774,-0.012925279112307692,-0.10093641861016711
-1.2243682875277544,0.7184724951444061,0.26783935704762274,0.49039798753824493,1.5663783742394695,0.4108021295487198,0.3861345113546148,1.1900148496573315,0.010056598089134965,0.6641467057469339,-0.9870515343848426,0.006437293553552714,0.8253416907337175,-0.43044043488247286,-1.0180030361907269,-0.613212819262525,0.9510023721412624,-1.585200066754493,-0.15784769004032928,0.8369155397216328
-0.035588336972279914,0.07318819451316258,-0.2665740890810531,0.02198615747606339,0.3688810364745992,0.0137754505099572,0.5225333562499852,0.17805286943281173,0.005832729723697327,0.02075322707127945,-0.5922907512804529,-0.007864917683148375,-0.0169599949046532,0.020407786067545276,-0.041985064894645034,0.002915881335978218,0.08839304675863287,-0.19326341147529655,0.3380328719205821,0.11836248755277554
0.3090281826062771,0.25901163583754216,-0.23287539200801605,-0.11248508357099875,-0.7578685211118934,0.028673654032531,-0.2669928158196217,-0.39957187307494607,0.00628488121607255,-0.3549886860210896,0.14089063887342598,0.023696804571976062,0.018327477616750815,0.6939270039606962,0.06594022996466069,0.42827533755243113,-0.1716396873683256,0.824060338863662,0.4279234860192394,-0.05478120742496423
-0.20351261648377317,0.13518686284139944,-0.0031056811023186734,0.0794981691125854,0.04983632410561805,-0.0027448065993536585,0.05638415106622076,-0.040765112333416204,0.012476117641698798,0.2261644302734801,0.035355936170064745,-0.004042006453803287,0.03313653166273596,0.015829256901255518,-0.1521922168957916,-0.017325319844300822,0.16047565093256236,-0.107394358866881,-0.1017658270739002,0.14621265958566038
-0.20542635992877195,0.3254237528581505,0.42462173264062536,0.199720545311423,-0.0009312428083594194,0.8335482889233352,-0.9678933184708011,0.4862850826560421,0.2638805567853192,0.22767900864081694,-0.08683216292234375,-0.014970688592431097,0.014120408681512972,-0.2908402513808122,0.09980158917495996,0.035784994255964826,0.1882037105996503,0.6149082214358371,0.09979972244213253,0.19521888701276824
0.5084781067809084,-0.18446014219465215,-0.707013490676215,-0.21360706291262055,-0.35190719411127225,-0.03350711299075259,0.005460974661009171,-0.45935623245582924,0.02310931391525814,-0.32782171017609707,-0.825241245821794,0.010694780113524175,-0.0147955601134019,0.1891894702632076,0.2763813394177762,0.3589842654819467,-0.2455966382038409,0.7091395891930423,0.9613092900949612,-0.04658669025505377
0.020785723294394716,-0.005419232782793559,-0.09359515841252311,-0.023278151330572656,-0.10977886386299097,0.05132122458117394,-0.09408390204973882,0.00449457927019096,-0.037342755460011395,-0.007732550783371632,0.28977589544339627,0.24785326949772496,-0.03051687886788057,0.11773507808098166,0.07861969501954785,0.027271909725496233,-0.004500566143000688,0.15373536139635677,0.03408415587324562,-0.06401335467885658
0.004479822475720669,0.023505746548312136,0.0066685390842648904,0.024487521043536933,-0.003836506115834756,-0.0017302259115081976,0.39852790158557994,0.02362399484607683,0.01924867646333584,0.0018652949703913744,0.009133975791013384,-0.012754134023445846,0.018326595122602377,-0.00019884422413823065,-0.0379345086467527,-0.034844774214596835,0.0004415992685595123,-0.0093390808864952,0.004638545667042482,-0.007636236011841525
0.021377451925744126,0.0731029399315718,-0.5836606452458655,-0.015610000295157451,1.0687560760381325,-0.014945624035796357,0.5195693331661926,0.548967107296296,0.012408223643510359,-0.0028934004784765665,-1.4194786998206588,0.00401234824137334,-0.019630708382703622,0.014668550802023044,-0.3756417857180168,0.01450954094959951,0.11043683427258877,-0.5312101386659254,0.6818128316165409,0.07124777088172835
0.004079345608374393,-0.015187620362358023,0.0023618234538202616,0.009599772031715982,-0.36358383845880377,-0.036378563886730025,-0.0722157522792821,-0.25448607396915784,-0.01754913384296151,0.01879488494014506,0.5022505604322176,-0.005705887817589059,-0.017629365184446147,0.6066279881067977,0.04745571159734457,-0.002485672067411202,0.007462921237759915,0.18992820939633276,-0.02360964868396705,-0.06295995510188403
-0.07273194318381455,-0.024997303649046534,-0.16019819846744776,-0.016004338202623064,-0.016625393728980066,0.15278610946690288,-0.16075754076288204,0.000557749857789915,-0.10109980117538006,0.07608232321266728,0.813817677452915,0.5061850573799217,-0.0063426628852780425,0.11026589106858867,0.09402552522656012,-0.02041615454721235,0.051267751711569,0.0654070362823324,-0.04135807941751199,-0.19314981792985086
0.18012002007291947,-0.05859515135019922,-0.009419956329705326,-0.07148259927911747,-0.4275444598557326,0.1980838828740652,-0.4356259712468573,-0.4014266170523081,0.0074804371119215965,-0.2009474248866203,0.0816052714350961,0.0010950504763113655,-0.004952362534738276,0.15792238621149576,0.2855132052330852,0.3266396963304727,-0.06982089601604562,0.7132554621670452,0.3057535775620524,-0.04429201772645023
-0.7242567443230581,0.8548286901425349,-0.1693789417928368,0.5427636466834294,-0.1185641760578863,0.025792837296285304,-0.13135911116642218,0.0939514636110133,0.5640306403490043,0.8794200221399298,-0.01871951055928546,0.09040820256238664,-0.0015757019723897862,0.5629159787361704,-1.0436742793730913,0.10332195650620107,0.5346887412472858,-0.11526665986269745,-0.2863637845701079,0.6396159773212143
-0.008577245048206351,0.004350756590797125,-0.006938784780941826,0.013982819750146524,0.014650662323167364,-0.011130178941039081,-0.12206168104745208,0.015179012597860518,-0.00488121477322768,0.0014148301933579535,0.006658806271656754,0.013578028091830603,0.009255064245773433,-0.009360490964421767,-0.030950020257760433,-0.008028879606074164,0.0009442243121281259,0.9241565598796418,-0.0015344614422263545,-0.0026011295516663946
-1.2254545086628619,1.3654950524394505,0.4036990062806529,0.9423987858254329,1.5469968749177216,0.5275163951679229,0.23522937778787154,1.8214557640577556,0.917679720217682,0.5321385124384367,-1.4459919071886187,-0.011551611830152086,0.9922518209933734,0.4877089564121352,-2.138167286812788,-0.41220223610170775,1.024351515555323,-1.372167400057038,0.12709096816444734,0.986333632959014
-1.2566604491225166,1.1640066556134494,-0.13097926100207474,0.7943554198555068,1.1780078324064058,0.6630168979030496,-0.03737181818223867,1.448459636131465,0.6618921810250905,0.6319425562893571,-0.612143715703169,0.8422873362003508,0.8271768489490334,0.4937556760471919,-1.6756033953471223,-0.4971865851977594,0.9867797052022533,-1.1107643104711367,-0.04724349415575499,0.8479701732757453
-1.3371999768802125,0.7668443828911924,0.31036712616177936,0.5313051843533004,1.76825788824084,0.4683047668044326,0.4608362497606035,1.3334434890775821,-0.005239142138473388,0.7401957001067468,-1.0517739200731393,0.0013231975869142038,0.923534445367467,-0.4860590845442142,-1.1205246300934655,-0.7087683903404615,1.0512472914175284,-1.7776429155828122,-0.1945735112879958,0.8935505051064069
0.21307634473267012,-0.160709256474517,-0.020512627282775968,-0.09235127158221608,0.02454228675886497,0.02420789769787758,-0.045456969484095236,0.09533750441233844,0.013151876910794908,0.011655159394626113,-0.08488298353043444,-0.0009520620454951806,-0.0037662910499104505,-0.14346565083662272,0.2219856320531547,-0.0011956533451780295,-0.15988556277310176,0.005851252512726428,0.007316170391278066,-0.18475740260565568
0.31408660224179447,-0.21625038888041395,-0.06978598040150784,-0.13418906971820133,0.19904863455382277,-0.0030330457800018386,0.6440764092072012,0.23090467452801858,0.008941918022782241,0.36850954426317933,-0.24473779733234244,0.013756952943020147,-0.01280806450675858,-0.3648227309942562,0.3549141528268422,-0.02671040571575438,-0.2838787824093819,-0.21229494748355493,-0.15968132590770315,-0.26477261686872594
0.01769888128857677,0.00052302054405919,-0.01927222134587606,-0.003785282953693459,-0.03813158137682468,-0.026071925309638547,-0.049531390287357396,0.7174334264410118,0.014712155512069051,-0.0009326652079184056,0.003711274439131631,-0.025829326647526935,-0.013562161270125904,0.03819278710226481,0.016758473062179913,0.013328391178824296,-0.014046099237228979,0.12893086458089822,-0.011898031543885195,0.01001333490546369
-0.25285484134371145,0.18793721710108968,0.5523293235804985,0.10571935588994932,0.09559790514929038,0.9598407683130904,-1.0942839261678454,0.3892833947241846,-0.027665305012884736,0.31328742589398273,0.04367107835965374,0.014428717046029578,0.02241330839670395,-0.529383000726509,0.7392426541421031,0.00013337766274746938,0.23632311006752627,0.6620434510793323,0.06336019722112231,0.13928736017547452
0.003286077360153128,0.5749293564814367,-0.050410873801206325,-0.006623895345451803,-0.34068035781924283,0.013910055129509142,0.8723303279188199,0.24504583861171397,0.0005144336856546337,-0.02310228295145969,0.17239850055310674,0.008694799162146582,-0.00801759839319668,0.5324651201896666,-0.21936452889409677,0.020385205885019436,-0.02584550550096807,0.19553134424583565,0.017885223274903488,0.06477647669371929
-0.06844093849269164,-0.08091582407362831,-0.19857464280646933,0.5720955719138956,0.20477822803856943,0.23808314666667046,-0.16629594095890537,-0.2052253087438967,-0.14371015612787266,0.08996157386674761,0.5934863782007088,0.8711427823336472,0.007593614612585958,0.1768121617872057,-0.41230268490921973,-0.041770721547106794,0.041817739235826976,-0.0035516633925775937,-0.003558574919716338,-0.19072836793398257
0.025408921235500974,0.14381767160475664,-0.042603598681749975,0.08326024558290418,-0.0907804309370477,0.005053495428821466,-0.04566984827269586,0.09881277093685724,0.22293563336923178,-0.034890734998815814,-0.11078991905668537,0.0036272838552956835,0.009873561088189164,0.19645189621999118,-0.2074205764432954,0.05588148044740113,-0.00803193590701593,0.09236094969045325,0.058121654550168975,0.03524054308502819
-0.012538351466322432,0.8078783748244334,0.01630189452464011,0.001219120725739712,-0.4344399358221273,0.0005177614858403738,-0.13757737002907477,-0.02240801003079338,-0.018930205898195367,0.013301757647335207,-0.1330669207345632,0.0015676739978272465,0.005843883119600931,0.7032990081663438,-0.9016150588767673,0.002936463524758763,0.9157860468363259,0.21356812724570115,-0.012246259138259451,0.19658374491565384
0.08439283040806755,-0.038010949833079795,-0.102519946581296,-0.02129960855117692,-0.13929916377532284,-0.014787378623725598,-0.010310748034618945,0.45313211796736713,0.006536464746531295,-0.09336583139152184,0.002985406934945655,0.01037609757231955,-0.010350314176060853,0.11539679255723956,0.02893109504562224,0.11594755422875477,-0.02593459887485736,0.18010566760631558,0.11916901864021726,-0.023290907400707387
-0.006090721495670981,-0.004241346640598071,0.0019636008501982124,-0.013821284384753975,-0.023808532134515135,-0.008953846133675633,0.034636192764355936,0.0071340819001445115,0.017027715617467378,-0.012961408248160918,0.021491299206305825,-0.016439856550624316,0.01938190729603314,0.012747467985090508,-0.015314700358361858,-0.006671390717864536,-0.013653082944247923,-0.04666555260264536,-0.006101958606557236,0.0038955789151027148
-0.4135868658225016,0.168716366960995,0.20296391523308194,0.06044731091316918,1.1709250654262324,1.1064265694812276,-0.8879639433326328,1.062021114316891,-0.17686699205517184,0.4219558432729416,0.6517914819626495,0.8201676300649692,0.0945421047983353,-0.4064194421241135,0.192874558460467,-0.1330632789437682,0.3733698234842709,0.02998529783911139,0.042952230854034136,-0.25377559088940277
0.013843495436674168,0.0013366197588986772,-0.019903174991378017,0.002541509501138184,-0.04800864774744325,0.011549981330582718,-0.007916024961240681,-0.013552939032777713,-0.0014653151255104866,-0.007951415845800832,4.7178947092258935e-05,0.010252431709392216,-0.001679576439010011,0.007870849874693742,-0.011302924508931493,0.01246333781153412,0.010114493107821691,0.05828549112081339,0.029421962767615488,0.0023675381886633425
0.787305282893052,-0.5372640387410933,0.8212744144169886,-0.3040766397764121,-0.18441068250742718,0.014275799891976828,0.5348667195825517,0.29703268824819445,-0.007745458319122713,-0.0071968448315937045,0.4894932168599154,0.006197323156973196,-0.00543264344111201,-0.40249777579763796,0.7608517345476784,0.018283273415402947,-0.6098051714765761,0.09717075463104789,0.01383016700794909,0.09839160697276782
0.07512713207572265,0.29437936795982295,-0.03697618434222393,0.24831453679990534,-0.17627029156989835,0.03613760141636755,-0.14179648398978933,0.17596882397199845,0.47527842624374395,-0.08708317491045023,-0.2302161898252239,0.007687761734675955,0.021786901587979392,0.4000021227834203,-0.49518469011700794,0.09467992022081476,-0.05476491510535127,0.18896461224890254,0.10043630183707869,0.0901113632665165
0.06610491132480088,-0.05218661566578403,0.5724503650180179,-0.018763970015700765,-0.40052874088620777,0.05214755208346085,-0.1529762691781755,0.22294172935832562,-0.017458452478440377,-0.10844362190648323,0.6745409219078011,0.011664781229573089,0.009355815619738098,0.1417511208796093,1.082905065467798,0.10738269553355886,-0.057092902148895064,0.36068755942636244,0.13129828622494297,-0.13697486432860936
0.3800516880013342,0.0023316498486353927,-0.26090096761655696,0.01934703568786048,-0.7177854477356442,-0.011394195253853342,-0.33681891139944603,-0.5533166056606545,0.30167137478060135,-0.44500510841534674,0.2873957529624375,-0.009624931745279978,0.018230876237046115,0.6172961481543817,-0.05529735745267884,0.5380286799397256,-0.21347621418145402,0.9371173666330641,0.5173433427921635,-0.11477543201086414
0.06893046010788612,0.515882371520941,-0.22909103208103074,0.7796658978121825,-0.12161058205615856,0.01591975361645117,-0.10752893641277188,0.16063060228086384,0.7584540513353873,-0.10851727032778646,-0.6269133496271104,0.0018591956313731145,-0.008677537610427832,0.703230298504948,-1.1811505382733873,0.15067413586195802,-0.015228696756091741,0.25377061983883786,0.3962968548916131,0.1907097373168244
-0.009445769737220014,0.03203172456947143,0.21235922876731952,0.9742626118824691,0.38095802149437136,-0.006370121617282834,0.14425939249987368,-0.29074219657297895,-0.022871807074934993,-0.008700693439500496,-0.057409427844794504,-0.024172696576699126,0.0037947446448528864,0.06107704653487013,-0.9424373753715801,0.009168329381622719,0.042991975503550516,-0.19934946377064525,0.030024801258704707,-0.10339680138831762
-0.028074597308574332,0.1280197261112048,-0.4047182087435845,0.011618222234019896,0.5845470395960682,0.010355247581276459,1.3974313251826014,0.3202509987562201,-0.003775306622552292,0.016551067702799484,-1.0004064386287317,-0.007923064628091834,0.007248988613637055,0.04956047780666873,-0.28348053777859267,-0.015094035318031815,0.13894935904408715,-0.29054000145241027,0.6440975794917573,0.14431788234065354
-0.05084498747608492,0.04362102352334858,-0.005846292412102284,0.037712440201185214,0.8310191666541312,0.024946916227706905,0.2241100208129095,0.5422022923029661,0.0037088310028812067,0.03371156101327533,-0.49402954449112974,0.010370836706267901,0.021639347280641957,-0.001359778922086329,-0.26788198039003136,0.0025227882484253165,0.05751064161673217,-0.3993538159226689,0.0004543965382823238,-0.09470249076306814
0.38341514004158184,0.9696833388882689,-0.31986844791475344,0.07192065326610995,-1.297844072323246,0.007895510062602694,-0.46976438240277524,-0.13489664493815665,0.4599413114014841,-0.49899428050389844,0.07307759841149458,0.008431074118544666,0.03656056789682682,1.5452707849587926,-0.5341785186057624,0.6007970161012327,-0.21623531738862364,1.2911300904551843,0.6281091245086312,0.06760794180870242
-0.07954982206167871,-0.10071199476886045,-0.30341643662024426,-0.060079190699235736,-0.0002251983685138785,0.1893406143160202,-0.5491557569765888,-0.052925492517760714,-0.19723155773627654,0.08143574566836294,0.6782187299691258,0.8465617337212615,-0.009693674494100225,0.14206939550172556,0.2036310436359624,-0.05109181158018035,0.028821283280010514,0.7692595941225433,-0.03120386305054198,-0.1584420513199898
0.34889178616221056,0.016746675442888742,-0.13157540276223412,0.023736802292562465,-0.09512913973583012,0.014631416806393245,-0.08813047391490188,0.24710960014351277,0.3970308952972541,-0.05137990839577983,-0.3404110662925517,0.017536263789781334,-0.004525048661371885,0.16499165411635897,-0.11354253212467569,0.08755054681712071,-0.2700065895651859,0.14545953269788203,0.07637340144580122,-0.16662825547757726
0.01834438148786876,-0.011816103729356495,0.31660460060780476,-0.015967721150138964,0.0025983597310163115,-0.011444630219294474,-0.12811230037107674,0.06449606896051815,0.021148456927997418,-0.004333153865323489,0.24977653528090776,0.021905735149910958,-0.016135385442311592,0.05760611516480314,-0.0160274030954059,0.01311530440747955,-0.009274080998873852,0.2656466786146414,0.009738820521124623,0.3089037525978557
0.032843440737026115,0.04593966546280718,-0.40119830269398316,-0.021627023113981875,0.043467052840216944,-0.017329750778672638,0.1787508504853008,-0.1020372541779169,-0.014534441769184576,-0.02519331710499469,-0.5798758923621378,-0.007523715761193124,-0.013849075774684704,0.023583230783150763,-0.0913543176242945,0.024153929184293585,0.04398672422688768,0.018511724062305956,0.46071369137087587,0.12708031519569601
0.05953665219470794,-0.028046352657874585,-0.005939206798309548,-0.02708591574251936,-0.03446952882243785,-0.026523350377690522,-0.026077662601002284,-0.03770277447698222,-0.0002590271529082887,-0.037842434600431615,0.03025450121359248,-0.007355936237154871,-0.00592580245152282,0.0008531939994696341,0.058056253859206736,0.024930519556031285,-0.0007595037572832621,0.06819897946384915,0.026631905933199845,-0.056759220758263486
0.011137330539663731,-0.004435328411891021,0.009418385569814424,0.00931857783666972,-0.02416337429984656,0.005893797147781784,0.022404739571641553,-0.02588232984592687,0.0028565838860237407,-0.01157939117975211,0.027516736100717823,-0.006460200689235494,-0.010057796335642348,0.011872130924200192,0.2813976675497197,0.003675710621402895,-0.0020579260455425444,3.5780373260017526e-05,-0.029692263750256864,0.0006831866617530132
0.07496133278231833,0.15353669131300765,-0.0900123977118242,0.08685889339628065,-0.1583670177597285,-0.013199378354208082,-0.11608778234521688,0.04918270611775005,0.29373208488569863,-0.06858829951791204,-0.14079929451066128,0.004258339148625994,-0.027791478276324506,0.2465740661637884,-0.21538072976289338,0.09013417272847295,-0.06511874764695105,0.20805744442178156,0.10474843710706774,0.013812643432131868
-0.20521952468703586,0.15105262184209453,0.7090806545591692,0.09170460934973841,-0.24166674605374736,0.023172279263991707,-0.07017464848479081,-0.015267688083106044,-0.002495027694503096,0.23950713386969652,0.7538868099867151,0.02353912951951559,-0.0037243151223986326,0.12354054839372934,-0.10242584657026003,-0.019084700500014498,0.1784507286164606,0.03617648150041451,-0.07732977908570823,0.013202801233565552
-0.011149202854553912,0.02863104741672209,0.007839658064972412,0.0076463328082376,-0.0017591142592512272,-0.016797104470184322,0.8302310213258641,-0.0024478989828361558,0.00019813037640243301,0.024080263911146964,-0.002577748168304065,-0.011759871291153752,-0.009019774947043164,0.04768236915582716,0.6367244426972873,-0.00900518612574756,0.017545503280900918,0.0060623586366974425,-0.01408090335952442,0.894339250882379
0.2937568584807639,0.3458799294907144,-0.46780234049267183,0.6587097520681173,-1.2506038325598432,0.017425528885411865,-0.6021940814817114,-1.3988308238471046,0.5950002495622255,-0.3742201586314319,-0.01951642210993903,0.0027619096526016605,-0.003883643371696911,1.3179388834328816,-0.7374404228406212,1.1042855754732928,-0.09850097261841205,1.6333432354428545,0.8502848137212382,0.29008789415611425
-0.10902234260275837,0.08565822020694128,0.02558451455781712,0.05213347097495141,0.022919387179045098,-0.00523196874719066,0.019112581146026326,0.008035191246622289,-0.007286743350978258,0.15580298828810957,0.03117962481322331,0.0004910688655230737,-0.005983722898609628,-0.037297603447673584,-0.044763688204206856,-0.009090784079070706,0.10067423068527748,-0.07666014336654753,-0.05583503137898086,0.09161774082358647
-0.009470999560974544,0.0016659071852102416,0.8873591518702418,-0.010511364496794929,-0.29982137076031223,0.01687976943871592,-0.09487445133508679,0.049316663216153335,-0.009340844770420617,0.011150172133557809,0.8876386590054592,0.008870382083914698,0.026970466823881156,0.07231150065603563,0.09046668550389832,-0.025306627915594574,-0.010560908883475165,0.12254882517981407,0.005666722332928715,-0.19093227654456485
-0.02216585612602971,0.02539149739825291,0.029641723150838368,0.024562612946014854,0.025423535758399386,0.010946724198733956,-0.011201816270512657,0.42634636505440654,0.0001606140469331322,0.02321723019079111,-0.011227637089760913,0.0022053994238912956,0.015483868540677036,-0.023113860144762813,-0.007592120683945779,0.00961690689437664,0.0245417577606444,-0.02279822128024643,0.0018428590984638192,0.014999939238297547
0.9523726089232315,-0.24187494730187867,-0.08758598467355362,-0.37652376390010145,0.016089168722302774,-0.012055565309364389,0.013089025500017467,0.3519765208594554,0.0028409360240758863,-0.0033648963447222555,-0.5376186636466457,0.0155708654014126,0.007961554943614618,-0.2131597475502905,0.35468373967346667,-0.014075914570553013,-0.2812997134787098,0.012228477608533059,0.0021784313865281135,-0.6179295765573001
-0.0030604932490855712,0.014362422977908266,0.004277631743672476,-0.015749406411172437,-0.014159989973439698,0.014544735701107866,-0.01859632425888976,0.48881687646401734,-0.000641203356284255,-0.01703010321386901,0.02018528772987782,0.030955321733403374,-0.02136749177166906,0.01745845990682321,0.0028448713107217093,0.012325220295694666,0.007819676286772825,0.00028827977037401524,0.0032565003670245226,0.01852593111402662
-0.7000489892066833,0.4496744094788026,-0.058339112455433044,0.2648109250855804,0.11696162636750948,0.012861736371609953,0.05230333059203644,-0.13561691174841622,-0.019421390251491515,0.8733973155722667,0.14820570423248242,-0.001030547634033234,-0.020226682953146117,0.03851258462259119,-0.42990148414477286,-0.012872499119114294,0.5105572641039772,-0.3367983437910672,-0.33509764393664504,0.5052977484003828
0.01594660542634975,-0.029969828712641963,0.14046886424773508,0.7167686491955738,0.274120565029348,-0.007395838925473687,0.09575616051342226,-0.22586639121774357,0.004627136873988911,-0.010981115107001442,-0.039966479609490096,0.0041584268042099545,-0.005442351905448408,0.02510111612782217,-0.6346124175568166,0.01497573169659645,-0.04622661844973243,-0.1251778765774918,0.013544117966186838,0.3882989097287448
-0.4585748317673855,0.2601697612287836,0.1087225049173921,0.180138014930746,0.5904979168246285,0.16123739350740302,0.38620760975952345,0.4721170985598893,-0.002215249802599807,0.24730968402423714,-0.34954870165713425,0.014380698759051534,0.3008002767580995,-0.14344054413634685,-0.3706286616765427,-0.2413093907240125,0.3826517088587815,-0.6158740931235676,-0.06133958106719656,0.28264448154019084
0.0012415460493376638,0.01912666875685525,0.8211402104793177,0.021519964486651257,-0.3106796429085738,-0.001366679068790476,-0.07776879371163012,-0.0280984847772828,0.018732527741683432,-0.011690922695601551,0.8003843446347899,0.013708173836552474,-0.00506367749358532,0.09905699036819368,0.03967666014655699,0.012383178869406989,0.0230752368921201,0.17618615261010037,0.01969352981828094,-0.13008001884624742
-0.013391032312614237,0.017507434713445034,-0.012111061944312492,-0.04563328495591713,-0.03644052438829742,-0.008096946337370743,0.013004172970658251,-0.03052201838517021,-0.004562285766149941,0.0028473836949681544,0.007539928901203338,-0.010991865169461887,-0.010312336376434398,0.025072682649623316,0.009136134188471558,-0.0070396945814603686,-0.012871205557362026,-0.0012293469006648136,0.023691408335404777,0.001783611474018754
-0.018886464024622455,0.011983739722032505,-0.010841790423998982,0.0162365106290988,0.04147442964790194,0.0024014777193186888,0.009779242770760359,0.028892613472640775,-0.008205047303782773,0.0007708063490541621,-0.0688940130302837,-0.0007256227698226999,-0.0025167338231209552,-0.012766301999142401,-0.017152876440327904,0.0009519423755110501,0.005387666442926227,-0.028079961218116713,0.003759916404459907,0.02046028718083824
0.39476930970036656,-0.13406261450732143,-0.41292074838858633,0.45941291662377604,-0.4414021273578286,0.01170832373526831,-0.11061492209923521,-0.34435062960503204,0.0037008708028587987,-0.4940090024666879,-0.4059263689571447,-0.004872121282744475,0.011185415963123814,0.4893532340603151,-0.3388584563517346,0.5978843776945115,-0.19619774430958076,0.8364071183799711,0.9483967148357778,-0.07339712223789525
-0.141986990160335,0.933303837417044,-0.18020728159613408,0.05813309475649836,-0.521614754653264,0.19514971986311613,-0.23631906129975117,0.044076260647514326,0.025075645046129563,-0.20237108600518516,-0.07912528332514207,0.003605246969874513,0.37603056611453584,1.019265558353583,0.4475820600738833,0.31176113196594696,0.1980178768152831,0.5147594109833916,0.501350274472486,0.3157962118788249
0.024596559955562432,-0.012486959448355723,0.010514439911827734,-0.01243712241383545,-0.00034318225885934805,-0.004294129514946671,0.02972269786123472,0.007935078542938817,0.001983347761672945,-0.0023263739213786,-0.007858936744374276,0.005282349615797563,-0.012530090178454068,0.014400951899372034,-0.026818960167429268,0.025558454693628618,-0.016231845715370223,0.014293282975648035,0.0028117168316010768,-0.00043969098969619735
0.4079074348208358,-0.21431820552444603,-0.26542210045215586,-0.1744645409869389,-0.717768148394712,0.0032167111455379846,-0.2233091994694942,-0.8352574061872727,-0.038457244129304936,-0.5088913756312445,0.08143038233236,-0.008869392363574879,-0.013060681516410414,0.41549152147276874,0.37164990193848746,0.5794137254298047,-0.24302128695059177,0.9531412985270615,0.5567785645018678,-0.11698175524885722
-0.14712238576782588,0.14456809397797896,0.32925339924656516,0.08135972286012784,0.09420792694258048,0.5911545279499278,0.21209586211286746,0.30378131961876464,0.01626967432603677,0.15274160492773836,0.0218279057711906,0.015793368638024004,-0.0014186480091306353,-0.318853322947332,0.20270439669028753,-0.012548677279111832,0.1413823994270598,0.39277951919467263,0.05465561683528187,0.0986077252598863
-0.01114096138907989,0.030390096383315246,0.9466938558704412,0.00434337785700775,0.07427551533988207,0.008537494074998883,-0.41181321770562,0.28596994718164476,0.0020932129813076685,0.010351636021248748,0.6629932492040168,0.005649351342395775,0.017509527471605935,0.11912395296084358,-0.03358675782763952,0.004670859050484621,0.03642395874760615,0.7824954667512969,0.027629964472497617,-0.23322737030950175
-0.173017186896352,0.10936825491149357,0.2752711557589102,0.07780685346970129,-0.28524802155047935,0.42531809452195063,-0.5437761289860019,-0.02750746278404427,-0.017337702015224894,0.17859533132642305,0.5500380102280137,-0.007032766791219166,0.021275476262656634,0.36815868279303166,0.24552209563482638,-0.05319636990331064,0.1257714885352766,0.3791360307325686,-0.01799268606887463,0.04840573320657075
-0.18646314808592734,0.18165208402206723,0.2739541045894111,0.08611936124487447,0.12625171344310246,0.7849604958887153,-0.8029628220361524,0.30702582199248,0.00030822861400575316,0.20889248240014335,-0.03535609981425786,-0.0020341849247953554,0.005519796076007072,-0.4734704763938315,0.3224048400632647,-0.000483201571516342,0.21375189824369306,0.5612128826804202,0.3421275119594605,0.14321940347114168
-0.6744380572960001,0.4606694986779584,-0.3805307648347503,0.2806506693650943,0.22599745042449165,-0.0049114744709125215,0.20423418283891334,-0.10582770757411163,-0.01281921521080803,0.8173093813955684,0.38000278401213794,0.01009174589093459,0.006077871267332072,0.034928598523405206,-0.5052262587448622,-0.010198315544313656,0.5538243354973411,-0.36613474288310893,0.02414579106755433,0.3512407292807142
-1.0178410002110536,0.5996426525839267,0.2115040758162106,0.40959570680164403,1.3416062633975288,0.3503784202765709,0.37617127345068396,0.9871134526527046,0.0043566481131021295,0.5951030306503581,-0.8214654630810675,0.0044611461887343225,0.6820753448884708,-0.3536796725253208,-0.8563709937195296,-0.520492386762574,0.8391244207397971,-1.3477725802691616,-0.1382849281469347,0.7184656346436746
0.015132435167041183,0.05653623774031278,-0.011584023089782475,-0.005189547957141471,-0.04161476633365788,-0.008142842882157423,-0.02968811221986221,-0.002636337567905305,0.014913612425993187,-0.001651412338188902,0.006109302820610949,-0.016218346472609838,-0.010377295497159125,0.02865169143416265,0.9012941919146954,0.006268928255066629,0.017914744402274477,-0.005244430593657676,0.007191008021297927,0.05991012926795145
0.06302786921626212,0.2540413345256292,-0.3719355223206351,0.11931178146103485,-0.09135369548480222,-0.016285002901417087,0.05317410462993837,0.09741527254181742,0.3096590916123271,-0.037940734490303385,-0.6230926069518914,-0.028095485008781274,-0.01889006341221323,0.2910835156545982,-0.3828470726688853,0.08817813134907383,0.032362073029669536,0.11062456224464105,0.4394365906747362,0.1602508014092403
-0.04302525752773528,0.039764692209472124,0.015208218138168195,-0.002220071845481452,-0.06723270124474248,0.016191300923071063,-0.04003528461819969,0.10930720275236207,-0.0038226995554342764,0.028074659971638913,0.11286836974395169,0.008408456464259348,0.0075793036670474745,0.12258684730567074,-0.023470913186468663,-0.011349087458248999,0.0212532030096738,0.027834448798205617,-0.014585720084144601,0.01789995137219754
-0.6766275017833729,0.3905505233010912,0.11954692938518643,0.27344276273654,0.832756668825007,0.18928696853691904,0.1881480697585756,0.6448615587796522,-0.002392112314204923,0.3721370434155713,-0.4672853183900587,0.005693517275610536,0.42520415311087423,-0.2147583346070217,-0.5640856594122551,-0.31720127833597594,0.4976188569416985,-0.8220671852327368,-0.11588699117656456,0.4213122651595178
-0.0027765297590833255,0.004146219252961209,0.007969652096978315,0.0053998358631209,0.014261722614949884,0.017548702537331436,0.0024607853092035326,0.009792756409803541,0.003634630253130206,0.007685344778767167,-0.02972072917516076,0.005109816195221721,0.01910818689016485,-0.012995719245552963,0.0009480081844751966,-0.006330670781362761,0.0012645701336789841,-0.005952559533855546,0.011403953095830838,0.04565529877040052
-0.012653949612684304,0.01693937739887557,0.02572748908190306,0.003474936696762146,0.023907571941476427,-0.00471635121992182,-0.4668737359315148,0.03524367805560601,-0.009099459407503487,0.005957356151739602,-0.028558925909740213,-0.006648380595849302,0.013863019790586656,0.006183820794247761,-0.028082069984975415,-0.004572443786975548,0.024853203751889395,0.8997195813006925,0.005060263425420565,0.022272427106824838
0.010247953104146217,0.006310161186599467,-0.02518303645504515,-0.0008592429953356868,0.0020198815112619796,-0.00586151326409216,0.006734765330851473,-0.01246284192503352,0.007672095184175953,-0.007311488673670336,-0.0034483413846976927,0.006246458019675173,0.010451446707327922,0.020195034612133633,-0.031178981359858804,0.000250719410815425,-0.007511196067660701,0.0037235114272837866,0.0191575778622038,-0.004245025233352059
-0.007142838806108704,0.4224832649054809,-0.028530265141988913,-0.0001436272112600159,-0.21645097947033973,0.012260885249778768,-0.07367916881423676,-0.007780446476331293,0.024820735633434947,-0.0003630817648649444,-0.10058038461334043,-0.0024981607311322113,-0.00010520485279059142,0.34825401136204387,-0.4909621093455567,-0.011411908502247482,0.5148439965204352,0.09349005635664713,-0.0031164065746264536,0.07741560862146185
0.013463400663490017,-0.013991981185028146,0.10908284102358909,0.5814562680293597,0.21725210357676916,0.010532332788598844,0.0227246568866806,-0.16720946639913406,0.005263532787222138,-0.0073148601139992565,-0.06026306794987894,-0.00345577976545915,-0.020009160253749575,0.002275538261562691,-0.535813889939073,-0.0034936252160309173,-0.017585571203016626,-0.10223494075366882,0.01788261075515549,-0.061102937411495584
-0.0054035075879630984,-0.024828869266409634,0.703355560839545,0.011680383618009889,-0.26086864326739256,0.00033039033664479696,-0.07141700071025107,0.2912167191257736,0.020705343057932604,0.009811533125802064,0.701021060451057,-0.01015875457083167,0.008702409318013152,0.0639383946076076,0.21954387953364835,0.0005372963606475514,-0.007539973734342309,0.11911508110321102,-0.031030455358149897,-0.10448022361589693
0.2153664258529458,-0.08166391032134589,0.026245461891078684,0.8058647348667807,-0.061304107077792935,-0.008637425552814555,-0.057519638598063326,0.27179170383546775,0.016480574692053822,-0.2307143553510984,0.012375908882357949,0.0023642815584021645,-0.018098731340314842,0.29114808514666546,-0.6755843929381765,0.27418392055143215,-0.11761563442412247,0.30996822319015954,0.2654865558158651,-0.1637498810504494
-0.11502850222076194,0.10533637843096659,0.47577131846882786,1.013498813659059,0.38465105250241866,0.4596467355095605,-0.41986965639581003,-0.10317574479559485,-0.0076785013061905615,0.1259665332101376,0.018784453327458643,-0.01401668731608815,-0.011095726353082059,-0.23634997531797214,-0.6668307442198694,0.017645209143022773,0.09524810648605533,0.16203567037404495,0.016530463858213666,0.009535296635598082
0.09980900933003237,0.916853373575781,0.017404178598720794,-0.051768626143835594,-0.5011948297375954,0.007815285550984433,-0.14417271423913208,0.5198772993542323,-0.003758870318320757,-0.012961330282619641,0.30211640773504744,0.013434934936678024,-0.024395251440656733,0.8230407292012728,-0.28720131573089436,-0.01870737617304708,-0.05783588880411553,0.2708666639383941,0.005074337733431715,-0.02464448256023633
-0.18479077591659165,0.15469940764364654,0.5285095154954551,0.10283429830260196,0.1240870719502558,0.8975206119266645,-1.3667943756523384,0.3586694888807505,-0.005601955561062191,0.25488839891134385,0.03988308053178664,0.005213607629745205,0.005669211084959183,-0.5312856762048592,0.39870138962575397,-0.0019267835566153212,0.18343588019845586,1.3212738660475094,0.09223468904743538,0.15113337115474326
-0.2958630050776659,0.1885220444503242,-0.05170137285405726,0.10549726028887817,0.04916657217430529,-0.02061377849897275,0.059186682570879674,-0.0780785360284406,-0.015730114546523122,0.4188443804000544,0.04095611157858171,-0.015341350825718383,-0.02640116730686194,0.0196503272787309,0.4444065589060433,0.00831082984876524,0.22013121125714175,-0.1375802482672217,-0.16028408840975095,0.22481217666610756
-0.009857899019200731,-0.016682232335915897,0.9769963212598822,0.0010955627096404675,-0.352543490542963,-0.02978208780033746,-0.06581873263691095,-0.008792457523209542,-0.008899590473776062,0.010001244037884278,0.962015097255245,-0.03799044869147935,-0.004854967896923715,0.08693732356066151,0.2968013127589755,0.009978727337223001,-0.002966032961682321,0.16251501797219212,-0.012945366429257645,0.05790408924020164
-0.24011795931219587,0.11589177343169729,0.08237593239537071,0.06883705985405346,2.127042525270519,0.2707314864290907,0.565051309970195,2.386781858786805,0.014381146224829965,0.4561355674572874,-1.5733763630863975,-0.02504775115133523,0.58504266112651,-0.5903370998127695,-0.4769967248817281,-0.42607189329055584,0.2457862915759482,-1.6080503795715522,-0.11800684053535512,0.8442923556382084
-0.03344693390649258,0.22213818299408636,-0.7223647319831539,-0.02535019630252678,0.10994833068997002,0.04474542960620219,0.23847889288307192,0.06714310160571012,-0.053267482954026585,0.033590256023374544,-0.8375972497947171,0.2091269055772022,0.00877007943203531,0.18473526303512772,-0.2729194815968689,-0.04316428265657023,0.28616453768132777,-0.03338387282286548,0.7389648020135697,0.2570835120568293
-0.030494818488361757,0.009919503759062583,0.20066595528620298,0.8982067104017347,0.4182044042822201,-0.009553713410876208,0.1280669323915531,0.3067577157419681,-0.006012885812965389,0.04996697814066771,-0.033156093013937314,0.012724231966583878,0.006293062766084731,0.04155914344048876,-0.8436392678736502,-0.027751168280208766,0.032065671151683725,-0.24677142692608126,-0.039519029134516576,-0.07443968169770619
-0.8738780059142618,0.5242149781718602,0.15640151800665703,0.34200119851774247,1.1220052475565037,0.27393781207518403,0.0578918532943225,0.8000351800306607,0.026529885725274913,0.46900212439110256,-0.23509797426979087,0.023932643535490634,0.5795416029758065,-0.2524385601564956,-0.7438928371816362,-0.4275113308917796,0.7149774776892611,-0.651611101818694,-0.09926772751259598,0.4200083692974206
-1.2628336112847525,0.7620071976090883,0.7629808494547842,0.5202637616862431,1.1388918423441805,1.347571441083577,-0.8319539619495985,1.2179722207568893,0.004620378777608743,0.8376270843875739,-0.1572798167446465,-0.008322295652354258,0.6834303874974429,-0.5141984955132181,-0.33413604124335106,-0.5175603069359164,1.0211710637336777,-0.5226140760503191,-0.052690643887427016,0.7545033611100915
-0.5147969104344047,1.1048351464322208,-0.036978626834286876,0.19317942809365285,-0.3089192488755303,0.00719459102421037,-0.05649272154398613,0.28553700662102705,0.004067950068904396,0.5715447694144826,0.3026420606610671,-0.00018278180922937483,0.014586088255328441,0.7224010900625915,-0.6156848011962113,-0.00195943723839807,0.3687389394293135,-0.03833099231951281,-0.22655695707391038,0.4117216017564213
-0.010731107137575364,1.1988408317295747,0.19288301280588116,0.4137272622673852,-0.6077059953532582,0.4464366318666055,-0.7648803781164795,0.3699540569022841,0.6966169564234865,0.005504561931142608,-0.38052137379079964,-0.004074508826260162,0.007863760407836285,0.9655911975735331,-1.3175035481572175,0.16055018957187045,0.7979701927307102,0.8136239168627939,0.21923984727674473,0.33144567579064343
-0.7300497908082023,0.4157968807840857,0.12157217595353134,0.30350857201567305,0.8970789212503996,0.23965904008883537,0.2401761899494998,0.672814433977999,-0.014377221463471531,0.37171846066002917,-0.5644343065770663,0.013761865682686322,0.5014143180217349,-0.19697733968260953,-0.5925169806422207,-0.3572564610308497,0.5560520179219137,-0.940454806972426,-0.06112300287514098,0.5108629838636644
0.0011677828958477701,-0.003126911232297379,0.005646285186785867,-0.01541740135916726,0.04581815116270755,0.011941851267337534,0.016644279760282335,0.029323441290994554,-0.016670492525599833,-0.005751970170088772,-0.026865550937931977,0.002997008210192135,0.015904515433779753,-0.002548254918415719,-0.004474645706641439,-0.010629213903607694,-0.004345393350082837,-0.01300933420062403,0.021114793090993712,0.01618715933893025
0.02292869613465201,-0.01646617647413543,-0.005407952358938279,0.030377934452597257,0.003769118789074594,-0.017933816233441903,0.010748426171534499,-0.03171490230142688,0.0009006522172029597,-0.006796467675957089,-0.0369236084448155,0.004253875338102107,-0.006812442458561548,0.006840471694469597,-0.04990436896161794,0.0036998465386751996,-0.02060357267407041,-0.016267123853514275,0.009567726851536373,-0.0009274976207874165
0.06281658821415097,-0.025371831425153035,-0.03271509719041418,0.004034714317669226,-0.061835795142257524,0.0021750528233483255,0.0638483575308472,-0.0728981136059423,0.011253961864472403,-0.044613984005591446,-0.0007346685199844452,0.006086983982179487,0.013225053708026818,0.036308681199734905,0.03260116674227557,0.07267443047591164,-0.029399449863611003,0.08665158095587042,0.07000893580883291,-0.049030642143575304
-0.005557425513911921,-0.04740423370205624,-0.1228826331752918,-0.03744820204102439,-0.018312496858231334,0.10341537696016713,-0.1301609321866025,-0.04031578446826847,-0.09346287030734814,0.03178832442499037,0.378313910386929,0.42587225819886304,-0.004943182705064186,0.08830325265511701,0.10533802900029152,-0.02261171375175567,0.011741161472709757,0.0846731469552647,-0.03102753943129543,-0.09625228634225803
-1.0457020071430925,0.9706651518782953,-0.03220527889947115,0.6614050388958915,0.7176158164627207,0.24908737756524893,0.11762453509784469,0.7428828496122982,0.49666805202996317,0.8248311945344022,-0.6966427910151355,0.0079148477867108,0.4565655207730354,0.2847408621995954,-1.3073135620521148,-0.2503338376215059,0.8046352667421173,-0.836499737645591,-0.1847026901204007,0.8599345593504738
0.007460687083540763,0.030124136039346886,-0.013729917853431625,0.020751044579742,-0.029307041311499155,0.005692469371743624,0.6813104835215334,-0.0006363395540005352,0.0048945087747292405,-0.00485725748952144,-0.038004204705260586,0.01541279768727993,0.017223888284455355,0.018381426921827027,-0.011600198265022399,0.007947591218968271,0.03450405845896384,0.009164754718253738,0.02802854386757308,0.5279610846485421
-0.023957111947502198,0.06652248001356752,-0.24134328818266074,-0.024643133003221053,0.6435793226153,0.0009042452930572396,0.26766531992929143,0.3815452542294882,-0.015668865178580387,-0.011799142708757144,-0.6396999161554227,-0.00041276096024467357,0.02827429306665815,0.2211775682280508,-0.23112929425987783,-0.0013866739784716732,0.08788720254651644,-0.3331327551845465,0.2780519612261395,-0.006538822614611329
-0.016067542626247135,0.0016091841712642906,0.0005321859271204595,0.0009435366077026556,0.01620435072711533,0.013911966928730066,-0.00858511796693718,0.9468181804401486,0.014117099269194362,0.009211440751625947,0.03292153932261464,0.01640528786080386,0.0006811389779782882,-0.011483043394620227,-0.010515945421735768,-0.007335853451694192,-0.003732230468180537,-0.026059029587946553,-0.004507866692581329,0.008505070964794588
0.014840052528278976,0.0009850235719066555,-0.018635923224526438,-0.0022654973751769876,0.002400702638472377,-0.020065711746874586,0.007903248725956678,0.6427912654725703,0.012050762612687914,0.012575806449072559,-0.041772148650199604,-0.010534267322064764,-0.004905324175578289,-0.027185920369810292,0.020408457266493447,0.014088345134816911,-0.01394605480530662,0.011612171928457983,0.02949390259332659,-0.01376245170930861
0.21888552774878367,-0.008637646864865813,-0.644455745879932,-0.06848903305309174,-0.2782869321312639,-0.005695655971783024,0.06464403514168525,-0.44943957939802254,0.005331768759151687,-0.2730934731430698,-0.776752495950349,-0.017710922454572474,-0.010705128861337726,0.2763785351577863,0.01997521756729452,0.3312688118262273,0.002125167662926036,0.4755983266384773,0.9149644401132336,0.16591172786926256
0.7861538447115147,0.08589713037048244,-0.10208722958045219,0.4828937937082604,-0.12540240397016886,-0.006128348848234459,-0.15122662586600705,0.489352067798261,0.8475501299608772,-0.17033681173087287,-0.6975167291535022,-0.0027906308624344226,-0.011589107716625652,0.3526895812231193,-0.6126522072319726,0.1731184630213029,-0.5919800467596162,0.24697632829642466,0.15680290935654412,-0.3276882502283947
-0.0649448153805087,-0.07322714769000557,-0.20136409307786843,-0.04344790456569861,-0.35534862075409457,0.1531278328338635,-0.23700864321060425,-0.23184096231911383,-0.13871520380023136,0.07052645563204278,0.8972248160813002,0.5686801838181422,-0.0070946169010832946,0.6597012944953423,0.18263171574117065,-0.039412127752685266,0.04479445646791904,0.2616754719543494,-0.009383065180366438,-0.11214151675993878
0.11648991288185748,0.5566945420602147,-0.15602212875098162,0.36366665747227467,-0.4028021342088685,0.018587809168743995,-0.20750182162396755,0.30502501451978664,0.8891543021098831,-0.1392129055156277,-0.4063153247584615,0.0028255376836793717,0.016781757791373454,0.803510392829926,-0.9110504526052126,0.18664040285284098,-0.047869007321782814,0.3302349877640098,0.17148447777932346,0.20403250936325637
-0.02432604214341802,0.026626210150528056,0.016982532177816038,0.02494738020773213,-0.023568147599206512,0.0274360406087586,-0.004712541417081249,-0.0236366167122891,0.02259083197072008,0.032772204003294815,-0.025631779195240505,-0.012608362293450942,0.006798960711464647,0.0015535256472625745,-0.02166540973850428,0.008047785454212728,0.016807780616983996,0.010136613652519746,-0.009074264631415252,0.03616495000009642
0.015346043203484207,-0.03883938900969742,0.533742265858223,-0.050971256021378,-0.30973519573491987,0.007051055135065064,-0.08296078346892848,-0.09173418910299076,0.005466629958061186,-0.021808144303549028,0.5970631568638086,0.012994438037918088,0.024867288922205626,0.15615807377680263,0.11771352200154604,0.035732332408133644,-0.02449819594807509,0.19467471434495226,0.029554323255600912,-0.12003975365288985
0.0905834713587935,0.5531258052588073,-0.1091889894159694,0.3346299497200625,-0.391333443273633,0.03250869978521606,-0.7387021324402234,0.31842680562799835,0.8604199710964074,-0.12378250413581535,-0.3157561604249069,-0.017878886937991823,-0.011686727220282404,0.7779627242887767,-0.8322970486176547,0.1681150969997141,-0.06496026876927098,1.2934192767946524,0.1492216035906405,1.0884593634287318
-0.01780298115396814,0.010305695316996984,-0.014893716852217088,0.020356474585891703,0.0025157039862432774,0.0009753267568474492,-0.13670567544638682,0.038542413686475714,0.011179744951348616,-0.002366552431368207,-0.014898939442149203,-0.004315068198732815,0.02833944143708814,-0.006255624171116752,0.36290504992050715,0.004380070044000894,0.007181830149979609,0.29564132626357664,-0.011525102668154581,0.009143726991469103
0.015800539299032093,-0.010241958959239482,0.0029430078970254306,-0.010100598621604673,0.0063871961657764745,-0.029507194202753984,0.010362459429757826,0.6538981124486357,-0.0052828130681878815,0.00824659873881277,-0.005167387337402754,0.006312899230966602,-0.012152375715546154,-0.005602418946660969,0.011417327678084833,-0.01174703693559735,0.008113240432384494,-0.005577458335121124,0.008066941203851114,0.004045405824697332
0.04924547323168659,-0.029421386549374966,0.0027560246000326695,0.0017379962432443347,0.010713578281401098,-0.01095223601213641,0.009803486240999472,-0.008921221827760862,-0.001477176580778998,-0.03440655732055657,-0.0067349318732697295,0.010982686758780311,-0.019850503251365628,-0.013072653730049743,0.041337587224810325,0.013789759671723805,-0.02820674506641439,0.022258681862900406,0.017774928684370046,-0.054137270090462195
0.04933933731917541,-0.03437024185924462,0.09145603067933943,0.378183992898322,0.12720517534375392,-0.015112510956129185,0.059654880361899275,-0.13202719493225615,0.017602782479100326,-0.028616924688132563,-0.008557405682846825,-0.007432097841344501,-0.001778745908193097,0.01429767507245565,-0.3712593752039476,0.007852447720494584,-0.013812869924489086,-0.044797234337181024,0.002948538179300861,-0.06767333754232974
-0.046112931145534025,0.19249116859975057,-0.10658738786617447,-0.022628254840979998,-0.3408764622972956,0.07780841724208445,-0.17172963978376435,-0.11793010581655983,-0.0773779260657121,0.01963630083532032,0.5392496312479217,0.3584089958630302,-0.017841468054176517,0.6026102278218601,-0.14492021223495166,-0.02955573272393595,0.2787073558687179,0.16930330649525682,-0.03301005473476972,-0.0322056516881899
0.005603332992768195,-0.014760167998320153,0.00859586025504234,0.012623947787533011,-0.00828839561229969,0.0073290949101664,0.009872083823818005,0.01740857460001034,0.015068360965892378,-0.0012192667738631022,0.009240856515013907,0.0005920400425149298,-0.005029745095385187,0.004189394646624581,0.0022762860740118277,-0.003771289607057525,-0.0004293437806403126,-0.012983432593226561,-0.0259447230797275,0.0028699297385659274
0.40470601980502974,-0.18411610146701057,-0.26527799700017834,-0.15071945896720382,-0.7271751615008709,-0.004017699556420875,-0.27611160472504986,-0.812794118477889,-0.010456407168918384,-0.4866400054818017,0.10492153064853812,0.005766209761144666,0.003988078275964413,0.4502648325459816,0.3424203029912048,0.5589906099927167,-0.20359207925324604,0.9531988106121355,0.5385199677277482,-0.1500658481340905
-0.09159331151619667,0.09028149960492743,0.19735492154271025,0.05149939841400565,0.04406602125736597,0.36423366003629126,-0.41763910752943856,0.14733740482836147,0.0036548855140758852,0.10122173536225472,-0.03267521147817782,-0.016496790387098247,0.014261930047112783,-0.21163423794014935,0.14012588162860354,0.009135009120899703,0.07075109360372044,0.26200893349128035,0.06222125652808542,0.06128298079563492
0.37534889099459257,-0.27574588614762396,-0.018711355986990003,-0.17071434631047144,0.11795882881698137,0.0156675290335547,0.010092035396172885,0.17855349552971833,-0.028108527181758332,0.023408806620253898,-0.19261339931266538,0.006135039242642112,0.0003197417856530369,-0.2810512081857371,0.355158018910476,-0.018175753678774248,-0.31667874795682033,-0.06708246090184905,0.0024699089087328718,-0.2709739306498954
0.4271606081279437,-0.1673366952601862,-0.32146683150009725,-0.1839364266067618,-0.9873145509723062,0.013568638345791329,-0.38566143359556465,-0.9672876542187664,0.006097146495250026,-0.5174613619158814,0.3187191219505706,0.023375730063385412,0.014122558638835488,0.8052828166518267,0.3951612696458496,0.6150542947708908,-0.22337942887992232,1.1701333164635692,0.6036314865349339,-0.14519651256049093
0.05539087483413569,-0.03535134458733021,-0.019696660631323214,-0.011893216002746385,-0.06419996329804628,0.0015258506238522392,-0.011777138059786875,-0.06211005692330001,0.015978755135336496,-0.04034068716717794,0.009890198062768607,-0.004590250009310056,-0.008586675371217795,0.05452976621005384,0.014031236949430825,0.08797078423166999,-0.025519055246138976,0.10882693775694123,0.07846037098326446,-0.013821249187312123
0.005000423223421082,0.020017279712474873,0.39619913296776615,-0.006915498674018042,-0.142531787418861,0.0010549589836980396,0.9400204784752766,-0.02206550748321442,0.00940863164264982,-0.006366477056055059,0.7109707642022332,0.007586187469693611,-0.009985715964635215,0.05730353766115378,0.03290482846804011,0.005149613570503532,0.001059937912953328,0.10497065192539418,0.007738256150857603,-0.1799210614948419
-0.029328376454432686,0.1659292556879061,-0.014037858185330127,0.01616996491987442,-0.04916969338546805,0.021411731393582333,-0.04081542540665549,0.4853393274117933,0.003991255346613499,0.02879451355800884,-0.07457834453437248,0.0075809246920411945,0.02233701585783231,0.12108948433928976,-0.196962519690712,-0.0077181361668860245,0.20899858969553292,0.027634765325838473,-0.0052989186893011245,0.0625518978546228
-0.029925433346837917,0.00030977822818971466,0.0020241781348209614,0.010887664009333694,0.00391281399321071,0.00422158346842663,0.02555490745806808,0.4947962674202332,-0.008955530318694267,0.0161893849961983,0.023770376225467283,0.022029438914301633,0.02753032409906728,0.03414394831593186,0.020238181580933122,-0.014952495068498946,1.3826684077363751e-05,-0.03527894364642915,0.001951033210896313,0.022204006929006904
0.14140529183266654,-0.027161410901332225,-0.08045863290164627,-0.057573328345255984,-0.2099434938707441,-0.0037034399188953697,-0.09639576092393891,-0.21286886027416252,0.00410543421765315,-0.15897237050495705,0.5509555662595831,-0.011661055921029952,0.0012337224502252451,0.1403408848543608,0.08936955531197313,0.1459678890730109,-0.05782678740187135,0.2798094982175425,0.1638489540938435,-0.23434343056107831
-0.03217672262433816,-0.014793732232483685,-0.2261037317283642,-0.01845020937885918,-0.1710173032045919,0.1488276346286026,-0.1720110779919186,-0.08459154982161292,-0.09645681533464805,0.03900088467264003,0.6322838585025228,0.5888587854287551,-0.013919626265633889,0.33127550334807526,0.080336502979108,-0.023565796668219063,0.04596795627885045,0.16365405989013337,-0.004186430003436976,-0.091056770851283
-0.030940692752451975,0.010176869583773753,0.715234187803626,0.014265287237905237,-0.26932465420439583,-0.011953944461825846,-0.06359898941588611,-0.0004055029779131032,-0.008435677915542799,-0.0001517523495157564,0.7563306035269957,0.011453438371236562,-0.007866524162795568,0.0928306709295239,0.06519666751368845,-0.004871006547061478,0.014217870332895333,0.10675731758078685,-0.01155196609926656,-0.13172793049047485
-0.17396259970960218,0.1788324169043113,0.22491499251149613,0.07151337973514038,0.0994377001741985,0.7765235924362207,-0.7667671626765186,0.286225690205299,-0.0010413394044409344,0.22252557173698476,-0.303952361988317,-0.040896537684014266,-0.00592895150566287,-0.4251156387073891,0.2767174976020932,0.008476232947009606,0.210994036923026,0.5289211234289903,0.3588260429326594,0.2086132029848202
-0.025008693171946605,0.03348141961314534,0.013656737673839849,0.030112045699947805,0.028143158805534696,-0.010005545373930117,-0.4043608975267319,-0.0031715876342353552,-0.0076454059894951135,0.020345637903876307,-0.05567718736715245,-0.016798551793076426,0.0056266237529947445,0.018720177772410435,-0.06085055671164598,-0.013599630187752086,0.02719392038089671,0.7768541935244497,0.01218019841594716,0.05292047376025351
-0.010337321336714306,0.4912235916726011,0.029706527602453285,0.006499836422673613,-0.26878113939970816,0.007204413152244142,0.3085640482480645,0.21484401958962496,-0.003966131069697828,0.008842492594665909,0.14402440321376622,-0.012317987565214038,0.0141579606856366,0.4165601741312374,-0.16356806184498526,-0.0021197793310608337,0.012177476343504818,0.14258823061039427,0.013551504374102987,0.04658816912846844
-0.01776968785473999,0.031178724113266734,-0.017560228600705437,0.0023254060554431712,0.03961985766349342,0.005906776052701211,0.2611860513827525,0.05756516445316925,-0.018341642671821496,0.029656430253393054,0.04192541514015935,0.02409288115485249,0.006151440722901955,-0.0006633948027809119,0.2254780171767971,-0.040813443478756616,0.010906317098335531,0.23035153446600198,-0.023840941779164578,-0.014705657674822127
-0.8042049336790599,0.489937013902044,0.19810444792362647,0.3370352441433366,0.992915881638938,0.29034112798970246,0.21715671271720188,0.7469528870458485,-0.003620400126026979,0.42341595159130274,-0.6395840518205566,-0.02357787763576301,0.5154640175009716,-0.25661780065400797,-0.6718159444845216,-0.37009270383757376,0.6256649123600896,-0.9592303149598302,-0.09129134504354405,0.5479000945543332
-0.13659525660177232,-0.06970128713948104,-0.32595913020409395,-0.03474258225057235,-0.06629160463166126,0.2472675357356992,-0.2979814645331636,-0.0632266297995578,-0.2047094133497993,0.12423482302610267,0.818223480189181,0.9923192174304858,0.007125266637651849,0.22135695116346554,0.14822213674580606,-0.030661532125752206,0.10194275953240987,0.1669915360183362,-0.01590309289016182,-0.1612329481179316
0.023890932876339456,0.0010592725593837893,-0.020924620032596944,0.0022357061616118533,-0.030994356767641347,0.00016319041730853117,-0.02473094941534055,0.014096134429267434,0.029193735817484277,-0.02953714173104895,-0.054073038901192014,-0.022163360111967317,0.0014311257196779198,0.014220413024496222,0.5468988845491692,0.021390318598142912,0.005529900160768574,0.043195138562873034,0.02717502216690843,0.0016883465569835741
-0.0022370467166199816,0.016852650059930627,0.6397780813660661,0.013455334558400513,-0.2188712383326154,-0.02285638214224662,-0.053645794117566606,0.001054725679250577,0.024138684170255345,0.011062308969465707,0.6154291789959905,-0.018536391937373206,-0.009918266691727694,0.07015193424047196,0.023740942997062964,-0.009739786006294214,-0.0026473868819375905,0.10587372760766826,-0.020237945463214724,-0.14839287006670274
0.006336548401591089,0.08201764367559913,-0.39593710992525555,-0.01346266035195184,0.10070803342830648,0.03271529910230257,0.17854319291215912,-0.018748627589038662,-0.008209228577448375,-0.0018234411551610354,-0.5858626350274356,0.0072539945802202275,0.019162854062281243,0.02131345036012853,-0.110005163710081,0.023433371292032497,0.08915701457233746,-0.0383828984102272,0.48693488831477677,0.1430773856505175
0.007117762947628144,-0.018814117967917092,0.016696131549003432,0.03729398410503616,0.01906542886462472,0.01958653163517149,-0.026104801562664967,-0.025544537214815873,-0.035523107760206354,0.01611208401026599,-0.0008738796782423001,0.0053161175155576465,0.002784086290631827,-0.019188523280395046,0.854062228978557,0.005350830232476527,-0.001977456226727804,0.02562422451557442,-0.01373362534610952,0.0023179276873060385
0.7745039719793312,-0.14537594259263625,-0.08072495314670065,-0.2827247312513469,-0.021190466916837486,0.03140731997379341,-0.009647631344136182,0.4878879991466304,0.000844082789621464,0.017754021562221035,-0.2825420633369382,0.0034801123091779806,0.016425741033064156,-0.11961683674237994,0.5418963547684889,-0.024845275685863692,-0.63169651850128,0.03104145310289544,0.014069561154118027,-0.5353587977113264
-0.004040495384679809,-0.025513575181715667,0.009822153278882539,0.002039635418854831,0.013404651405771751,0.0018495331499396818,-0.010811332551986361,0.015939219730864086,-0.012335553413309646,0.034259025866653935,0.01634320967572079,0.015048565999215335,-0.022098281841638492,-0.008081953010947766,-0.00443207556957663,-0.015156950646224516,-0.016716649294492254,-0.014435473163711566,-0.009205733572959396,0.002227076748554038
0.024227056367927734,0.1708225316308226,-0.020010858665959634,0.015880447817259544,-0.09524571635317194,-0.02668579754035256,-0.0100567053916788,-0.040580535486609524,0.013962695011547323,-0.050149488624319484,0.47286698197462945,-0.015506071125872222,-0.012058470536655538,0.17361249841746068,-0.24542799164584947,0.024553005332700127,0.20456634807967633,0.05045614612667728,0.015263651434146845,-0.13912005303028804
0.1420971587833288,0.5197317257266812,0.04796100739674277,1.2939111494539899,0.011495842697992002,-0.0028237169915421353,-0.11754720402306017,0.06125748510093621,0.8532703800765055,-0.14548620872848522,-0.4324239938312357,-0.009169678429853407,-0.015464964226981133,0.7753184314509528,-1.6808134036289564,0.20153274881700958,-0.06732088576358843,0.18240411905105197,0.17239087752548587,-0.0006983910481846729
-0.004418411826545948,0.10877351954365858,0.02600207995097458,0.014171919217096374,-0.09969653289500652,0.009054467545059394,-0.05381800081063974,-0.019681071501127426,-0.031884151108431465,-0.01345967832338768,0.0020415865552177574,0.015168329184670586,0.0023620277495138833,0.12863637044473583,-0.14420286599721643,0.004186025366170423,0.13371666591414075,0.06519011473822807,0.01956277116417334,0.024154113466476706
-0.7072626229049471,0.41786935313530466,-0.07423582404732225,0.28638564921783294,0.7993531719234428,0.0027968371494084595,0.1967242843272191,0.8837700119411616,-0.020924609979888223,0.8461788978655836,-0.29587146020287525,0.01826400045451675,-0.02913814493681084,0.013166341788710179,0.062107157203962295,0.010012439998880233,0.503197560855104,-0.6533171253031131,-0.3403322460841584,0.38611425556264223
0.005608719984427073,-0.025591484439034425,-0.0011216774992283511,-0.026242145370052095,-0.004791851231893673,-0.0014663836500809946,0.015446921564109085,-0.04842713836315669,0.005211679389099355,-0.006957056377097608,-0.012913308434444382,0.008812831567720857,-0.007189428695771074,-0.026340141076291526,0.05561922820683642,0.004538599690859886,-0.0109839285788897,0.0033446378463385194,-0.0012657259146492328,0.012730485762357222
0.487379374649059,-0.2566513963015052,-0.3487237541405591,-0.1877340108061186,-0.8868727261803091,-0.007120319475353527,-0.3621229677765867,-1.0136460417430702,0.020764232131492755,-0.6205905904125022,0.09514785996468572,0.005086378937100347,-0.013420913543695697,0.5306486426904721,0.4059429471824755,0.7149058802613183,-0.28396761735143283,1.2216191241290453,0.7206636024238293,-0.13731113029673056
0.0003657211096955385,-0.017208353728425742,-0.01191278872274846,-0.009536757078425578,0.046233309127240774,0.01893584977526628,0.7228131065625425,0.028333844157875442,0.0073214082496787574,-0.008991240624103433,-0.05097901045503217,-0.009056643404186404,0.01283569311333903,-0.02611476737462162,0.13077177250856853,-0.0034817711739758028,-0.02816068254324098,0.006577762112745231,0.03339338107116184,-0.018312658544506852
0.6507624024247025,-0.32750758879692915,-0.43786282858518527,-0.25800432817161384,-1.20902431357776,-0.0207583869069827,-0.4553828996367045,-1.3210250414485054,0.004831117209393349,-0.7852997193511073,0.1478756316509083,0.013247621897282432,0.00915054103016602,0.7393457764583014,0.5280303599204547,0.9305120711183505,-0.3414433192579407,1.5711352528390625,0.9147798288945226,-0.18089601954601103
0.05074598132288678,-0.026217907249788584,-0.047799472185096475,-0.04171215706009117,0.6380779283278012,-0.008180802702931759,0.16105000912830283,0.41081714475846026,-0.0019586418193872396,-0.04662377721278531,-0.37757180194203116,0.02053432937069837,-0.025685297911339708,0.0020007976561246792,-0.10392493516495625,0.034105435838591346,-0.04900131463364891,-0.3219522591214229,0.025276369923130017,-0.14328750528292442
-0.013800519333246932,0.03981355713279819,-0.03316119734476857,0.00724238787767827,-0.09069115869345258,0.042970729933916735,0.8875860810337676,-0.15865839740713614,0.00015820942487527155,-0.06738441400035333,-0.027527264520451795,-0.018296114369644473,0.0638917862946776,0.07873992216014618,0.792092696968036,0.1112137956691137,0.022356214833808674,0.13343358339897954,0.14350428168643642,0.4668515571679977
-0.016599285381163058,0.7365256582094916,0.019320670643332295,0.16108438979011175,-0.30145797571760796,0.005721553392230402,-0.26310348417355767,-0.07168619042791516,-0.023636884643787024,-0.017209896054909045,-0.1544802474494145,-0.013352979739851497,0.023711122384188956,0.6417383874645676,-0.9799222913768381,-0.0016815865839124753,0.8452154515433331,0.4750683595027422,0.0018058534287067824,0.16599294265176498
0.393148074498173,-0.17903148895435678,-0.26260483933463935,-0.1609622982296467,-0.6924037812174004,-0.005093868133727065,-0.28125358876289264,-0.7767726339070578,0.0220192489270559,-0.4658728845117958,0.30255704521135757,-0.0116523975073415,-0.02769410585234746,0.42945365281909403,0.3302890376350508,0.5311654196990588,-0.2109556843929106,0.9318125338157027,0.5251541545797934,-0.17223530123294342
0.01198402541301737,-0.008641676092125745,-0.003936596709607998,-0.02304774832945035,-0.01260070658343822,-0.0011964010725841173,0.014499877434321065,0.09945300189974712,-0.005638999212830845,-0.02921063296015252,0.02198697596272691,0.0014202914391441533,-0.020011085999780052,0.004127605719632156,0.03129579671315233,-0.006440938101518466,-0.030001073643082014,-0.011880694161273986,-0.003807383332326294,-0.043965138419853736
0.09621329113849958,0.26734331349676665,-0.09032389661564406,0.18414236603595782,-0.2318884848964846,-0.001649340195578501,-0.14124670032550443,0.1527135130218643,0.45130264155077726,-0.1166304681569637,-0.21309641433473217,0.009942338352371951,-0.014231575247258946,0.41388137801842023,-0.39868620138546484,0.11106258776601416,-0.061632311551167496,0.24334073599473327,0.13251691393559667,0.05866157525270017
0.03936613336596049,0.6341705422787571,-0.0018654822445520278,-0.01808975572378653,-0.3788313476290816,-0.010695054787063119,-0.10908655835560678,-0.07939698868909552,-0.018705341253583977,-0.04870345017592081,-0.0822592168121957,-0.021117453786855315,-0.021385079882988225,0.5661607787762983,-0.6638382595261917,0.00895108398926931,0.6666219639560212,0.22732592824094566,0.02912143291358709,0.1443504845426594
0.004812920903352137,-0.00014375708013161705,0.6315281798461129,-0.012385230233680662,-0.24401696911036694,0.008749593776616719,-0.4514609232710347,-0.01986642487827801,0.00266572787681575,-0.02537874889623476,0.6603848268791035,0.014180211131160733,-0.005137386064543938,0.05688101816731597,0.06592988413460531,0.005451782341006894,-0.010035823709462674,0.8699216034332498,0.03897479180758876,-0.15110382044436005
0.0066407609865009425,-0.0011786714579134251,0.017464680091048006,0.006167168437459865,0.01163401794826225,0.008555306695512079,-0.014457474313126937,0.03252424916878999,0.024923033068313817,0.0004037212065643031,-0.027802095960942422,0.0014841582475874776,-0.004823454595566165,-0.009552053440718413,-0.020092877901382946,-0.008420562401845463,-0.003940808079666933,0.012111396932797785,-0.0334347303543687,0.014897720011092887
-0.35723015117229395,0.30655691245303307,-0.523702069027818,0.15931137247109292,0.6499132247131543,0.13726601752182074,0.4321134044859946,0.36651826539786964,-0.013390676168585552,0.21556704930549983,-1.2479013834481953,0.015910078364370486,0.27171373666332066,-0.08791626152058378,-0.478394188206109,-0.21447094380740653,0.4100934581944662,-0.5741217453208111,0.6669279010298734,0.501803846909916
-0.18058898743576615,0.8070423447862434,-0.17202319339773844,0.5236632734628776,-0.4321108568888604,0.017102611917341914,-0.26408231597409354,0.269322837332131,0.9860159989445157,0.21389869539684805,-0.30557097527960636,0.014572957590247872,-0.030673033103950764,0.9369097769552115,-1.1001393305520557,0.2083130462801673,0.14651996511110307,0.31417722671125314,0.0075702103691695204,0.3619674693593139
0.9913687008248627,-0.6423906451093135,-0.4045216401662264,-0.42248227156980594,-0.19029681579119553,0.22191691464278102,-0.22284323756123353,-0.35428459606655677,0.00023807638522748572,-0.48322324560176577,-0.8368670183835625,-0.01893773508086489,0.41676991950478576,-0.10271578411420973,0.9194932309384223,0.6345308033181452,-0.6592993203827201,0.6973161308485206,0.8411142703034611,-0.5047030083978503
0.01662654669432252,0.046261164884659235,-0.03750300989121519,0.012932149400092283,0.3791220187737145,-0.01595190452670106,0.1367467965495758,0.27378595173570786,0.06255352323547396,-0.009342987917150358,-0.29619857872179695,0.006473677808504477,-0.01709368447746993,0.05475922080820442,-0.18321504512334616,0.01335351311588992,0.004756851158593119,-0.21488108511389484,0.04001406917573098,-0.05444207269567393
-0.03141245401144,0.7099324867389302,0.014991756693567646,-0.013790531883748704,-0.3860534587439513,-0.007182599411904101,-0.1208021631777249,0.3149849712226028,-0.0026665647152332673,0.020907676396566644,0.4971426023951847,0.011874314643846983,0.008744181160639361,0.6088192324372027,-0.255616396959775,0.005028209545012029,0.03273871255105826,0.19442269048241,-0.03906845975342241,0.05560589962810317
0.025282805248053465,0.12306480048800239,0.00025056887780658486,-0.025251791254011523,-0.5858542275938008,0.008566794258776694,-0.15283663118618823,-0.30372933870707886,0.0035741180584746932,-0.011927640801801243,0.6287885611961163,0.010664999946845147,0.005399154443507696,0.9418810536348192,0.003796988425689249,-0.0057370483127958056,0.10842023093767386,0.30059066901188897,0.0003432795264554484,-0.011038061772147936
-0.07164256879044578,0.0701495135525793,-0.00813499149531116,0.0050879306416485815,0.03129266303792502,-0.010268353670690782,0.0017626507937433767,0.045110665392417246,0.008935583141831705,0.026425538456373382,-0.04812156299323116,-0.0008096076479313305,0.003598473397294466,0.019457158633129627,-0.06886046664667635,-0.039516850955644486,0.04978506722729231,-0.04861215521814912,-0.006152901024349558,0.06271505329856429
0.01006062171250452,-0.012369449303555451,0.001962529446988326,-0.017733725839703573,0.010167427631983734,0.0004400685153094962,0.006309184480074163,0.01811527644457481,0.008160024364541189,0.013218836126457465,-0.01884249735357907,-0.025513816800433513,0.014259106168422832,-0.02788020067664641,0.1927420080376156,-0.013993931069390803,-0.01387989185664189,0.005385914428745853,-0.009337570124608004,0.01966438461262597
0.04160012988379913,0.3953625739861605,-0.10196870660805239,0.2515473220813099,-0.25690872426156247,0.009087610797669054,-0.14822706796293703,0.22557251396626327,0.6224906202717431,-0.0914175756908973,-0.26042748379507097,0.01745118855360978,0.00987164536216022,0.5399430388443751,-0.6158349665802654,0.11567444152317435,-0.05071618597782255,0.24156282900001882,0.12765660279552415,0.13716172762013304
-0.20909199996437247,0.13743850331035198,0.44356503233064226,0.07826167327759156,1.1132325125925635,0.7820958156379517,-0.603587726008781,0.9523595985908381,-0.036467792245754964,0.26089419689143695,-0.5819178173646664,-0.014367651474482837,-0.004793377882833396,-0.5028132106809865,0.11763652151613903,-0.00875349255622208,0.16104757810107131,-0.02096823798991105,0.06165157610841072,-0.004392084051339697
0.0461286644476371,0.5781254230953211,0.003031230014239096,0.002358245551678722,-0.35145330090569626,-0.024964062049008067,-0.10239693492778429,-0.056632235348500745,0.01622757246034702,-0.023378649501775674,-0.06675460032031799,0.0016568435639620072,-0.0001690861496551968,0.532971747826422,-0.6405476001084366,-0.0006996482264456424,0.6577396350090889,0.174442483124648,-0.0034660404462645567,0.09405378835836156
0.033868125227629164,0.004965512885676532,-0.012352856620397338,-0.004580478893048341,-0.028853723458183572,0.0014521405821140516,-0.021678428915088296,-0.030029155652731364,0.022148025024091123,-0.024103079394100262,0.7406189616151637,0.008952360082295052,-0.011806538419623027,0.03248960526115502,0.0013788567352222923,0.04610978908833297,0.009325824558351271,0.05220740757227275,0.007188122648903032,-0.2665213522031529
0.03098489547858784,-0.004779865909881941,0.01629656275114755,0.016994168914896676,-0.02498219800253349,0.002444810796357791,-0.008500223248652926,-0.03543710184906132,0.005887236341103757,-0.009693188237722883,-0.022366238915889583,-0.005962776344519119,-0.004541357699521785,-0.0016993357442817202,0.026953045720782207,0.016109692958643233,-0.024409234469261798,0.0319726768070048,0.01942824226423391,-0.02236128862513696
-1.1353245468966875,0.8093803542714287,-0.4264791294432,0.44981405563511406,1.6206677451322575,0.3840225270564764,0.7190013192511532,1.1184932462790578,-0.010571690527964209,0.6214051981677908,-1.9546484519241165,0.00402757450636562,0.7832685074016829,-0.32182050868484197,-1.1665140254932083,-0.5751845664233701,1.0587618288688891,-1.586258238457496,0.6617775343012957,1.0271132428638128
0.005552930022561492,0.5827533690899861,-0.011391216616908253,0.022070748595831604,-0.3030370160654133,-0.012670073151167104,-0.46689259225416857,1.1824927537927505,0.0024639654938565033,0.00884181738800684,0.15100094685981946,-0.020194709249351045,-0.0020634834606067937,0.5168496629531791,-0.24297017484734915,-0.009646190638781844,-0.008604637728728616,0.8805830345799884,0.010015665793859293,0.06824882830398474
-0.3906599150609787,0.20531676231729848,0.29776524716826686,0.11235903801943962,0.19921936676332097,0.9112226462177,-0.19209005876087254,0.45428675252893014,-0.08733154250563681,0.3823146094388853,0.34825876218192764,0.4709791504903603,0.08326456693909993,-0.3990753010270186,0.29319188931952034,-0.08633360891404035,0.30571138103337303,0.3964949922355378,0.017428707755426334,0.15563962209184776
-0.001601223277356842,0.07979512648316749,-0.3222789291643885,-0.013609061868485142,0.05340015500364967,-0.014206069122424789,0.15926584679324154,0.6880335374393687,0.0026802337600752507,-0.02189619597271812,-0.48463940295468605,-0.008361488370708783,-0.027816142605693615,0.03621214303119922,-0.09067128216934364,-0.031258196320558936,0.0626378949471902,-0.0048233204442036225,0.3845844149384185,0.13319730226739965
-0.0008158551396945032,0.07427144262696189,-0.021186480116614646,-0.01726387087610351,-0.01290354346759828,-0.010488969388162503,-0.018339463468237175,-0.014559823090099103,-0.0063877384195032815,0.04264314231783643,-0.019804840937960026,0.0019823363208121797,-0.014239670242599433,0.0514628165911554,-0.08890082701403444,-0.011265946782899558,0.07039246356211648,-0.013746752072545696,-0.003027434375181871,0.006887908158306438
0.017560223088686083,-0.0010754485819342366,0.005686378455759762,0.031136491952094437,0.8132210271035542,-0.0069826781634741535,0.20528787883206004,0.513431998978989,0.018773878242117754,-0.010711708621157383,-0.49052782633466596,0.008480618984438556,-0.007494213823441068,0.03426004312803717,-0.2366830896434487,0.006124508167412063,0.02478093796006572,-0.4102497169114531,-0.007598945495902797,-0.13452605480722768
-0.7789145483532085,0.4497805959807468,0.1717025274064426,0.3039444049363856,1.0101959565817538,0.26838962012342554,0.28695010099731677,0.771312945060525,0.007099055929602126,0.405784978854681,-0.6762221392653519,-0.004609718593189419,0.5476426284852114,-0.2884822277575069,-0.6540402930553336,-0.3716695928265867,0.6047722219914861,-1.0428292863337991,-0.07609546735467983,0.5032217234434053
-0.4253133517536576,0.21408739872570853,-0.02362432204326748,0.15931682241832873,0.09667587478376258,-0.0005306546728662263,0.029521804710534783,-0.07494794098021179,-0.009000978803083006,0.5029603788076744,0.07917468679530132,-0.006373174814984122,-0.0012529182396979898,0.026345220494224712,-0.2277087956160064,-0.0022200785529835204,0.2897613339940293,-0.21617405430971975,-0.2072003499727375,0.2888116426567929
0.6599107747324069,-0.3473990755767649,0.2690000575576212,-0.25524335156306066,-1.519885252074373,-0.020123133600138357,-0.5639092717213279,-1.4091728790597489,-0.009088855506862035,-0.8015838767874385,0.8672340736542679,-0.011373333828679038,0.007806764523766977,0.811864056956932,0.6401892665925866,0.9622592223514396,-0.3828295086422506,1.7961391263266917,0.9529389367248787,-0.3277949152774364
0.0431892978601567,-0.004543617795045765,-0.0025541499301241985,-0.030179964758417,-0.05383778698565493,-0.004295271576441794,0.8199235874476632,-0.014962352762642534,0.01022965307185603,-0.016695492697137958,0.10442300162705354,0.0035310550899783034,-0.003492110458035996,0.056236186411621605,0.03739820216195548,0.003455760975396245,-0.005663323709215729,0.06676333974730109,0.02658210194910752,-0.03298830898964611
0.020708434171585133,-0.0039037949333857857,0.017640162370220595,-0.003120232296269459,-0.011990673598140092,0.007168326300403047,-0.0623536425501942,0.011644889862474112,-0.0058352679378520945,0.000813893962320341,0.05016743013968747,0.008792925698225573,-0.008374406394031274,0.02413033778969865,0.025528231757822813,-0.006953622404000791,-0.030249278813319132,0.013569141458104493,-0.03982844664589903,-0.0323920218858432
-0.5091162360627087,0.43362442925679906,-0.8930772895555017,0.1650734861458584,0.2333393232239205,0.10590409379083371,1.0859658009251696,-0.12659633330384992,-0.07478846855280163,0.6134872672352353,-0.758730591526225,0.3738852141557447,0.007421774896058236,0.2003861651833194,-0.46248889489733835,-0.01193305518302235,0.5382398432686283,-0.20923316696438915,0.6493686050950622,1.2232357579012045
0.43202887174430304,-0.24901625934602728,-0.41790642314013304,-0.181462339823652,0.1935630828675674,-0.032301824148906234,0.20591668131288243,0.3467990157872341,-0.007832676194866916,-0.009574259758653288,-0.7894868732254603,-0.020779189259084348,-0.003054096155427286,-0.27151798760445534,1.0876849880817894,0.007021154553088948,-0.27371078596523973,-0.11465014155256843,0.4095972050911984,-0.17271145944554211
-0.21826470323555422,0.15379328559181796,-0.01726484159521419,0.06656859379647828,0.6250721821627299,-0.02438733806999188,0.2095857769735075,0.36090633316225074,0.009359092681764505,0.28609879538349187,-0.359032287018842,0.014418663592702458,-0.017299846733511814,0.050526065936683844,-0.0165766098469301,0.012947262753287813,0.15761764107495754,-0.41421613884385927,-0.09864696221625179,0.08118685666469758
0.011773730303920966,-0.009644513649008719,-0.0019833643884611474,-0.008306118211888215,-0.02020637239944866,0.01209800434077488,-0.02282702973492457,-0.0343258227867683,-0.0015936192928481946,-0.018526628674677765,0.01034326856177109,0.007526281246174025,-0.012445990584396988,0.015392729711213492,0.025396612599788128,0.004480362232948713,0.005142789016779822,0.04963305210842247,-0.01084288518955809,-0.022542608399124427
-1.3267012077705298,1.1190870563464366,0.24368148127721623,0.8282783087616635,1.467903055442695,0.45785084704009255,0.3120411177972337,1.4309475416310249,0.4725519443441413,0.6704334967893706,-1.168514881788796,-0.005705557933257808,0.9369241299816835,0.16738003380493643,-1.6847561329811398,-0.6028937292046331,1.031692052605009,-1.5438554915364924,-0.07612779585765374,1.00716572318892
-0.002621089869130578,-0.013744037502762894,-0.02673076191086729,0.0012906390903019045,0.007523962981326971,0.013983998643477423,-0.0040717406605384684,-0.01696186309517682,0.02332134807748561,-0.026031678397167413,-0.023207956149225016,0.015450549731646607,0.004670458548986538,-0.008668022629202013,-0.0031197655224358776,0.016835149935826854,0.004669061325960781,-0.005891803108676458,0.00589308656962223,0.021975796449721703
-0.01036434979471911,0.012991208595155892,-0.0026466316987158386,-0.00963353612170534,-0.05251403410128977,-0.008410003374760385,0.0949073794556389,0.003626791262680319,-0.008903217327193309,-0.004092492308675042,0.0254393879000216,-0.017780260809209546,0.0008100546229308659,0.04060784903578395,0.0031392654697365158,0.006940203920425218,-0.006137302736309443,0.028643159986857313,0.0047443211533501435,0.027410478571104634
0.003446840279342992,0.026506518263562,-0.014933535879413394,0.011571027844347907,0.1501393095951174,-0.018672896521274844,0.0154872922835345,0.13234174712293117,0.018904207117670675,0.0012651036958279485,0.35149908192553136,-0.031826448089236334,0.00028398601254502054,1.002946868463234,-0.08065678531927398,0.00041166364655647464,0.012102304146709288,-0.095695277968023,0.007028952156176214,-0.15646293434176137
0.10977592503351137,0.549079889146004,-0.1512154037753703,0.3555903067250603,-0.8650932083091059,-0.005516043937503707,0.47813669426436695,-0.001031990328739884,0.8426762993918342,-0.16049461509477583,0.23899200524017683,0.0005747481456597568,0.007869477324213246,1.5248492327914764,-0.6989889485259273,0.17841326103944563,-0.06096108158280371,0.6174572627556253,0.1692834736897586,0.12208522791760096
-0.04342755037553865,0.01141055565374173,0.009364947506904626,0.013723021373974412,0.045033838847108765,0.006714716433370439,0.011021709627784815,0.031252709898373386,-0.005029880376780926,0.021941612114022683,-0.03309525496484039,0.02714953654368764,0.010405027517199756,-0.007850180325062663,-0.040489316235943415,-0.013999923074350391,0.026526775749162405,-0.05538941861046587,-0.0026661347615219155,0.019150404543142745
0.7130418733470997,-0.5172133538271337,-0.053798016540079416,-0.321650356215194,0.16931336149792642,-0.00714729940962657,0.04996901877101957,0.2997675590743924,-0.006696547680476837,0.012002441865073807,-0.3887933339480741,-0.016691201205920766,0.010596063433176806,-0.47638368518666385,0.655360003565473,-0.017973307687633413,-0.5519929006659116,-0.07799819204142824,0.01838068795943832,-0.5339188824339806
0.5693467289914665,-0.28243729831659353,-0.3798281771215297,-0.20827689910701105,-1.0759658147634845,-0.022861815259034253,-0.40580999880231217,-0.980182188132888,0.012505749145895976,-0.7055088070057055,0.14036566537070985,0.009232703102266671,0.004880585687715493,0.65919301296776,1.381577823565412,0.8254897596385794,-0.3457136870753131,1.3776426068747487,0.7977195890479643,-0.163116204814441
0.10997817991250351,0.7354899528012623,-0.3716272984886636,0.35203637147299344,-0.5923780345303991,0.11252484153166817,-0.4247191869654692,0.3549233553335136,0.9029684110500644,-0.13585185222183352,-0.047843831738958426,0.51818731508483,-0.01576683058264428,1.1596861050617173,-1.057350991288054,0.1631140525848898,0.12262814138060155,0.5703209752050505,0.18950799828240333,0.08339968801894594
-0.04259287327998214,0.15658446707833068,-0.8155710303219557,0.03960168790243038,0.0266194932970659,0.01520950163120355,0.3660302995110985,-0.11625021719887359,0.005209489019978928,0.04563885796567135,-0.6789576512232132,0.03611106063386665,-0.0021740060135045144,0.38078402048958554,-0.22351252674800862,-0.0022116000691771946,0.1886476394910617,-0.03606590011544647,0.9610402952574537,0.23033636180160655
-0.19311412898719596,0.3026273306790985,-0.3921027289241134,0.05928251270629704,0.2874523790383735,0.8024016140374255,-0.5073700884379817,0.318999835416519,0.0015284148462133855,0.2285362705573678,-1.2579824698953508,-0.0030028033378218747,0.017372464761407632,-0.43093103028442087,0.1568171021261419,0.010866640651351206,0.3046465862689933,0.45269063126216286,1.0502441365374284,0.4586833399715716
-0.742255621650401,0.4883528070837747,-0.08692778983311018,0.2989697634596271,0.1379633599364275,-0.012710979335452649,0.04768633681754565,-0.14144949486585742,0.016072825182532807,0.9158250528108989,0.08733535357768973,-0.0034116468795153563,0.009524133815025499,0.06814988934629775,0.499333316075264,-0.004096826129448371,0.5441153232578425,-0.3475533526978694,-0.35597691206492443,0.5673075415839571
0.20544601521183883,-0.14403843165710653,0.0035059570250471775,-0.10062535976380797,0.05628620183134542,-0.006630962774140869,0.021371772862728164,0.12348093892946055,-0.009238519273463426,-0.007733122556813078,-0.04880477303050003,0.021859431683485413,-0.00908542652022491,-0.15860724388417885,0.21220143249935514,-0.011614351955520028,-0.16329999508386378,-0.049638445306807576,-0.04347150029156005,-0.17021717816090176
0.030590312465670136,-0.011830124678568667,-0.028798011632065815,-0.002912015615621658,-0.01997572923556073,-0.013973769308579423,-0.007440337451212201,0.0009699532680325479,-0.006607439366737694,-0.03344826129835687,-0.01158928106791089,0.005425916594031414,0.0014651676392119558,0.024255543190116042,0.029067507680453606,0.009510857942266526,-0.01669823614677591,0.019839355934776447,0.03637891011466984,-0.013193431581448825
0.08272494351918247,0.3316044515379681,-0.0995538115255057,0.22509626898942237,-0.2756871908761269,-0.01976750331533286,-0.019321422532089468,0.1468813191161339,0.5547294951370403,-0.10818204729243598,-0.2019892011332132,-0.006049726759345981,0.0005882128983269175,0.5195192434370998,-0.5162120377120025,0.08927277690982703,-0.063521945076922,0.28285765037550736,0.10402139308273865,0.11763430660960772
-0.05612542476284252,0.028111058083178035,0.006919437926726554,3.596048266644655e-05,0.002079878502119381,0.023788172933511403,-0.050938421970451404,0.01988093879991465,0.019748455929268677,-0.006802031939777929,0.002679219748389026,-0.019176595186726906,0.017091503017800776,-0.014558715110929439,-0.03579068156015294,-0.002409679151966009,0.029893263621769216,-0.0020598264112557914,0.02166985357298283,0.05567383109347778
0.6503669552624877,-0.021185598075660006,-0.18243518733553488,0.045904425641366556,-0.01611640482760115,0.028988641571921603,-0.10034744215498606,0.5693967444898025,0.6551094098086206,0.2746001104172394,-0.6750664833515125,-0.005022805180455391,0.011692463679255772,0.026859386875354867,-0.0394858624151625,0.13730207544213396,-0.5424973969563619,0.007536847041081495,-0.0336812132805768,-0.33484747524905234
-0.7570635508046464,0.48689457827472943,0.43270263982913415,0.3147973447474242,-0.09527795120538057,-0.011458155837151849,-0.024003120334321656,-0.14714594825407348,-0.0001853241640876425,0.9131457306948665,0.6544470495181265,0.00014056244019602427,0.004597815452519866,0.13661188800928223,0.33242327709465747,-0.011037010432159135,0.5530891885045522,-0.22344960899742672,-0.35440292498640685,0.4663405962492454
-0.020984827368835234,0.01408411356624136,-0.008845991655636494,0.021866280159643856,0.04766367323327599,0.009619282018064466,0.019462114499867823,0.04685388456503515,0.011319517690449917,-0.009040006319835842,-0.06440468181061985,0.007755533363347516,0.009876695693027033,-0.009088942571245807,-0.010195881949645963,-0.011880998050540085,0.0071900345440427576,-0.025543005603900215,0.004565818759303319,0.024711096860774835
-0.2694892028724401,0.292199159262068,0.020359234429927757,0.12726536350220763,0.27520793124979426,0.8990066046523103,-0.7059793356935913,0.41082531940369316,0.0073951916747884055,0.317499123216855,-0.8198022676499688,-0.021369648493592304,0.022782955955148888,-0.492108275760767,0.17998620010059757,-0.005222134985926176,0.32596657560524045,0.49656103188099454,0.7032902591926308,0.3914793322143444
-0.06351651819032167,-0.04520322465134297,-0.2643224951628258,-0.06813163969500076,-0.034741576421897784,0.1935749734523196,-0.21976904789070187,-0.048127802342942436,-0.15376089525925996,0.09075636350272842,0.605488355866596,0.7610677822156889,-0.012772129200741828,0.17449980216180477,0.13077285972807398,-0.04312304924590645,0.08105127392154003,0.12625451981336666,-0.0004624554790236546,0.10641812659646459
0.008223328524096248,0.008858528295346333,0.027229934273950235,-0.014054298099584677,-0.008002888309942332,0.008816792288093376,0.010347910730256892,0.02647524290451073,-0.02069038366249631,0.021372730156120026,0.02220419628037683,-0.0046721329907052096,-0.021730710434251357,-0.0032817663692190843,-0.012064203106390255,-0.01686630000797993,-0.0221091619616185,-0.006431437967509709,-0.03628043704235901,0.5977127842725368
-1.0506103288799127,0.6004013158041426,0.21478474165676434,0.4307380678716976,1.5466153379357184,0.342434920879254,0.41546837451251845,1.130870545521854,0.016273617004261897,0.5690262839989779,-0.9861159576029824,-0.0056993167684784496,0.7054118636731483,-0.3744788374937196,-0.9500490363636384,-0.5278935576263262,0.8393121071090864,-1.4881427702334316,-0.1757706569040865,0.6979449710424346
0.5860892292238172,-0.06337640651299883,-0.11985537718742274,-0.004457619417332882,-0.05165931503480799,0.001019675552809702,-0.09539139032411066,0.4393687181682941,0.48064900063537647,-0.04850868032843442,-0.4989559861869936,0.022706307366037674,0.036094827718263264,0.06078958298865156,-0.021198171979133228,0.08047935601783765,-0.4707998601156353,0.10117026820687282,0.07773638393032556,-0.3206457854769156
-0.6630124204876682,0.4297541894334082,-0.04141388972598343,0.2572063297047212,0.11133345515018384,-0.0008505519848884284,0.035403086267196765,-0.11797567485711415,-0.0017806390953945888,0.7860444040177451,0.10070552722476248,-0.022994489025395998,-0.006801297168402236,0.0491432807924771,0.3831661724839862,-0.010752595001523998,0.48667498631276845,-0.3024255227847526,-0.2875563277637282,0.4919828467473783
3.479478840226827e-05,0.00972428056496063,-0.011922078984641404,-0.011430117841763867,0.04448696626510303,0.014704602232671997,-0.0033629322453107846,0.05410517846360126,0.0037207847308524814,0.02624020333870111,-0.05480960384019228,0.02784099026862827,0.003989068867347433,-0.025373461321378826,0.000220876356385789,-0.027645948383288585,0.0024319471332167435,-0.009672457491381008,0.0069793414277007585,0.00730966592402257
-0.008129415160544912,-0.018745708641065586,-0.058025272222077394,-0.01190418092931736,-0.13199261630992148,0.04961322531047925,-0.06511921379063079,0.4852031265034078,-0.050241934814225245,0.03187107437913555,0.3453531025341254,0.22382101172566876,0.005445710473119682,0.238518598587455,0.05978422282216856,-0.024051632290401366,0.03217648022495885,0.09327659749581613,0.0007997662776174116,-0.05047766979873765
-0.18171707333939183,0.12576765817673452,0.45020314812177176,0.08716251116972454,0.02310026710850485,0.8012230644089654,-0.8875968635423676,0.30364761715426936,-0.004338459282036056,0.23068633258329632,0.10826885758969806,-0.0060517528496624035,-0.0019419810285173083,-0.38769422026978045,0.4104278149347999,0.0075102206065321,0.1299568682397895,0.5776038934504495,0.07737600449801112,0.3127511293378456
0.00463398247523681,0.009098597356571099,0.004401640022860273,-0.002250166404070166,0.01287373394584337,0.011172878474012268,-0.03510919747371609,-0.008952199760792836,0.0016410479624521,-0.029793423648322256,0.0054394123791769,-0.006141970334394268,-0.011039829224944394,-0.026367951007532538,0.041145082820231015,0.013309564986954191,-0.02805281389443408,0.03465455338717971,0.012731586410075952,0.0026649602383273623
0.028720068044970383,0.4795645648714421,0.005446973382402499,-0.019080122791579477,-0.2608339959895483,-0.0037551765930126184,-0.061343155859050195,0.2599771801645832,0.002376981577630959,-0.017659968667754024,0.25298991944362714,-0.009089309822022943,0.00969949647172172,0.3967278717485544,-0.16393940433667123,0.0008912022922403179,-0.029548363343134626,0.1273065583112961,0.028595747733609046,-0.02558865107325715
0.03305346125297489,-0.019862083415655315,0.21831665332607278,-0.005577433491664616,-0.12082228181001131,-0.012091876140897805,-0.033397447457461406,-0.019838298478962874,0.007257660791172892,-0.01211553211660275,0.23121607838991795,-0.005504382373384931,-0.016275354976198083,0.032100556664842655,0.016346177746616238,0.019283271211790364,-0.024806128353706852,0.07608542398874248,0.02046104021638528,-0.07538858854592721
-0.027393049969292076,0.037010744117851754,-0.012836746133516694,0.02714527261518418,0.036696979059294324,-0.01651430022389727,0.00399702666580531,0.0074759798695337165,-0.022404533626361876,0.010367350463370945,-0.022563008871060664,0.01573200954445742,-0.0009752671285597784,0.025317313808306683,-0.05213006013759858,-0.01610330573905443,0.03426673349270188,0.021366701583700676,-0.026093602173501672,0.03253566837471595
-0.000869638752176629,0.023281629671523276,0.035086505573742904,-0.0007244120207134091,-0.22410153446899048,-0.0036731044451899786,-0.058828213454582785,-0.12401003669700877,-0.00887870098203218,-0.00709738927450027,0.3256736936367806,-0.015785032480297605,-0.011970268078936004,0.35236718506713655,0.026802896722516165,0.0065406024855378265,0.021894234987540482,0.11243905388088264,-0.02934063653088504,-0.024882595070639113
-0.033646626208783656,-0.028385626877262295,-0.16157096151961242,-0.013689206610761614,-0.010399173099811698,0.10793298088669766,-0.0876556675639725,0.012188269742851553,-0.077814890716489,0.038147785947784306,0.3210910647404188,0.42051606129377794,-0.015366661121067045,0.0845867933056918,0.0405006802906158,0.0008352802546296167,0.03289806508512401,0.04466803475831661,0.006458272942490486,0.8319482886128119
0.6690309174400946,0.31466274259511523,-0.52164345014262,0.15587293518065704,-1.468108430657566,0.001597035795070152,-0.001846301389071936,-0.7896639133180695,0.896993636675437,-0.8203154496907125,-0.20465935899480722,0.015231763003341541,0.001383410872709264,1.448534481231677,-0.43578787092035354,0.9933397574514105,-0.39146487605403574,1.7521332259259432,0.9588577503795838,-0.005396484102009592
-0.01987299061893474,0.0018573350389410135,0.012244404430219576,0.002989148714039428,-0.03329536209831717,0.015347052018889033,-0.01979567883247446,-0.03260286957469503,0.01527740575389367,-0.012302666650745777,0.004674972134554361,-0.0028695117280640335,0.0011882551691459724,0.03528284571390745,-0.005714565485509982,0.011964475991126981,0.027843045068095824,0.051397147032675145,0.029398895466120126,0.011677073456646233
-0.026981521996265325,0.28285283196633393,0.026232718331571682,0.018828823781916706,-0.10987081150378596,0.018304675148720546,-0.03388985418698337,0.004315433064876228,0.016554375014401317,0.03787267455970562,-0.029933095207329834,-0.02770272813408886,0.015771502334288402,0.2297601409441461,0.5334730266485926,-0.01888206975248024,0.3357822402813585,0.03269864046665421,-0.02458198155799388,0.04612959135072426
-0.522318441071774,0.3014164776487502,0.11117767289494376,0.2131785708209295,0.6988853968352613,0.19489463190409112,0.17701075929709206,0.5317467736578542,-0.004801488705842197,0.27109051914037363,-0.5146233605714636,-0.012796914922611157,0.36927950834954476,-0.20777045943457528,-0.4542884233233998,-0.277921925020058,0.409555202266771,-0.6881610487531392,-0.06427140908250828,0.35993872350414374
-0.1253048081553309,0.08683505764790124,0.33364236569377553,0.07493736459456611,0.09239805489611698,0.6342639238630042,-0.7297280249395104,0.3154714130521904,-0.01767840763993819,0.16162059945987398,0.010983761708207961,0.0163509192971856,0.0020743418842237614,-0.4060704203898264,0.32167606682085587,0.0024822019679282504,0.0946107310783724,0.44988616851139246,0.08099758704921826,0.07363562073722757
-0.6787284956524318,0.5612790601321446,-0.7827522750301952,0.281684850608673,0.31945527721766726,-0.020151307005629063,0.41358023138780997,-0.1796474065819905,-0.004390488926193562,0.8438218016909502,-1.023802066659774,-0.016025491119124484,0.0015341285761208915,0.07997708974402074,-0.5645569167883101,0.005787032668789535,0.6323478828145056,-0.4007850967701006,0.522467334681648,0.7714930705878462
0.03772773372889264,0.3197690732087211,-0.0022013146467631875,-0.007695717111424236,-0.19303591971734713,0.006475441906390399,-0.06686667116058898,0.14037486068628088,-0.011875072214650572,-0.004363012444407243,0.4868978283240809,0.005732597046603078,0.012804856237088488,0.28695039646784387,-0.0860600628226262,-0.002584036635911681,-0.021014424266142355,0.1285495195105598,0.000390191700573775,-0.10495512720483108
-0.07019582112459849,0.06327040906014968,0.9765650495514928,0.05500257972211689,0.4697693612009514,0.3724379109772886,-0.31706785451935404,0.6099131051322982,0.019649518569318368,0.10557645705010613,0.3401259033750017,-0.007235501044968557,-0.010513756102813378,-0.15614716352640962,0.03986048518624237,0.0032777610146515583,0.0949973103732882,0.08359771889979482,0.021322845323875288,-0.19404274314701817
0.12245558513608994,0.34185116157288115,-0.09297532750579239,0.22785510588623578,-0.8492164888115613,-0.025675477602565302,-0.306785657671799,-0.14072098504546218,0.5685879378778156,-0.11543169343880316,0.5128647428912955,-0.01623566420933394,-0.0037184038436479418,1.4317211417570537,0.2502624906428046,0.13517401111849073,-0.07698097512108106,0.5687148938662893,0.13625120459163514,0.022252661221457467
0.003778257144985689,-0.020181974817549016,-0.01427084718947487,0.005491681042116413,0.034622525535507195,-0.02274356271582645,0.8142083206531843,0.02113143737725813,0.0155084184440952,0.023127164867076055,-0.021697153436230857,-0.015224714088548332,-0.005910652325485034,-0.032838817327787394,0.013825058232405117,-0.007225298290525023,-0.015409352364161648,-0.00990537850997446,-0.02220723138070162,0.0030213312993150818
-0.001459971474729395,0.010150337092595857,-0.0036757836352942115,0.007721594874133021,-0.11236463038550361,-0.007116594560859307,0.8807629164274047,-0.04410299943962247,0.01213079510418602,-0.004877589025306757,0.14312717081935972,0.00457848898792578,-0.028439408978592574,0.18128338112064066,-0.015082399004016417,-0.008470178888799557,0.010945187715639838,0.06081910633744906,0.013470896132602266,-0.02081607935632558
0.0067140220597882265,-0.003961437252393619,0.13194795853992208,0.4819630511923085,0.15392815257602807,-0.015526369889623472,0.044079252078114424,-0.16329561099946618,0.01966108090046795,-0.002927961828086365,0.006119128878955649,-0.0008087911674163903,-0.0002325714474348021,0.024056012200335382,-0.4176318034979456,-0.0045332745726896495,-0.007352734372907755,-0.061948719189864124,-0.0002559645761952174,-0.05401440521041878
-0.4543018401482354,0.26438571076013595,0.10397201472613495,0.19288866043022057,0.5717618007319052,0.15615951855569127,0.1493270625358131,0.43733536881552726,-0.0014439918917801362,0.22092021765593073,-0.32584814415847896,-0.0012843601749761733,0.30734504767633114,-0.1417658271748619,-0.37149820464357747,-0.23129217803283222,0.3479049613324232,-0.5739567322117176,-0.08069619613362589,0.3051779464578832
-0.2898285352407213,0.18165388691248416,-0.07140665192368086,0.11665978762707459,0.10247669064103047,-0.01027700844375585,0.033196375295037675,-0.013496844242932543,-0.00636429513207825,0.6436616789656883,-0.005723089981278795,-0.02370905845978908,-0.01927914096703645,-0.09406658875870792,-0.09221296059070476,0.005240527534127936,0.1873331180144534,-0.23980485824877043,-0.26435132775405074,0.5508985310064625
-0.027160879780679874,0.16933357525865372,-0.023909272194908557,0.015296975284439978,-0.05215215059117299,0.016891094554205646,0.3516246060631294,0.025854325268103606,-0.011328249529597578,0.02201981730542832,-0.07456595124929573,-0.012090676825887266,0.01847973053226551,0.13539328255226207,-0.18101578073484229,-0.0010340579971343487,0.21928753699430983,0.002446928734796395,-0.015438240860566171,0.061958419842754464
0.2612486401539102,-0.22540386342187893,0.18684476427059654,0.6934022136975422,1.5990369923469703,0.10471652204190803,0.4300886234033221,0.7908707105503022,0.006384244989387038,0.17333471169870718,-1.0342521209671884,-0.007859670254039415,0.1996680537359357,-0.4531235308922851,-0.6398819383993983,-0.16872292411963835,-0.2311631484798296,-1.018729837552573,-0.03953537991263618,-0.4383501018679089
-0.2769897732565792,0.11117022926526705,0.13958693448749981,0.08829771497574236,1.3948798500643067,0.35029509751212723,0.32961600650272266,1.2732845887974156,0.01859453102921737,0.5152893956378455,-1.1599888315745068,0.006364971309733619,0.6600368445330427,-0.7409261743529378,-0.20400032982630545,-0.48703440554561184,0.2108066050768592,-1.3408088937409701,-0.1151617224980641,1.025281809989194
0.45197239992808486,-0.2522915331633893,-0.3089483314800586,-0.18349230436858704,-1.2253906446697427,0.018950665511209355,-0.42494275350164296,-1.1673753327426597,-0.008175543955059157,-0.5365253021480701,0.7120862850669811,0.0442368693612099,0.009395389623761364,1.1817189441171276,0.4866595209725724,0.6035393382436066,-0.256499431279479,1.2639498539960228,0.5886935513451621,-0.1684571904690011
-0.6836106282883072,0.5263754989430617,-0.5615278702755119,0.2640564345056073,0.20982820473122457,0.004015825132879099,1.0025616801959472,-0.15162826024980786,0.003005416437376186,0.8401066034689246,-0.6231743376497118,-0.009044103687505042,-0.02826150815371455,0.09730997993051896,-0.5552940928836144,0.013036787465782029,0.6023532704517872,-0.3485960267002182,0.23969521358998144,0.7424784176051749
-0.02478421107285159,0.644143593416115,0.5249927689210436,0.018824982895356484,-0.5371102147093366,0.02818939102163808,-0.13479175887090278,0.31831607887363356,-0.0012297719606979268,0.011865973684744935,0.7335516397496539,0.011574347877500437,0.021718733692704533,0.6216542577240071,-0.2004630175341096,-0.008270588150019685,0.02906236095828544,0.2646562559218062,0.0031129401465780325,-0.021742278849821106
-0.047356960415796706,-0.02185249657760236,-0.17581407217768732,-0.027378254489924397,-0.03338638668867974,0.09904650224910386,-0.09408050890172838,-0.024647511840450248,-0.07555622470465066,0.04717435242948734,0.33894139313543986,0.45027884141066404,0.02011162303255343,0.12178613378806526,0.6159118849498001,-0.02360908931677202,0.04789065483258825,0.038947661382681985,0.010569292590444045,-0.07549079360739529
-0.25738560894066387,0.5713239035593547,0.29533945046863413,0.4136772832178952,0.363828325467952,0.3813475035713798,-0.2395037968180302,0.9050377985803647,0.6419408758725169,0.24278275223547371,-0.564148787130318,2.3505399471529043e-05,0.3419054401213165,0.17245103486082985,-0.7392795389409909,-0.14419829134780993,0.2265188795002839,-0.23181921136882727,0.09834595327322855,0.28235796818174613
-0.025939112254469553,0.4619439942005107,0.007845838995517149,0.010789879641678768,-0.18201702441630174,0.010483635471152787,-0.021762365634309423,0.24412495214371158,0.0023011326906378525,0.033252872993692346,0.12542158425470395,-0.021752647602969917,0.016758475745340243,0.32758870798242934,-0.16853401965080375,-0.011784173957633955,-0.007077544296578609,0.0611626457705394,-0.024072143327506564,0.035635887675536035
0.023648314124139844,-0.013039462422956127,-0.0033866234303490655,-0.014036829864063982,0.01949088974031895,0.006275892071099793,0.3705452707271746,-0.009245322819701878,-0.011418509837756713,-0.009848141800201434,-0.03342969190741989,-0.008332693924215078,0.01397851402915066,-0.024326559594073496,0.03436104493526708,0.015417292273002444,-0.0108068940318915,-0.015361942734627647,-0.002293357357094362,0.005792113239555485
-0.011772353022766755,-0.022354979186254963,-0.00508591766907084,0.02117188314985089,0.04128826084457175,-0.012563072248484288,0.01654954746801833,0.028974811293933603,0.006266336818417651,-0.01135010078452959,0.0035632872054900053,0.003101335805177028,0.010651096030826082,-0.02218918696968057,-0.02961580076007595,-0.02519227021198485,-0.014528997508709968,-0.01522659255160956,0.021412474043155515,-0.004706822570884817
0.016162174413743378,-0.017883719902905902,0.002499269379377748,-0.017319952106701893,-0.014741673781297187,-0.0008184993845815865,0.9260792628215062,0.0027967191782788427,-0.010738238256317806,-0.003643416836381882,0.022129691921198298,-8.751250513202961e-05,-0.003129394856828017,-0.03559884696467648,0.045319799355341125,0.01781002884813177,-0.019172095746191227,0.045667231179948184,0.007794063023706206,0.09061363875490407
0.03567686346738401,0.2769063592420588,-0.31848083107878244,0.12593281486227803,-0.08867071370180371,0.013712109786578242,0.03074606383207728,0.6504384120568635,0.28927826416271246,-0.0471624885600917,-0.6087458926099804,0.011492145373709125,-0.002003279064856218,0.3472428069649686,-0.4537097525230432,0.06778414499694009,0.11671129529417415,0.11693645306569658,0.38830384525588424,0.20331771382963754
-0.016029694189238268,0.3187827676202419,0.015752020096733852,-0.0025151963134906596,-0.56307609346284,0.01722865332984872,-0.159231353686186,-0.27103139949367716,-0.025697597064640393,0.014590887917796252,0.47518172850721246,-0.012898882968828554,-0.00027735172819947284,0.9214440328676735,-0.25331354725202676,-0.005306398185286605,0.37478864591197053,0.2918984568715853,-0.02264047403218049,0.012467233335764851
-0.006258928696703746,0.8618087328559918,-0.019816857317650826,0.011821721589545128,0.2429424075413466,0.004497397810340262,0.048141933772477594,0.812373058350512,-0.004768946126293479,0.028677369545909975,-0.2270312248615553,-0.009963399045736739,0.020499447375352496,0.7422802057021427,-0.49251352989621894,0.008862533475597786,0.03572122676848033,-0.12604768542478734,0.005805787133964919,0.020888352640501394
-0.1417987345587713,0.10999158042099891,0.2770084077861211,0.07463181877882066,0.09258378433143818,0.4475046250637506,-0.5156946575775685,0.5747849033689096,0.0017434316078431978,0.17640632591388664,0.017855565533844684,-0.012580654869671666,0.01560286351233656,-0.25734852268961306,0.2295731867882594,0.008899989461450299,0.13549838219032512,0.2580798325488914,0.0353377353022981,0.08661430927297775
-0.27198357375132115,0.17657366585670628,0.07514717721873512,0.11275107702272001,0.3893995082278351,0.08633751488660299,0.16650055725506194,0.27586654128266,0.002495239240547194,0.16421109670075382,-0.24761926913452512,0.006346869021005997,0.18675319948152855,-0.09249029137687877,-0.2475918852382665,-0.13687369505803912,0.22367871858591154,-0.3892329263803833,-0.012673711493885093,0.1915611146756987
0.07050359986021995,0.35111389739646665,-0.8212434719771728,0.16452213935354265,-0.1846589512847893,0.15147992937561544,-0.08322562573220138,0.8907633054382863,0.4322865314042366,-0.04335871874750115,-0.1670136561735876,0.61018953664507,-0.012703741589915711,0.6266911777434633,-0.5322355824279296,0.09810322748504859,0.06077419826010511,0.27744400020796134,0.7101850423422541,0.06536743207892809
0.21212107430620306,-0.10773278708922684,-0.1389191404018129,-0.090996004576101,-0.2570457893027384,-0.005988751233325967,-0.10003301172062691,-0.3234258833836017,-0.012372762431244,-0.22343184547231007,-0.009726122213611275,-0.000882744842629327,-0.0025244213243513763,0.20176992417421397,0.1558110672933859,0.2682869307034434,-0.11969581794658472,0.43668434867934725,0.24177302526830152,-0.04552184653753763
-0.010237523240447959,0.0009415626191452923,-0.006301099306464528,0.01675089896808163,-0.024781693640745322,-0.00816474802283811,-0.014140382535350954,-0.026479413860234353,0.005907876636348003,-0.007252533735409409,-0.02687713828541341,-0.011899237243878657,-0.02224417271138613,0.01740854157887241,-0.030489494398387964,0.006492958585047395,0.007543322346097759,0.014373769285323471,0.003031768491731571,-0.010433201581511724
-0.11909317357419145,0.048325718542110374,0.003972645218293567,0.00034038291801424293,-0.5715699808137391,0.4772987938426798,-0.6598080172551736,-0.2094661504348969,-0.08518196693875485,0.1796236396870497,1.1175506059477198,0.477791830132219,0.027197616628678683,0.85724084493755,0.39547710348402576,0.0066781801186679025,0.1132392382701306,0.6023602494111173,0.046096122212565836,-0.08219458985179728
0.007330747913568195,0.016528743084425278,-0.012356739180386073,0.006136351202031154,-0.02101836474647345,0.01430216863761545,-0.0016385552105980103,0.0404587920193684,0.004608563307787559,-0.02327257698427572,0.032050013405986566,-0.004546067490286624,0.009306037146113067,0.036413535715325074,-0.017886291960913705,-0.002232963705125302,-0.006163923458589149,0.02469647576315112,0.0005263019104557965,-0.0027062915311771157
0.005786115825371056,0.010045183241094536,-0.02926761291665715,-0.02576666235325112,-0.029337045608775748,0.0022680395499819796,0.029188223538281058,-0.009120751058735983,-0.005406610136557431,-0.04577186011298752,0.03630818766643085,0.012113323731833856,0.0003155065976331243,0.05791319788493,0.0005275175310345825,0.00594795610219414,0.02825276445391304,0.00866164132439355,0.018822585001101184,-0.00825817087973208
0.18790736275978184,0.27373829217455703,-0.13839069516700023,-0.06620357229744532,-0.5083344992559162,0.008736341342986285,-0.41417131113497235,-0.39133743707986696,0.011499767929797611,-0.23293355392214962,-0.04605055186005487,0.008693472778629257,-0.002339423417714842,0.5428768669532885,-0.13103893780982284,0.26488849873918435,0.3251069078783693,0.9826572030795571,0.2532906593993275,0.04701344865211541
0.29879417199562736,0.3108920370538004,-0.34283729706313787,0.21032025017456762,-0.8399820020985148,0.2591198760654151,-0.7023659032289374,-0.18863851516167926,0.6773166726376467,-0.36930015401616434,0.16290971472006016,0.4625783724595819,-0.025926631197838446,0.9555014259414024,-0.36961478692047806,0.4794910984753305,-0.15418387229443464,1.1705414770337317,0.49249649278519486,-0.021531628789396788
0.0017253451738729764,0.8018087449804046,-0.007367111845568458,-0.01235964444731368,-0.44002745746603084,-0.000857426078827021,-0.13294393988436592,-0.0672750594406441,0.013494161313930393,-0.018842622739369052,-0.11518596234449222,-0.008605143240265095,0.004234865853362189,0.7263029268429642,-0.894851982420533,0.010763505298738669,0.9096430894443596,0.1967951417301309,0.010314146433232772,0.17512984117145713
-0.015204039721698082,-0.001003260814583557,0.045940998042861364,-0.008235901433316727,0.013426182148040694,0.004111457617674894,-0.02113524847849627,-0.02644100707595539,0.005258525686950441,-0.0001306500551067416,0.020542159151434723,-0.003892484252723835,0.004248360259607712,-0.015750527940390575,0.012599851384861045,-0.009372343013812654,0.017851397009877437,-0.008837614262415968,-0.016727346766161354,-0.005827582027772256
-0.3530478889473487,0.22674909269034163,-0.034885864191844584,0.16966343120800284,-0.3217290073060589,-0.006907060341481599,-0.0788572824857934,-0.28725964724781977,0.01648059411744329,0.4162309789406252,0.5495456027558504,-0.016780450822910582,-0.009109020509974393,0.6331860539747938,0.4345887459739752,0.004986267856733338,0.25130630613770877,0.013936341737872804,-0.18115457861504572,0.21857785246396458
0.30886146943954246,-0.15055972892683697,-0.09990374086993786,-0.1131411232910661,-0.605623880103269,-0.008737676486710356,-0.23240121888326787,-0.6257221042904251,0.020033852355176,-0.38370106455308506,0.20230202440154826,-0.002098021269461694,-0.009138352670188424,0.3730400255483119,0.26275915114557774,0.44563461096803275,-0.17985694663968294,0.7686850892708116,0.45655950673401396,-0.11388524437143836
0.5810009451357177,-0.4425631744490307,-0.04353403454002175,-0.2401021711852991,0.22055897533677796,0.002362146965499701,0.08375969082644955,0.26856242401012714,-0.007251796685691082,0.03010350126717048,-0.38684554662575465,-0.0030411900548824103,0.02465202571079294,-0.43738759609478384,1.348358380583487,-0.028779006674528824,-0.46011059299995893,-0.1270687797723742,0.003713143886796614,0.16780897039058493
-0.20271114427461154,0.119295533571951,0.03256706277329819,0.10344106852003795,0.29571655662053004,0.0580525317894199,0.1084267398294323,0.21298046931462175,0.0043734807515497885,0.1078253316546711,-0.17707519812292613,-0.002205749684278115,0.14513825568358507,-0.09330282899629089,-0.17895996592620567,-0.12352439851642882,0.15385770329155735,-0.28844880125280786,-0.03390316046337379,0.13795654768754803
-0.013043264973266359,0.04190209651163811,-0.02056857406531124,0.008378548188701299,-0.008054448228648401,0.03293801113756856,0.016880416023777232,0.006941633438652046,0.023547271241949656,0.016404203088033864,-0.029185337317722528,0.0025648862348411107,-0.0017383186132089315,0.02624050995245387,-0.044903030769222495,-0.0029760533140566056,0.024192647722762504,0.0038036934604727124,-0.007358494755168095,0.0369487681797357
0.028198808198575693,-0.001017056654432926,-0.02344017515971618,0.003938358819748733,-0.0005094669349572866,0.01755338481802758,-0.006736593250110347,-0.0180112095584972,0.01816738921712655,0.0005864882473540249,0.022867020203261795,0.05205956714719979,-0.007778081917991496,-0.001760618003309209,0.004575877396755508,-0.014319122845971293,0.0038603776907141594,-0.0012333689332959773,0.016633314554913594,-0.019838169399584504
-0.02543729689476986,0.012046122638008003,-0.03724003040596082,-0.010206187388048998,-0.02612500902654117,0.02634282618184914,-0.08234502368992778,-0.01387892674655283,-0.007538523483327185,0.014125283502261797,0.13130165139713665,0.15939195412754623,0.008626894791755355,0.04175957932806459,-0.025586206270140105,0.007217725839053515,0.014582583660102087,0.036820561486713775,-0.027963346456123146,-0.02425726057411612
-0.5548798585243468,0.20903101098725826,-0.19506804915817316,0.12642196434419106,0.5430243338995332,0.36841193702528324,0.7397196966595286,0.4197671401576697,-0.1859352166375895,0.35361011649047924,0.3311301304994222,0.8425596837386251,0.31726946690076985,0.04102476293120322,-0.22980288550620587,-0.27416456677393525,0.44063333925299136,-0.4724055930072294,-0.07513412254284765,0.15595520615514893
0.30215793199576374,0.24437059932811336,-0.11843415176282023,0.18582113964505267,-0.23873310213707963,-0.0006728962600835581,-0.447367528147994,0.3716245781989621,0.6599631536528808,-0.10934662078830355,-0.40098461017637665,-0.0034967835188154835,0.00885693254112565,0.43723838318255354,-0.4189583087671622,0.13689196622516206,-0.24806921430527726,0.8588874770550098,0.09902194518443108,-0.08560724592318981
-0.0031098290688200666,0.22653906444514219,-0.02118892965210422,-0.016702404721613523,-0.08808172191208712,0.0031543035422043025,-0.03541795201122454,0.03151794873220548,0.012650875423124892,-0.0004997544209076818,-0.06919006271134723,0.01815425134818268,0.001241892598997566,0.17270188493162825,-0.22527434275128305,0.003491738169636477,0.23708385283645098,0.04240814783949558,0.01057866024818517,0.03434880342325873
-0.4575984159287191,0.26646349829958355,0.06251678000699797,0.1802568262317287,0.7489807051920119,0.1515068995526332,0.9480739143477528,0.5351939092067252,0.002493614241510161,0.23528829407041696,-0.49370425761733466,-0.003955469581494918,0.3277478455038308,-0.15235079411130326,-0.4247699894264976,-0.23051509989354638,0.37995145002761554,-0.6462452268424027,-0.008373478097121962,0.2979754222470085
-0.009226500702515707,-0.0005525616771411357,-0.002131274121322139,0.04181715577764046,0.04255987844832876,-0.00029764220602113367,0.03328352724521433,0.017873609846490668,0.0025392364185259798,0.004143514067374163,-0.02353801607835463,-0.005760647214838689,0.012038617229447088,-0.011335657192496374,-0.0257080392011294,-0.03316712798653021,0.005007213829264551,-0.04067708150580189,-0.012052272668461678,0.6956359308720541
-1.3085021653582554,0.784577248409426,0.20848317176440853,0.5170712884713223,1.076679138360218,0.3996958490050235,0.29645775980260497,0.8275813260007091,-0.007620623975208784,0.7966850168639321,-0.3121831916562596,0.012006740489898502,0.7855193433848892,0.3431061007080308,-0.9208513967693127,-0.5992149488083851,1.0385837567923852,-1.3431742899192138,-0.20484591087743342,0.8601116521389303
0.054102054970925934,0.410147938036581,-0.07365093339264724,0.26547018149011814,-0.2485146201103226,0.039348336499364506,-0.1678497511646364,0.2804120746226637,0.6169320646857891,-0.08167411810051778,-0.2734240989617385,0.004825521066394511,0.014290365461190571,0.5034114907172286,0.18908212352390502,0.11274495230344983,-0.032402425981369734,0.24118897490407235,0.09387757805190057,0.12689603089579912
0.03190458964156378,0.3978143166406879,-0.015971535063381153,-0.028274847928162983,-0.2499944560603161,0.020423988423952554,-0.07810187066549472,-0.04321414811561014,-0.0020273710717376844,-0.019281571963667154,-0.04681446611552852,0.00790816635513634,0.0011571795491346999,0.38661975297261997,-0.40219295694968654,0.01609616270346491,0.4341473295458744,0.1495474924350017,0.02116559779718337,0.07550969216245361
0.0009007249260894051,0.17018987420664677,-0.3533018778800104,-0.00520836668305322,0.029076039258066552,-0.01595786078329572,0.334484534615669,-0.02335528903480661,0.013596691443064853,0.007383392679603929,-0.814566885680177,-0.020301385963002537,0.007105237290253707,0.07634702057685169,-0.2213873178597454,0.013611598993409912,0.1708332056948979,-0.0024188230348048774,0.9096812223803793,0.2548196038544422
0.04076806553070883,0.7361988049283487,-0.026531384969669593,-0.023199473867463825,-0.44288583001462445,0.01851561405095077,-0.13331876487439775,0.28145059189281946,0.015767180037210463,-0.03167996721310132,0.21354120009021488,-0.0035060561464925685,-0.006425354088153408,0.6889899403399077,-0.27565832555004455,0.02436311407692098,-0.025993580419177615,0.25219247412141693,0.03488125222021879,0.050934362363675635
0.1277859529529138,-0.08352792791284634,0.01291813490867043,0.04095157062950636,0.06633236092698791,0.0004315325133825536,0.013925804109072275,0.02558424584699471,0.0211825576638384,0.00739786195973287,-0.047446837903441494,-0.0009705626539360497,0.012277262221226798,-0.09845640506293526,0.03546149611073949,0.008840799561646375,-0.12186724259204279,-0.05230475638846877,-0.021597080078051303,0.24390703652614026
-0.03065121531044962,0.00783298856018827,-0.0015555329141932017,-0.003923207887731231,-0.030136627351643287,0.013757096949887544,-0.012079447157693454,0.016864094630850632,-0.03281298348282549,-0.004041487695310633,0.005387778416625712,0.009891040910887331,-0.004085709351750803,-0.015592096874113726,0.011761097770434128,-0.00187861012169248,0.01920271699625951,0.008465290389877807,-0.010415131571806412,0.00041695007279292894
0.042949920040722525,-0.05687696025171847,0.10761641884439166,-0.0398640816917705,-0.050754863237621385,-0.023501382750211727,0.558682978294288,-0.04626908790205746,-0.013278351902995927,-0.03608098745745357,0.11086186236817748,-0.01546290042737849,-0.006906273789312831,-0.003147784488224252,0.06555918780351333,0.006240630362581063,-0.04627748457203857,0.08833446461411514,0.0030213149059493925,-0.03801459438309941
-0.38676141101168493,0.23324156153232947,0.2809716846135335,0.14347245211096726,0.6131790307076103,0.13487172931394575,0.1928196466345422,0.5016212678470005,-0.002199012463050796,0.20241367365115737,-0.17162233741882887,0.01957606703246763,0.24249639212852048,-0.06017488342089771,-0.3672378555328832,-0.18836702922918033,0.3182915817061877,-0.5800040251019154,-0.07214380233083746,0.1958745229492455
0.006397780511255404,0.17767929092377063,0.016753397445684694,0.01448814831816106,-0.08211150474569712,-0.007652732724644978,0.017198553694036913,0.09458205490266125,0.006271131154592709,-0.011981789570180784,0.03320631345001235,-0.03306861553946737,0.0432048732123075,0.13275322465562472,-0.043457801666819944,0.01205723045025723,-0.03850971508326606,0.04536617484661598,0.002618779125139454,0.004244310057417834
-0.15916304462520717,0.45190095770832284,-0.047395858223101626,0.06504074695480802,-0.08017563526176803,0.020973357728963964,-0.009938975254115575,0.7507051379454527,-0.02373631649646256,0.31313231913053086,-0.11222106479479593,0.0063595303001820905,0.022120658747016353,0.2671022665394167,-0.48589711879855685,-0.019415195210836855,0.55216298804966,-0.08683647996046845,-0.10151416697648498,0.20350011069237148
0.71943549415316,-0.6358883853024402,-0.44773869388563664,-0.37878100532186,0.1177371617735035,0.23779677568585111,-0.21256223898329882,0.27219696054112985,-0.19016750422585552,0.09560269711795069,0.36638696106326235,0.9803190963322281,0.003593323283449323,-0.3124139143580218,0.9131941388290056,-0.045136578486550165,-0.5987923409225651,0.07928403054064774,-0.008676295716654448,-0.7552015925374249
-0.0037342253683876944,0.009966413600199474,-0.02057901020122467,-0.0004633836716741223,-0.5402508575819971,-0.007773717182839349,-0.1328644838678232,-0.34802112584891104,0.011018791712947432,0.002303414976455356,0.6849175179547345,-0.011057405797871813,-0.01118648266821494,0.8620533435291348,0.11770933777309323,0.005749015285176635,-0.015273629913071537,0.25452797437753705,-0.005408595087939273,-0.02406713944517167
-1.4777540415037926,0.9033644656589792,0.3333093230360325,0.6124698440670556,1.847418552269661,0.5282875529388129,1.450653403597051,1.4168557584720567,-0.008410503898539479,0.7998112438527606,-1.1524656304889183,-0.019433625630164975,0.9672357186635485,-0.46592265362596913,-1.241275336191603,-0.7450072983182527,1.155177217218198,-1.8649644125058649,-0.19342059187287927,0.986310963609426
1.0484051295457255,-0.02395097370852503,-0.21614778082320932,0.019766243818259116,-0.23889130376302029,-0.007519291926630991,-0.19957813675131178,0.704715479863269,0.9677963138456754,-0.1356631551647532,-0.8726793162383062,0.003951487102713571,-0.016400411785785593,0.2827045387155893,-0.14484180982382008,0.18078845845342273,-0.797724789929505,0.31419313326989834,0.1724033259422779,-0.5176070701882655
0.01296754542979996,0.018856315132819875,0.059800178725896276,0.3925053598256569,-0.25470331324429385,0.005381395025438445,-0.06430471978532723,-0.38094227865460845,-0.008588214464863922,0.015671220495744813,0.5133726107728742,-0.0056792859550153525,-0.0037957608598911544,0.655650495259796,-0.24746659792142814,0.017380699302163887,-0.002748005704810903,0.13170927797572407,0.005272053659021444,0.8571475905320863
0.0063981604155202085,0.03107485894142398,0.19035271522795677,0.7537907482011207,0.29978984270423503,0.012391719666558845,0.04873796128302849,-0.14762545755215564,0.00032112730932768244,0.002352580242509555,-0.06456410331573106,-0.004712660454951373,0.018399142532413752,0.024410208348248898,-0.7214266212888429,0.0010433382264448746,0.019849292881762758,-0.15227868475854944,0.010004582750726725,-0.09393976248179925
-0.03946638498744188,0.06276386862385612,-0.2360739203691852,-0.005373293854788779,0.1500799868263612,0.025987915573258788,0.17356896914732245,0.12855454748061249,-0.00492544757335307,0.035222188688600886,-0.44619065911472733,-0.01068687476411464,0.0362761918825949,-0.05290779479687878,0.5372337013100239,-0.028658593684359482,0.08666610171945993,-0.11345561606655888,0.3016740707197694,0.15334044936419167
-0.04984535663657979,0.022180377657693477,0.017132084407182314,0.025396742065455318,0.7646956706344387,0.013434412322747722,-0.24526753542694332,0.4931570644175215,-0.002554925955959188,0.014656836977970052,-0.41910300179676874,0.016724624876057775,0.03137333066943357,-0.02593545454152655,-0.21492786680389073,-0.007459360318645944,0.04280903379926571,0.4627110643012985,-0.00846109726669086,-0.0751626984490105
-0.011884151575689094,0.023431485296921045,-0.010406538822635227,0.0005776590584786329,0.017525730347582553,-0.011624482438353569,0.018253747738772655,0.05662228822164439,0.010264964400417624,-0.001974096293463592,-0.009954594673141396,-0.012682022546508312,0.015400824461201106,0.045387642357220655,-0.06680564010217314,-0.025472874402332195,0.019840126653501808,-0.04935047324079364,-0.014252161806850338,0.006671954476717562
0.1391423252824837,0.4054032914524782,-0.09214770463040303,0.22469658932734632,-0.40808464660276084,0.0020101971308676223,-0.185882005251148,0.19158694478801025,0.6659537767678194,-0.15639690549819743,-0.23740607409738002,0.0016682510890180687,-0.038565642018018556,0.6004778503137087,-0.5732084802470898,0.1462223792351978,-0.08094831420948011,0.3637619079433801,0.12932663234426336,0.08410438514568369
-0.7780962061564605,0.5312549525323832,-0.06556944584846432,0.3217031331072758,0.14356020493222668,0.01105109612182327,0.059923739358800715,-0.13098580454302666,0.018783471721312044,0.9571688437526082,0.07822966746855646,-0.0060407611219927115,0.0063660518126364305,0.06152140973215122,-0.5009755830300365,0.00821176715446782,0.5805161808937027,-0.36527989974370034,-0.3567784111509025,1.0550607977199271
-0.9424457227270421,1.126290134458546,0.1167749297850188,0.7830775351155066,1.4970595172566776,0.49267807895462945,0.277513338106154,1.7998706925638042,0.8289533447405459,0.6309226487499418,-1.6857446671003684,0.013436190475134096,0.9818041006520566,0.07536774802581511,-1.7002554910991006,-0.5365847409898304,0.7994674553188679,-1.5015652197756655,0.013582042493565675,0.8438536462548917
-0.020142270226965724,0.026195599432908424,0.418565346306513,0.005258127842872674,-0.14617316969722194,0.014087413712710075,-0.06400026798724409,0.04494213160449969,-0.015013467133155088,0.013347263156823967,0.3999064711968888,-0.022243549508826087,0.001602270185866949,0.005758151674818319,0.034866803484645825,-0.010942842702630809,0.03714412700904346,0.09496825404952564,-0.023358627175189058,-0.045173994316863045
-0.018041692976042294,0.01585034846328647,-0.019906318167296867,0.0314972795087501,0.004741744891205037,-0.002454151392437381,0.004910078885279942,0.013543301902566793,-0.004960325482361713,0.021148804354132203,0.03102853764473083,0.01979109940855261,0.008902468475729855,0.01832590766000806,-0.07972248477081373,-0.008910660486310224,0.021605840155192117,-0.018923588773860037,-0.020902012419821446,0.006572124188458425
0.6541690875050963,-0.4827228211021552,-0.06389495000941332,-0.27020495272657846,0.13786535614824727,-0.014145887265724195,0.03317076820403003,0.23371587202291416,-0.001992217864862641,-0.01386676120029729,-0.28336180908518055,-0.006016853978750673,-0.029915338529087412,-0.4316311825389709,0.6171964674991678,-0.0019877967410038256,-0.5402532892317528,-0.06322404709016466,0.005883368855605467,-0.49374593763479413
-0.2475046798965827,0.1103240738336959,0.07383482232711827,0.08463061066366681,0.31797531650638544,0.08762242210437483,0.09828836527450738,0.23216756255090829,-0.02324915807457498,0.13136380689348442,-0.194927703768155,0.025435457951717897,0.15807915938850062,-0.10450018064304002,-0.18537724534075978,-0.133771294459659,0.1653294937551461,-0.3216173550440328,-0.05760791473144945,0.20567141142288475
0.029986376168991122,0.303351944146776,-0.04536009039153948,0.1852251740270772,0.7717779984613997,0.002258648176295642,0.47078656355493614,0.7778414102457836,0.4045875109055314,-0.0583799668485769,-0.7221092033277927,-0.0011146444621805652,0.008629390636110637,0.3680996128645146,-0.6704936493086037,0.07356282268389108,0.011738466734904663,-0.3458756673289709,0.07655309395343117,-0.06521151478354212
-0.7255051705819272,0.3227316422295138,-0.12310176491015909,0.19803922149400535,0.859107686681327,0.4387643346620307,0.03980127866886912,0.652105489317346,-0.1364978607712679,0.42203614125547967,0.11300159875158873,0.7581465468426724,0.46760467335398914,-0.07218013067978833,-0.3880895124772953,-0.35954881291754215,0.5544497759040917,-0.7564536676673184,-0.08425650340423975,0.2959892590215606
-0.005054686529275236,-0.014241226154234657,0.02575649985563963,0.003920711395333263,0.016834253860888656,0.0194974591787874,-0.012938513188157492,0.009691613630830393,-0.0006260049645318124,0.018675604024447106,0.015857386857448707,0.024740390400712742,-0.01683018808423955,-0.02609392755200555,-0.007738085109776534,-0.010988444521725496,-0.005169414608479829,-0.015273102511955742,-0.011416287733643029,0.008400658295690182
0.02728335247523942,0.18012044986475997,-0.026585185347166453,0.026784625621598158,-0.14849854820034142,-0.03507173943471935,0.0010443475221620481,-0.06429212494486998,-0.008510489466678813,-0.0031700724021932365,0.36545626121798974,-0.008414187770486631,-0.016094314187326136,0.22813548292966948,-0.25673756849065643,0.009490857432535759,0.19357874739450998,0.057279718920974505,0.016448667320124115,-0.09556322200964117
0.0011872791179661033,0.025526130050274144,0.005469786819787687,0.0008595360138884305,-0.00781281121617264,0.020039150781141945,0.012441234641284556,0.1600360434041883,-0.009640455902692073,0.013089224308032353,0.02135026622300883,-0.0017304567087887551,-0.01886086595627205,0.01615526738512362,0.004147834370961164,-0.006753955893344805,0.02136177508382163,-0.003453460235758321,-0.0011738808525913222,0.033687471584624505
-0.013779644121563996,-0.001519980689856679,0.011037455169924543,0.024217090385172942,0.9137806224370926,0.014870007165652819,0.20838817085340433,0.5891363274028996,0.006793394795928278,0.019299064240617766,-0.5214399626838688,-0.011414873303974771,0.004138482774364549,0.009973776572605633,-0.20457220197801776,-0.011427254279349892,0.005397596063865333,-0.43608446607910717,0.01741157495132898,-0.11847364069711966
0.37686695938645415,-0.2708943913117912,-0.02517564934596019,-0.16889189558485715,0.1254358227315742,-0.022775964495202118,0.038870730239812204,0.1858265664641052,-0.00822676415376952,-0.008659608799842287,-0.2370385539788303,-0.0026179258638611477,0.008135655277323454,-0.2550013069858333,0.31537615375181033,-0.0011279716691871555,-0.300974551444107,-0.07796835932671754,-0.020070394604945453,-0.2727027077986546
0.5682759680348318,-0.30258469550349126,-0.3909852630456979,-0.1946963259905818,-1.0793174479604595,-0.0018839824236121568,-0.4328940334217606,-1.2094215488095321,0.005879110941723264,-0.7385439604925573,0.12932927949571865,-0.03414642169013799,-0.01273912518281301,0.6790172286573013,0.45988506606901497,0.8592254251592474,-0.33154575954617316,1.4753042703364367,0.8542286262288065,-0.17277983205706215
-0.017383766443544328,-0.016200044957046265,0.05760684179742868,0.2490445282112711,0.10444987484435153,-0.0012260913360203247,0.0063057765487487824,0.6212986719874918,-0.020657624370532177,0.011383532478181897,-0.011200116374364785,0.0013487863045690135,-0.013163343384009398,-0.041725889063630575,-0.1970581266521651,-0.007041789619600384,0.011525716430987175,-0.041618654828200374,-0.02449644252506227,-0.02726085932544684
0.020825286861767593,0.01522915568956188,0.030565074454381537,0.004327758577787092,-0.047081872568408685,-0.011098298935454541,0.020123983423711543,0.06966700926295484,0.002276676065138503,0.01713747979841104,0.030927180166974433,-0.008907286588738886,0.014772907472162883,0.00446318093886379,0.01500995835453108,0.0018514977688654437,-0.013744850969123742,0.02811585544767971,0.00637635474004214,-0.006172147993097526
0.37798412713429924,-0.20278127556135941,-0.2314166745857172,-0.18704904077415183,-0.7229025796839426,-0.0010784521894448597,-0.31759247598614776,-0.018811850409675514,-0.001153699830370827,-0.44204588126625743,0.12206107965094637,-0.01672574158974461,-0.010607045648799438,0.43536419760447526,0.35842361464598155,0.5427784910791815,-0.22769713283832616,0.9624087648896161,0.5142086048184452,-0.11913581853416766
0.2155711834148374,-0.1824097480543604,-0.05586965244588477,-0.09400494464522947,0.0030844225879441607,-0.019618912682831387,0.9571840863171424,0.04984052311885272,-0.01353406490515461,0.017316807421416877,0.48467389555569795,0.0077648659640652574,0.003032828160131498,-0.03188543297332149,0.21536606846091155,-0.024530530956659677,-0.19892746442872786,-0.0030428209595128944,-0.012062632887475432,-0.35228739741356935
-0.01841300316661741,-0.00840062908315428,0.020403382000238713,-0.012862747645176382,-0.005733292876162758,-0.0008770153266485468,0.030349953142196472,-0.016006406886134153,-0.03677958907582875,0.0246786637864697,0.3450582708521035,-0.003298885983459394,-0.01133012923174565,-0.008948634636919993,0.031695663022409455,-0.006461203488597657,0.02247617341380508,-0.029549543372785224,-0.007702618021009667,-0.1122829050935733
0.020980341554628124,0.01358503438936461,-0.014697028628031954,-0.026733712693350817,-0.041216333113655156,-0.005122821451765914,0.01972490543218307,0.4152556247471012,0.010201442351851758,-0.0062018748776654555,0.011607874632412902,0.019565878593597187,-0.008539458329528984,0.037744559354235846,-0.0230652460716734,0.014345246306973109,0.001994868869214101,0.0126814475627574,0.007041567091714676,0.021038420366818612
0.41082857088517427,-0.21754292356472982,-0.2725534143133431,-0.1722679081249686,-0.7629357539588424,0.0019629580422502934,-0.2886019786657791,-0.4292792146113669,-0.007402075335845608,-0.49215420220279926,0.09112686531646472,0.01213175118093758,-0.021647709453159154,0.4606390993511173,0.3373205653002226,0.5912817540360293,-0.25001688293700264,1.0234332470466272,0.5471850105578682,-0.12755717793911062
-0.32441807697235503,0.35214865528154754,-0.032713424115922124,0.2004638420420608,-0.01013429225758287,0.003862421334630479,0.17142804251315283,0.033161154253814454,0.17418291738916677,0.3630310696446612,-0.04922612165173352,-0.010811226735688004,0.006795629792956994,0.16246352063427197,-0.390634691659871,0.024812007321370434,0.24565444188891183,-0.08996711103288134,-0.13579311283829282,0.2942282609201555
0.664363441415184,-0.46708803462563675,-0.07762064652419667,-0.2766733948259954,0.08019732350979779,-0.007064985858117231,0.023453759839374932,0.3932898795773483,0.0006935760258804866,0.0024991196704129796,-0.32050340949490297,0.013927031912282388,-0.016532500844602088,-0.3773547644770802,0.5599996533407703,0.030769991316939048,-0.5261998747159307,-0.037061672114285724,0.030641534384008542,-0.4778985580688511
-0.014250790587789514,0.3878914780551834,0.005785437007182613,0.01294388204353938,-0.16771194482179655,-0.004375167873563382,-0.020537913886802716,0.009110940008336007,-0.021110215355755482,0.008110737642687832,0.0015216486222544567,-0.0018606511583498199,0.004845639015699764,0.35483675982919066,-0.3555313314720537,-0.007507935967909064,0.3149709946106874,0.08784295970681132,0.0028120785011557913,0.08956187592321468
-0.07912546070495619,-0.06694054107184955,-0.32723549004962543,-0.043780933471017115,-0.06647919414585074,0.22526522907989957,-0.2702457555116899,-0.0381039056586191,-0.19149334741625862,0.12634896147343921,0.7748974348911789,0.9696713190959432,-0.011652337775716504,0.22023732342928243,0.15684143474461382,-0.02706136083035733,0.0693605768577968,0.1551007542627549,-0.012676891500503242,-0.14444440790080837
0.03767639710713873,-0.029051640657675647,0.17386505510479272,0.7427673203049138,0.29936642250127293,0.003015960566991077,0.05087903498842537,-0.23304611012216847,-0.02241818790883943,-0.012440723681094387,0.006353990424127303,0.009704959755591195,-0.00816147300899618,-0.025522746818536446,-0.660546087202509,0.013095029880253468,-0.016505516316474046,-0.13520740771794504,0.003535992730600075,-0.10539603513484551
-0.7561971604094234,0.5084452245010977,0.11441834039883057,1.1962022701070494,0.5065390924041211,0.0017142569089318585,0.1387631332684722,-0.37934658630335427,-0.015067390934292754,0.9706933613575447,0.06276920992146161,0.015170009643583515,0.011467032428220999,0.0463701207892305,-1.2796811237725323,-0.003837084497053999,0.5654086645184179,-0.5345968876084929,-0.38662020788884915,0.45850672470132114
0.37406605167028806,-0.25027684061292715,0.4240294807059032,-0.12025743304808395,0.20472276636128206,0.7876652685849022,-0.855164314611252,0.5576324124759172,0.027896768382221042,0.241081186961646,0.2139854062387333,0.022524753239733682,0.0024833265115396354,-0.8215833214601923,0.8522010311160562,0.0035427210570930933,-0.3049026405529415,0.46963706320674414,0.06986705705180912,-0.4636743051375491
-0.4696844865642539,0.28312224618616916,0.3040033567852421,1.1243261067938308,0.9481593758689182,0.16097770485475024,0.23436452791658746,0.25168931564061836,0.0070263982182713555,0.24008217114980065,0.1582874876245594,0.0030332709761959017,0.33918511568079396,-0.12280356840601021,-1.2469993187336177,-0.23327374260166261,0.3868457188193354,-0.7992117718113465,-0.0651776225310591,0.03704139150698525
-0.0520260131819362,0.7079434223470111,0.0017849900688731637,-0.008727351687621796,-0.810278779505581,0.0004465894839827192,-0.5972682915925158,-0.30782883108042214,-0.01044975774939601,0.019167768890697077,0.4897592730698629,-0.023658939624914003,-0.006309202064725031,1.353315693605454,-0.6821277282498835,0.0037271051961124445,0.8260169167467871,1.1301668856149345,0.041199400855078804,0.1451301524798112
-0.014115611691803169,0.018917163441883468,-0.008751309732202507,-0.006534574349333074,0.9975770336758267,-0.014357888751172589,0.2736123018292587,0.6118325497077522,-0.006175120095786623,0.002990731476345422,-0.6097130612318002,-0.01769309696504001,0.02529720290450163,-0.031697901213338646,-0.271692043884385,0.008066259589137807,0.01480562870165877,-0.5239572605971345,0.02187679938565308,-0.11910944992352812
-0.025588072113762655,0.02262550883477202,-0.019521877837997057,0.011957620883030822,-0.1533404799331948,-0.008551089676743185,-0.013754512327285546,-0.09135115767950726,-0.009427547063697663,0.02499584109540913,0.25066693947745794,0.003692507896995389,0.008026534611438579,0.32693484346587504,0.8523400227811084,-0.013485267458341839,0.019405441731195117,0.05419377629175534,-0.013844875032389473,0.02347263303531191
0.035026731243122944,-0.024224402355863903,0.25594171916514774,-0.017357927858545834,-0.08193331576236898,0.022258103474056167,-0.022858892194662257,0.02098665977865694,0.02043583905435051,0.013377330551689354,0.22723639405609167,0.0014475299876248295,0.0005891419784409527,0.028048866188574655,0.8915553678882867,-0.015821473120451936,-0.009121997616653197,0.051520428371260724,-0.005215819588421629,-0.08549617419394406
0.01568098242331044,-0.012332345045103993,-0.0025887339406789494,-0.00465509763393184,0.007392644811525637,-0.02509575214339875,0.03610417392348797,-0.0010500768770368516,-0.029730119228972913,0.010402990423391597,0.00873139287499928,-0.008606741280934221,0.008499745624978447,-0.03409495223913433,0.02034241577424502,-0.01974915776680991,-0.012597719676561425,-0.024826459404637173,-0.006511477770214307,-0.007687444154216911
-0.0007237557371477504,-0.0026055817346646113,0.052125690461467214,0.3380962799937394,0.16184621281692818,-0.0281765181072658,0.5060050963954106,0.22972640558706198,-0.0033847398753853036,0.010905544694492156,-0.005638872907651058,-0.00615149942741187,-0.0012577569159281825,-0.012680001061189026,-0.31552379196838987,-0.01760933911537115,-0.004365577357489775,-0.12560851481501648,-0.0234586319959922,-0.04927046913133662
-0.03313039417537108,0.11351127413825193,-0.6265797731288725,0.012681146298834349,0.191323257854923,0.021291144171013354,0.313317432746561,-0.022004029127549656,-0.013905706156615644,0.0029736962931814857,-1.0143583611207279,0.0053218756190844055,0.010773259178568518,0.033376156093350436,0.1142247558758099,-0.009721122491133107,0.12944895486966432,-0.09786307049888213,0.7952441416771824,0.2935614008145962
-0.004754114249768508,0.0051969676257861835,0.9045858959889763,0.022894563006112208,-0.3196882845421285,0.0076722474274378075,-0.062496678353607185,0.002431416346036965,0.007918008021989666,0.003548023594644258,1.5507664768796852,-0.004092050417206941,-0.020040883802310297,0.11678561315434416,0.0665666803713376,-0.010393474012229882,-0.004650204835530134,0.16165465711071553,-0.02130589905299547,-0.3692172044390834
-0.010524271636602106,0.018858742263919995,-0.12815625706701433,0.24235626486089468,0.11962954238869951,-0.032778290691259246,0.10847702761400599,-0.12197962889226553,-0.017960702927679265,0.004016424521012094,-0.2709181279373534,-0.004092888754876196,0.00937279598954177,0.023435638247681346,-0.2758897895494461,0.02580459737757944,0.06326824122418137,-0.05742786828621398,0.19387210250996278,0.05361249027082608
-0.008574153710408223,0.8577365563039545,0.0059171558318590846,0.10411979416121843,-0.4292832511884331,0.005358120321374449,-0.1022142587627484,0.029303215842372714,-0.017582280134468636,-0.015973999194919385,-0.1446224325193523,-0.005727531888734001,-0.0034988128610629367,0.7732704664458097,-1.0544315596240148,0.006459611978803192,0.9596670671303964,0.18291515169170294,0.012524807238135888,0.1757838168868566
-0.0029604167063236164,-0.00664439607513714,0.2031419381317549,-0.003983804976653494,-0.10183204816681536,-0.010613184849031615,-0.03333857523033979,-0.014089586427381172,0.007680525208707532,-0.023838527290726424,0.24723064757816754,-0.003775116724316544,-0.0037812923331784964,0.0463258901791923,0.04089652503442161,0.011493324565224734,-0.003398029069699932,0.06234039122711503,0.004735831663271402,-0.04343611857716062
-0.13615878717158852,0.09194922556712205,-0.03481846949980228,0.06802632206545939,0.0167177463828607,-0.005894068338608843,-0.004800977829124852,-0.03973959435559594,0.012037142270469965,0.18645640639925468,-0.005043735760870564,-0.020694531853223994,0.005501830466151488,0.0281949465198005,-0.09384666070550249,0.02454470941828213,0.10411133255201371,-0.026406577953822938,-0.046823310233738924,0.10799034747852024
-0.8800731993317288,0.6075486830261876,-0.7755181785831906,0.3154143782307924,0.8300004683206818,0.5842380349732268,0.1681645721765025,0.17276483826058878,-0.0941389016504728,0.10241393819784966,-1.3780459243223104,0.455037225278198,0.9389882238719377,0.3655120107066912,-0.7954098068849699,0.09168404000281245,0.9429919164430067,-0.4124470383026538,1.1745053956506708,0.8874296372057507
0.012182047862177452,0.14574473952769795,0.1624540128251201,1.0626175429568632,1.1070819042684432,0.02779198637341588,0.24796153408304952,0.3891979423715726,0.24315610067571297,-0.030007265579865636,-0.7145161664062465,0.019479444456093876,0.006119813193206909,0.22336369895126834,-1.327394742182026,0.0241056906000124,-0.004687259990034426,-0.50652317292742,0.04269218328376523,-0.15680776045738026
-0.04243379908345602,0.051012766254923736,-0.049870540222177705,0.02219672034372276,0.025770873512550262,0.02413496270498377,0.00727654472844022,0.047284857928576916,-0.025107418245530606,0.015917216018405265,-0.09302634257274654,-0.009248816104211128,0.00599216198030436,0.0004071296745428973,-0.026692220639568175,-0.005951049877046847,0.032868512817057494,-0.03003914687208085,0.0443788281387241,0.03792999048003308
0.01633271162457848,0.057171165550810185,-0.33155303119654483,-0.00919552531360655,0.05145982068641506,-0.02213952755790849,0.17672320448043377,-0.03362951523468366,-0.012117142299638143,-0.01331080598613377,-0.5011490656641318,0.01899052052360554,-0.031075611633642867,0.04312868483803919,-0.07568900173796929,0.033597509254130256,0.07709865233878349,-0.017615317365327673,0.41808751650406156,0.13145166558005514
0.0301369419439124,-0.0028160656705716273,-0.006897510845952337,-0.017657588169441248,0.6943065570188796,-0.003103692837267652,0.16316112575952782,0.4592952791584931,0.010530935264977666,-0.015631686575280947,-0.4145367368543294,0.0009901312673428297,-0.0026168138606520452,0.028461558301877382,-0.16844364919633636,0.0031783101263064524,-0.010050648660246415,-0.3045740042893411,0.0077333184931025365,-0.1274311387659329
0.4490788175303551,-0.309146250183663,-0.05638758600801879,-0.16093736686109478,0.07848306254313142,-0.027061891813663773,0.05106840752785182,0.17884640141598424,-0.01751837969166355,-0.02884501580879776,-0.1912898584777699,0.00566721002045195,-0.007178202172922667,-0.24186861197364706,0.3765131022607859,0.00016096069885703293,-0.3590561898033505,-0.022763037509016728,0.004635041854254658,-0.2682418869329757
-0.001789226568096662,-0.017428951659690578,-0.01784687781465468,-0.024614138542746116,0.35674438326572055,0.02380296253094539,0.10134609164794504,0.24196269940971246,-0.0369299506275642,0.009361844351325206,-0.15924179194981383,0.08110493267229064,-0.010028554341526972,-0.01238325730087183,-0.06310215631446901,-0.047001091768142066,0.006410421395452902,-0.18117104404540169,0.00033940964248243763,-0.07060023792435419
0.006365889269547325,0.02297363315913409,-0.009535392505062303,0.018215590343282136,-0.0006755973372709633,-0.0007459461098357589,-0.2229279710047223,-0.00024322009107405774,-0.012573175506795932,-0.01612555110573645,0.0076528628550314795,0.008198674439043707,0.0021559314044103947,0.012485892950802735,-0.015226972779769024,0.0014414710976948207,0.010286035574491344,0.45216507502713477,-0.001742512562433761,0.01514577345206554
0.15437762228214533,0.14763780261834047,-0.21093253729618716,-0.11412822575572763,-0.5143444337406681,0.05110290462134446,-0.27046895546588123,-0.27408569487295864,-0.07168209937167615,-0.19371833225673812,1.0118075832375675,0.2831243289061903,-0.009160878571578756,0.4796258175853953,0.12628316118527672,0.2469940940396863,-0.10439550982803407,0.6128322124289055,0.2265875120270892,0.20170387538234086
0.030831731463347344,-0.01730441656397537,0.00044960595502697336,-0.026817754275068474,-0.039706235370258636,-0.007005674899652734,-0.008778703927005657,-0.029229700794979215,0.00014253418383631394,0.0043817562201817605,-0.0005874655834522437,-0.013385560724135128,-0.03349372570038856,0.002973499518355501,0.8900985198640836,0.042426452834742806,0.015752906767985513,0.0679310964030542,0.009340333085160368,0.005843719799664743
0.022867884577425942,0.015842905224122787,-0.0071905941347219235,-0.01618420911505713,-0.009554295916951857,-0.004866237260731067,0.01585434067881956,-0.0025274618352853903,0.01771290662719224,-0.017283569046855855,-0.012478836082350831,0.014532604891075832,-0.008124565126141705,0.019036932904897094,-0.016902301161019255,0.003623468114660344,-0.00934646228491238,-0.001314410898559563,-0.005155070942478707,0.010702148336712434
0.01575031147234543,0.004104780195282129,-0.010686800831696798,0.017968051827448647,-0.009369825511828854,-0.03743841064003159,0.019625511737090987,-0.007383733460335138,0.011875419947268739,-0.024344076759938927,0.014404593398425057,-0.00445735736245754,-0.017128446993865912,-0.017982702523285973,0.017044867883570243,0.002891686655392228,-0.02928127615602111,-0.015391425719143488,-0.011418364054690669,-0.017807463273223405
-0.011100536837854414,0.38282156595491024,-0.013737330989914807,0.020924274883008995,-0.20918218006195466,-0.030515619853457993,-0.0557969359817947,-0.03524984155798029,0.017588026980568716,0.010178438339759009,-0.0055235276462628005,-0.007330694450733622,-0.01394214518268564,0.3333915822702429,-0.4475226943610853,0.003394146482072853,0.4098376487600619,0.09414251265347144,-0.018909449266784818,0.10516424915748858
0.024025785469578967,0.06081664070499415,0.5791900305213161,0.03172335349304909,-0.2702921540528092,-0.0064850059536797665,0.08715920329110331,-0.012445821391858573,0.00782307023267758,0.010795524721651167,0.36468480333332365,0.013532526472393093,-0.004001328187107747,0.15941491287144258,-0.07038733564592357,0.01027841494862518,0.09432999113203208,0.15257873142382467,0.4700234683996608,-0.05265588191676865
0.00908685311023611,0.1688785206597335,-0.7922313366461107,0.014269243814267429,0.191499268690655,-0.011484717951025146,0.36584783397588444,-0.019888294603443015,0.01928159136546302,-0.009155598064835145,-1.2623068499568018,-0.015475455783591012,-0.027444959065947933,0.05334640180351299,-0.2546842155987972,0.02382696741665839,0.14573023147428513,-0.045850609421311264,0.9749359707812421,0.32424875243885226
0.5147158932444768,-0.26748215085756083,-0.00416733644371385,0.2777633978520759,-0.9754636523780443,0.5724402993965094,-1.0962984389764523,-1.2614206324236337,-0.015849007180814487,-0.6105649944668367,0.22086594779704016,0.020886292848420546,-0.031077284050407113,0.3796802091841736,0.4061380233428966,0.9696636994030167,-0.25874147663111174,1.9335989687184851,0.9745753553336293,0.733386797086893
-0.010364823361075581,0.0025516846972393654,0.007648152123848123,0.024062670493987047,0.020072643811655383,-0.00036780106127419325,0.025448510591727536,0.0005602378406432454,-0.020227532758339318,-0.02253624063141347,0.9374977940235301,-0.012718816429557387,-0.013171529694787527,-0.03340555353421088,0.001607063619700132,0.004698613742692684,-0.011927102427388517,-0.0346493686028362,-0.018726862864303695,-0.308316665055683
0.5139860807165719,-0.26481921974697675,-0.33115799429650994,-0.21994255200458732,-0.9244687785100391,0.007220485749187625,-0.3765137112051231,-1.0888847188113553,0.010622028894210572,-0.6162925919504587,0.12847650156765586,0.010867663535347521,-0.0018404133538427413,0.5707288677467425,0.43333119226648004,0.7196445215460604,-0.29748784813580803,1.2537979729661104,0.7209551581747475,-0.0534814625806014
-0.05641882055962154,0.04720400570427083,0.6169336627945181,0.04839219076210357,-0.14789804090346065,0.20418116713873505,0.011068849331085043,0.08803713005834778,0.0071362448711042555,0.07073729709660499,0.44591277760532194,-0.013790670387856368,0.016414726366042607,-0.08221923611602686,0.1000241063354061,0.02163535896912118,0.0665052837892632,0.21899119646477633,0.03632488428989808,-0.03577005632154916
0.6005367056338071,0.6365424318311518,-0.382140951155079,-0.21194707899794935,-1.4472445694600073,0.023623236870427118,-0.5519223808891994,-1.099780103541226,-0.011623199086960488,-0.7412908027028537,0.427271911939846,0.012822697741513615,0.0041627213477333615,2.4508259929485305,-0.4675462679958452,0.8763684724987533,0.5282444101087512,1.6417052857282577,0.8716987023449921,-0.13358820965280488
-0.030622090490361877,-0.003707797594123801,0.008250670653339277,-0.03018123686899229,0.021179572195210782,0.0077255609297752735,1.7913429976791628e-05,0.010976786230487071,-0.008045101805075446,0.0016098737800142905,0.013183674457647251,-0.027057185167307575,-0.011225570663334463,-0.007368108273005214,0.0052306546507308845,-0.034977575111262066,0.007190858786019888,-0.0427314833780352,-0.031570698169039714,0.010361323604764466
0.1414046197266845,0.5757300477895942,-0.11983723059227493,0.3082898688650368,-0.46957145433134606,-0.03751681937839073,-0.642586674184187,0.2830323940709898,0.7991062378319291,-0.16491165718681877,-0.31250979393367306,-0.008191112465097808,-0.016835677475657455,0.8237576529511089,-0.4686093690053009,0.18664993459340068,-0.0005577936192019307,1.214309737883088,0.1359074139775419,0.1562031222245809
-0.03144944326400424,0.0009044516547952776,0.04071999849841253,-0.007872916781300275,0.02701585020114241,0.10385132560651776,-0.5018248995495048,0.0634220803046021,-0.014345621845577278,0.02797454863581539,-0.013310313387369814,0.00455997808817982,-0.005830366388169955,-0.06666448957835608,0.015233076135223674,-0.02819451757960166,0.050094693001171406,0.8277661406519496,-0.0055459693920820435,0.9128364678472501
-0.578107600434112,0.3550645165420958,-0.045400785347474326,0.1899205132678152,0.1258361163293485,0.033144509364273184,0.008904358315887657,-0.08735868931535398,5.456901650792781e-05,0.6954157699885768,0.06831963523308268,-0.022784785398137698,-8.914485999385671e-05,0.01839606961564773,-0.31473726789710793,-0.020874067969501007,0.437189789000678,-0.2464358605672065,-0.2533562524962113,0.44817573589168064
-0.040512578023731365,0.027434966405677445,0.015767984963197427,0.009137535919976382,-0.011322109281691549,-0.012184544371611188,-0.009357535371749512,-0.0322263846921674,-0.019839202604082676,0.02697718250301044,0.1046311470552128,-0.010334661158599632,-0.011201695168762045,0.03898099061650161,-0.028870975607995314,-0.007930207786719476,0.027787704961364283,0.01764943275220959,-0.03591755657215334,0.09137730322841295
0.44174666126479284,0.08809860876540834,-0.31600760398512845,-0.05329237389322737,-0.992454761658236,-0.013028247013132533,-0.8700001742431627,-0.8275107426275503,0.24263229991422824,-0.5702339511292549,-0.04332547183638297,0.0007728633127522056,0.00461152995580482,0.8214196399966585,-0.10322695652277886,0.6728460589005569,-0.06314333793082078,2.143553817876446,0.672441374942566,-0.05862366682161378
0.0077077406433747695,0.21394819862153558,-0.21662644074303783,0.5457177801868622,-0.39245759497646443,0.16101811477889133,-0.30979493870324093,-0.21937350880306342,0.24996337371402347,-0.0045168946382569035,0.7633241024916488,0.6918451543800168,-0.009890234306310603,1.0668475084061309,-0.6196174908230221,0.06988622000566484,0.03683764047775847,0.3854964353215221,0.09475353318678623,-0.12781824808677214
0.020865571845124734,-0.013563359561446015,-0.04548732295040883,-0.024532120184251622,-0.04290691140035281,-0.004621174371968792,0.005408065578373401,-0.025242912704944553,-0.022286229561525962,-0.02476686394088528,0.028404425165587235,-0.001468500503777722,-0.0020756255032396316,0.048842687617414754,0.008663911935926666,-0.0032089101369466334,-0.0010628332459717543,0.037008852056205556,0.015780013312907043,-0.01148886874012972
0.002858752057293793,0.0006316110793285834,-0.021270957666615672,-0.010899031765940259,0.0252874327090039,-0.024070306912782204,0.00952701971989875,0.02014298147349464,0.010469295072051913,-0.005116285083629256,-0.03450880607795045,-0.00970574403876511,-0.02036944752736996,-0.02075719530998614,0.49747402089067766,0.002742358241475667,-0.014174121658873051,-0.021445505065629252,0.02074972369574287,0.03127254141758568
0.4603327361542335,0.5951071223817314,-0.32823139457914985,-0.205454766176832,-1.301081187096696,-0.005789601541567678,-0.9697089160470587,-0.5189163781541635,0.002436362877669505,-0.5562105213725101,0.36997359964793436,-0.00852816693516668,0.016492290377020914,1.239299800566287,0.10159057326658788,0.6534726732997275,-0.2802508642455026,2.3470679089146538,0.6308913261907994,-0.06899026142746725
-0.1849031896841105,0.12641563334325784,0.3393627885670487,0.05960553692959611,0.08570394710516524,0.6877994285361413,-1.2369414487353434,0.26549656559276796,-0.03140367826411449,0.23649748297808473,0.15894320316695199,0.13694402484814555,-0.011861787845138637,-0.3557964465626172,0.2799430076149243,0.004712092448614303,0.15698362008463318,1.3676792732490413,0.04233966214051563,0.06667321261814184
0.026667186704628785,-0.04108593013633975,-0.004451334563976114,-0.01600315809582155,0.005330686590617487,-0.008321947193034664,-0.009486287236470829,-0.01157346172292906,0.005774721807124823,-0.007828260984240411,-0.031170311430001086,0.01832057495853499,-0.005579277050050961,-0.021595656456082506,0.03854213716516684,-0.022629806518023172,-0.029092118750460406,0.0058031419085461736,0.007223173720951826,-0.0323505500369001
0.6767653798511973,-0.4809375183606766,0.6335862031618156,-0.2751893591054967,-0.06033338892422269,0.33248748627630337,-0.6727413583727672,0.3609303669880601,0.027918858937403833,0.06827902881331639,0.1581189534816939,-0.021243403207274414,-0.03569127278957346,-0.6327416071557508,0.8986894420758357,0.036324277897402155,-0.5615989698279269,0.8372082433492598,0.06274662434475735,-0.6119253865743964
0.006410956710569767,-0.01196618491765941,0.026768443642510985,0.1415297502057207,0.05485219519533466,-0.005139573275849971,0.5288029161951548,-0.0519158311232904,-0.007253037346990061,-0.018258586412879054,0.023736608542190247,-0.00033866956111044445,-0.009134762899892379,0.019368106242393768,-0.12003687269090273,0.0004946039581471139,-0.009039293186492547,-0.01594831180108877,-0.029378244832665882,-0.03453014708078134
0.01102934497212605,0.48389205982349354,0.3697866124641732,-0.005857698729582203,-0.48457594319268044,-0.003848702625830435,-0.13647112444753745,-0.07146581002638568,-0.012486203899670508,-0.02401867383450921,0.3469932507271072,0.016964022427554504,-0.009997180439908049,0.526545215912163,-0.5132643279105455,0.01043846528342885,0.5786531043534064,0.26333732925474906,0.010072431320537725,0.049758524863156565
-2.0099437182317734,1.2090930000324511,0.1844051309802507,0.8055442191196373,2.4099127568323984,0.4644853526544801,0.6540016649157856,1.535338348992782,0.011290367218284707,1.5368326586140013,-1.327128579699211,0.003180251062908595,0.8912293151132381,-0.351769546578959,-1.6479408448687904,-0.6584435749355841,1.5363472651982824,-2.3247500923548396,-0.49283621562412666,1.2847260520792527
0.01527436419147959,0.6011319071230953,0.040712291245350835,-0.009433819679652424,-0.3585785248460638,-0.005588849264802596,-0.07015659927858038,-0.028317872352733035,0.002686608178289136,-0.016363065196341196,-0.07751110788650126,0.00020814761179263272,-0.006080624999421922,0.5526791125607866,-0.7088222515503095,-0.003448627544547795,0.707092044789624,0.17036820544340625,0.017774080619024784,0.512591469974608
0.06087946801781821,-0.023169487903072966,-0.03595438914728381,-0.022985595370300652,-0.04836917729777143,-0.02103832303369199,-0.0052661958702754155,-0.04006364243264776,-0.005044146390792114,-0.05651697267981633,0.01413433751053527,0.012057027940952526,-0.02219866341200867,-0.013468070794401453,0.060262783436671546,0.04034674123858779,-0.011214868606000808,0.0736718805536432,0.03311334870941997,-0.045729945100746724
0.041333304589085205,-0.03320595854128486,0.00046931551511414545,-0.0306745967782412,-0.3947038650039182,0.011065269310132042,-0.1025278616343976,0.2637137152882151,0.01906909448461049,-0.03167958708712999,0.6331218350275264,-0.012834518313351813,-0.004619687259666383,0.6000077210267036,0.15570825487707246,0.012644891604074612,-0.030759435639419984,0.23090236079809565,0.009183326425694114,-0.0957467795441421
-0.05688546702470952,0.22682283686946822,0.028611270605003455,0.01546373398572817,-0.5562145410553928,0.016103516464167286,-0.32275183142794817,-0.2896395293990546,0.01974030697025063,0.030449131179186108,0.5709047995328255,-0.018024367920007653,-0.012072238647167567,0.92952852849458,-0.1596168701053811,-0.00810451786219515,0.28285583043634804,0.5777869992661724,-0.02269417478318943,0.4893645338831267
-0.022759993177800163,0.026536435168954375,0.48467747760287233,-0.008242431679717816,-0.24347927379387738,0.014042866160889962,-0.08844092524904311,-0.04845910953358383,0.010077999919534078,0.006393631809462553,0.5204523262279693,0.001927493366544018,0.010249216256727067,0.08514988292658547,0.05740921588964834,0.028360476463102288,0.0418381106427486,0.16710114237155646,0.009950365938598094,-0.06792801047533333
0.31517329308922165,0.42032986590071886,-0.24426893468482722,0.2767110753756792,-0.7503956467469752,-0.003238494715247113,-0.6641112805713402,-0.0810984663637926,0.8242733395663067,-0.38463641442082647,-0.3040240356787564,-0.013720283541228829,0.010710261302932424,0.9500774800865378,-0.5954609177027662,0.440420303682702,-0.179361133961405,1.354297873565291,0.4575752670020307,0.0440455194484208
-0.002833996471475947,-0.0018543069289119456,-0.019083199943729152,-0.0011161430016792817,0.01684667159777587,0.015704963919336862,0.021808257712879482,0.047420738347651356,-0.00138663221401889,0.018307273020166836,4.615597142158291e-05,0.03850128717034586,0.010883710292763818,0.013065231610797957,-0.004243056440875563,-0.01741799755139471,0.00940731120090181,-0.0367663460360592,-0.01012116806488363,-0.0066884151391376784
0.033001478912520595,0.3142178129940913,-0.11073224393445083,0.20349062809535962,-0.19625412296908645,0.014522571815302938,-0.4182728871148502,0.14843246557577583,0.4342989764578937,-0.0219706436172869,-0.20697568673861313,0.020991376001729116,0.003403614905643801,0.4154215908354639,-0.4529131407348233,0.10878260324556537,0.011739738549863049,0.7709031327525735,0.11270137623103411,0.1378114087202654
-0.03280261636921894,0.0417230891353591,0.04362092765562116,0.03283866412885765,0.21280385809852084,0.002241857463257795,0.03904534453336499,0.15682040873649924,-0.01243694912579724,0.03438514842432344,-0.04382323438587824,0.008581834035899499,0.014645532790492785,0.03773394030448624,-0.09186428347639485,-0.0119426698134068,0.015843751707529653,-0.08650634862016537,-0.023949865468153624,-0.009634170286489085
-0.009993388568602523,0.01821912155340471,-0.035661188963485045,0.0025311159087988825,-0.010300546837652946,0.0024202456506758575,-0.007375690303648385,0.023865029265159113,0.003265309245196652,0.004517267563077174,-0.009581664936443053,0.010393942751339721,0.007742614211121929,0.012564174521636185,-0.015051759704668658,-0.012865992263706945,0.0015173647042334877,-0.0025172985843553786,0.01254552207951102,0.01130941381135997
-0.05838510285298559,-0.07054110367623004,-0.20753399066129044,-0.06170169090121219,-0.06931870243261902,0.11645696246231209,0.807465062796467,-0.06496463091813176,-0.09581371905530042,0.039702151272247035,0.44434557564639776,0.5338769489738941,-0.014758180911903736,0.11895649203528047,0.0921384807646011,0.0002212644404627033,0.02069347666095232,0.10474953736729224,-0.01596851306284798,-0.08766399949620297
-0.025666003999156244,0.028773643079072993,0.010791700245638955,-0.0029308335346866243,0.038708233967606545,0.00815178543521478,-0.03301416074571081,0.06609533395591163,0.0033677093621057048,0.018388473730703105,-0.009110951481103198,-0.010843870161208155,0.01859381990448671,-0.01059879197507676,-0.033499400468954714,-0.028276902690333568,0.03531911409147206,-0.04091535745264738,-0.02458805982145357,0.21366418255171452
-0.0311034968343928,0.03914168376023742,-0.0053500658944071,0.027071250590694068,-0.3470224156038663,0.005414017181817714,-0.07921332829977161,-0.22917595576207747,0.01136797397708268,0.01830450305604067,0.4639584772671868,0.01467688353072315,0.020258068015292143,0.6066164206390158,0.026916058621698654,-0.0033459522412510514,0.04751952997815747,0.1461116025098999,-0.01255010319795108,-0.003985329561105774
0.6152976852051457,-0.42300724089867786,-0.0488474475113355,-0.24472947525952968,0.10263547125321296,0.008970165298154868,0.0216478290044345,0.22766147610516546,-0.00965606739187832,-0.006557040725873901,-0.33042386261851053,-0.004773819712761069,0.00897064238902276,-0.3728760490367252,0.536688092305735,-0.007095285597309233,-0.494852823828567,-0.029729724500529943,0.04068121327171474,-0.44524976517636616
0.017052991715082524,-0.02009228538688569,0.21726677682780168,0.9354066715760045,0.32261734399648107,0.023161373011802742,0.047099190090649695,-0.2609233086680619,0.01139003032282138,0.0022005813983133685,-0.04235090500476405,-0.01961250912600974,0.0012780667544864312,0.0264938264318133,0.14853218420410635,0.008525955196591519,-0.026288914507235223,-0.13062813312468308,-0.007368111914620459,-0.14392261483167337
0.010557524505283288,0.025248010835841796,0.0025214876407394764,0.012525600157564222,-0.4964652740899056,0.021346492185290392,-0.13719617313433533,-0.27525334683643166,0.0084312633416811,-0.021184994213756102,0.6169287794894435,-0.0025614929583775044,0.01244819011205341,0.8191986332101541,0.10330312192426541,-0.014783180040237816,0.023367320554884177,0.24413511449048114,0.028951975610125,-0.06722594449717395
0.3884718418931947,-0.2655711660173996,-0.04622606550850841,-0.16068195441781738,-0.3254033393201119,0.01739614330977049,-0.07488168501500855,-0.1275722118632472,-0.010447975438641345,-0.002188167024251305,0.3605659685003563,0.010026600036384194,0.023773701578982134,0.49250256954938354,1.3546818092155628,-0.0005096174251554798,-0.27753455744066846,0.1610402001398333,0.01303893790778875,-0.3274303990345073
-0.040230445162666426,0.02644192789077067,0.009610470635049518,-0.003332190610061998,0.021509826918345,0.015433789018569889,0.02351843781097335,0.01521196258329115,-0.008742416029104045,0.024073439432182434,-0.04104700090027943,-0.011797424504354464,0.02142429922497637,0.004430740182103871,-0.024333074674226986,-0.007748877967020967,0.023214064131727295,-0.027470006157616363,-0.017806281540585195,0.01726253628087398
-0.03556778114840225,0.05081165313109143,-0.005690020827797928,0.0267791458786134,0.2798514792964329,0.03413756222304899,0.043047365551258356,0.1786329562203986,0.003062386915091599,0.010739035793311823,0.022778572148709045,0.02059139709177526,0.021644323723072033,0.44008584286816693,-0.06919405283768637,-0.001613902782056401,0.046698385912291585,-0.160714615322388,0.018836946735335945,-0.07305515361015641
0.6336726406235816,-0.43710392928243363,-0.09703661654533616,-0.2425479319898984,0.12513562583518645,-0.0028224923166558593,0.04708603111516342,0.23194922018157732,0.01945974580473124,-0.01626268237198759,-0.3084026808233533,0.0019980430514969063,-0.016936792902190988,-0.3706105948358948,0.5789376970514798,0.020722685117314843,-0.49170463437844847,-0.03749605860586452,-0.011272347917522848,-0.4575366282402984
-0.15199794184675572,0.07867372914380148,0.2857286217156553,0.05579961806300584,0.11044668049891683,0.5446209195480359,-0.5696219867208235,0.21862202412699516,-0.043372527383287306,0.15406477174476566,0.01308658792409755,0.030421190373721593,0.013036429046156407,-0.3307209946330706,0.1978059683799651,-0.006258502145906273,0.12605315099952752,0.339523147287657,0.053834075723262216,0.0837474401648547
-0.11467422331994247,0.8585897480517654,0.9328177695969024,0.0528039941685321,-0.5328518095454905,0.06965486152689125,-0.14654677484029333,0.13635401806680147,0.007197746145607924,0.05125112817250641,0.6118038673267306,-0.02764657030782168,0.12080346856333786,0.7092315457254205,-0.8993016058094928,-0.06151464984420095,0.9683720495950033,0.1760299440820337,-0.013821287875041529,0.10284050185961292
-0.47602560839185565,0.33534236309130505,0.08988649700977776,0.17470834668694415,0.5682827119651873,0.16384739535783743,0.11922527268532444,0.45866952198743816,-0.02104120424943119,0.2558240114904301,-0.35868412626096435,0.012366780862090528,0.29409000485735165,-0.10562974067969429,-0.3699445850167959,-0.2400967553201683,0.3545190177085315,-0.5539695804829627,-0.051573400692720844,0.3952997777799851
-0.014169267967014815,0.04935701668812978,0.019952174660985537,-0.016365299290697955,-0.02191831483840941,0.006929260223916474,-0.03179560393745446,0.033990527219066174,0.015238919602121249,0.01716428039572592,0.011826293356526015,-0.0069016174856138465,0.006210569843999646,0.024286421312780058,-0.01730040683350256,0.004002422034862762,0.002932695162579716,0.006071581056109138,-0.019207857552034635,-0.010031033266583911
-0.011106304122407505,0.027095357205767678,-0.10984553269900536,-0.009531659738646468,0.9901277725810388,0.004908687967543048,0.3272661380656768,0.6279860669525676,-0.02614575209937387,-0.00023275672352033976,-0.7217518468474038,0.010033200313179245,-0.006304012956446721,-0.010437819010289949,-0.27792844105129866,-0.02289508163049463,0.04555004363274582,-0.4979490859338333,0.10752783874677715,-0.10614211508156804
0.042569692177585876,0.07923391695219675,-0.0325710746447324,-0.0014282269636125625,-0.054325574377946745,-0.0010298184393627118,0.8301748966028328,0.006574612174076139,0.10220925232442808,-0.04795531332982715,-0.06669066100151226,-0.005967216746581384,0.007720873202219347,0.10301919745397546,-0.07995021144633285,0.04581540016894187,-0.007033645804922439,0.09590665205245408,0.04198704760503738,0.9982607799545589
-0.016745839923869067,0.11540186304685127,-0.7322877776561989,-0.004584702472734889,0.1683321437521062,0.05791681218152254,0.2731551934927171,-0.018130041164763577,-0.026986969395653235,0.013642229524763131,-0.862301056116017,0.2549430941852639,-0.007358726294629286,0.08835908100178566,-0.1892193587847889,-0.022418717126314137,0.16565695707272457,-0.06715722696858496,0.8032005142885908,0.24113058952356325
-0.003748453171830422,-0.002811901360436124,-0.021387335994967442,-0.026098304377829673,-0.004426766196733408,-0.0052981184064534005,0.09834428396669988,-0.03452675462834602,-0.0022152880206495534,-0.002645366647883905,-0.02191732251302183,-0.00888940790976294,0.011437743803864824,-0.011807063922893445,0.03532445264837707,0.008038454788126165,-0.024859941923812166,-0.0007231344354143856,-0.0011313346818468675,-0.009802360078485669
0.0155976739895798,-0.022046135359029675,0.04780957115365925,0.014076834596148651,-0.01493619482144877,0.014526899870552347,-0.06504141338609415,-0.020256286771965063,-0.0010068432615202324,-0.023665618108875294,0.04635839080071115,-0.01264924195516385,-0.02178401680834293,-0.02491816801254379,0.02933590051249235,0.018751851939489333,-0.011257796266221476,0.05576195191054511,0.017606271505035857,0.001999849799263438
0.016399978391417006,-0.001140433413056884,0.12768473798389102,0.5271906329834098,-0.1344274108289585,-0.030153513971787945,-0.027717175495586534,0.08396804878029857,-0.005253429671315118,-0.0018830920613533853,0.42506824675370763,-0.017771205761317868,-0.00327747691329665,0.6147320467147778,-0.41167458162930576,0.015415538524690233,-0.001739864070135569,0.059788782284360596,-0.0023271026354418564,-0.0781924446545439
-0.023684514974656304,0.021791585199436754,0.016464108086264823,0.027346588788900884,0.015984198722166797,0.022418423876258316,-0.007102363749601274,0.021832326227561788,-0.019470924553360212,0.045941914087371055,0.006788711146278866,0.009534110811033966,-0.012681065694490595,-0.020743593912753093,-0.005165219408466704,-0.036380672962532695,0.019676530029951907,-0.005200226382941873,-0.013571887498516793,0.030779705976312206
-0.1796223988534607,0.1556037903356139,0.4726333652860694,0.0706021769680229,0.1162567420745362,0.8148244000533488,-0.9948571107467367,0.3737768113186066,0.011938742414529056,0.2477362307142949,0.01100843369315729,-0.0066579179237927135,0.009577614226306224,-0.5019022243972608,0.372203368020223,-0.001201140987967234,0.16200125344899194,0.653340570601492,0.08294908339275675,0.10001099260436588
-1.419691725753789,0.8052511513233626,0.25296125343965514,0.5612285089213797,1.7286718013338154,0.46362317875592673,0.5037503499283998,1.303717207918014,-0.0029118077676270173,0.7740536225664196,-1.043307322026901,-0.00938500587206742,0.9345886561717056,-0.3516657242783345,-0.6341581302375022,-0.7146346690863006,1.098710365762829,-1.840266185902542,-0.2032653390341195,0.9677216481733196
-0.007749760097081975,-0.019741998581716623,0.013049624042694549,0.015903997333031758,0.052441660852673544,0.008750379964350758,0.014562395678394596,0.021897006639164905,0.002199216425828151,0.01911745177746015,0.025269729922155877,0.004905360783986654,-0.014844881047598481,-0.025821056871602077,0.011090400392295521,0.005832076279921574,-0.017843248446759715,-0.03876510418076771,-0.02783882932766721,0.2720619276186728
0.3641321760023011,1.303628464761142,-0.2854816380074383,0.22402099608337306,-1.4178136331543547,0.010487680351272708,-0.5571527403628715,0.15268174898031786,0.8015526476178557,-0.4670047334475644,0.04727646011393939,0.03269765076914713,-0.024277417157850076,1.8570552089240921,-0.8978308219715682,0.5654832555627355,-0.1982258694005643,1.298054431602663,0.5540345450232205,0.15341834277873026
0.8238144475422552,0.021469007805671823,-0.16620596159626175,-0.34623255762018157,-0.15766549426312332,0.058919996912306996,-0.09903361041945939,0.2785256389524535,-0.0417598062665528,0.02778434790781363,0.12219029210456367,0.2847106993923895,0.0002541937463849389,0.08025389314561873,0.08378765669924182,-0.0347915444448057,0.07816703586022028,0.12398025758501958,0.005686309531902677,-0.7027414091557763
-0.01749602185031474,-0.00541712227490025,-0.026845519968067357,-0.005605723847455966,-0.016680308905314696,-0.029439314560593108,0.009510143198398945,0.27477138026041065,-0.012196970011659643,0.005071390329432537,0.029116549243958616,0.012879822674624446,-0.0080114482898003,0.0030647463927121724,-0.011261196563781148,0.02961641365924124,-0.007320687926069975,0.02903408863222967,0.0013560781544612825,-0.01780140704911647
-0.08338147755666615,-0.032754956024648674,-0.1535574134211499,-0.00891037035527433,-0.0011626513660354838,0.15088851674007567,-0.09878056891330261,0.8356557418319983,-0.08688649966495093,0.05191371269424888,0.366106884643456,0.4600126771617048,0.0032434898470946787,0.11777956817556966,0.06135748910609874,-0.02491719425730701,0.04726905281329661,0.05325392558070287,-0.0027329305643982804,-0.06686047375222856
-1.5244384625409306,1.5447633020113516,0.10341752350246056,0.6003919111511301,1.8469796309630928,0.32659197866085693,0.47922523018892993,1.6143985323332974,0.0013110832513287937,1.2445041833474,-0.9639956491003153,0.004229139635373266,0.5797783741507555,0.32823694830708455,-1.5955938335302602,-0.39007812101004713,1.1600650568973963,-1.7127433968838348,-0.39156095671674795,0.9777331341386706
0.06996155969294933,0.4269643291468495,0.38735908489433835,0.1324428206651665,-0.5764763126803307,0.0008552089479383716,-0.1577647937723024,0.04689632687359031,0.31865250449329413,-0.062458211877804065,0.4531406840051006,-0.006213565519934394,0.023309630585410197,0.760634443976067,-0.48169421794874606,0.05200710281736346,0.23658985020855527,0.3552194386340668,0.06196662083977261,0.005018476880650939
-0.01694572847656118,-0.004917496940786425,-0.06793504345182516,-0.035223781191791585,0.000356556552273961,0.02573727179776314,-0.04023102741506996,0.008376204798937574,-0.05842917948669334,0.02484521172004628,0.19522854108698143,0.24381011080740625,0.02261106096840744,0.07681368376238326,0.035044685919723026,-0.02059226932844701,0.030366538225381046,-0.013648707272240433,-0.039625246144130474,-0.04210608027113112
0.042153014457344054,-0.019036894305311018,-0.0043536283814514755,-0.018187269227885175,-0.024406692188424027,0.01152807066185939,0.021754258426956795,-0.025579158374350146,-0.01442460216525145,-0.0017443448444252364,0.012433629055778161,-0.023983735413554887,0.005014214908942519,-0.006290051486732064,0.026734125419509723,-0.0036673422689415987,-0.02539033531067082,-0.02011672245253654,0.034089794040190746,-0.04093677124475878
0.8715711395889164,-0.6522225837909109,-0.05496273025594986,-0.3422739851485861,0.22927476793878931,0.014703472843349153,0.07813009357095049,1.1459526405748572,-0.0007193528869152734,-0.003619360537195173,-0.4448079637326706,-0.013103835839843708,0.016360899047353786,-0.5600699540807288,0.8287496255410406,-0.01803529674335068,-0.7185330189188244,-0.13481652632119348,0.0001567946075078097,-0.6924331192077279
-1.371417981457082,1.555006972985265,0.25731431329328064,0.5701212573739481,1.3406312266410767,0.4479206452364995,0.38357062391993696,1.653670935870406,0.006452480061598495,0.7387855940194193,-0.8542160212977759,0.011845927029308085,0.9222599171080966,0.26810316391245154,-1.4159263119513394,-0.6717340434294929,1.0828649337223835,-1.5827669104955262,-0.1867451221655755,0.9522706600026408
-0.0033431088689234653,0.8526412637834279,0.11956892542025777,0.39248039213273006,-0.5632621178009352,-0.011529005351994163,-0.13180740865147972,0.11045378247157146,0.024528678963862897,0.0033952174264297082,0.572564803664055,-0.011654124852392039,0.004879089895357946,1.1569329696220019,-0.6022316586416461,-0.015877762196251276,-0.03680618722629621,0.2848546434375801,-0.04052128526121036,0.0014299421698121253
-0.4933874699252513,0.3132702628267331,-0.020855275874197634,0.21002689222884866,0.10857015078779261,-0.00853095353784567,0.060088195714296765,-0.09633569196238707,-0.017936981779796864,0.5648080641475894,0.03746405489543563,0.00398696598900093,0.018997273915903022,0.0265352212876151,-0.33452749172718993,-0.015719504755260977,0.3677070310643779,-0.2594237738061675,-0.24972439443735128,0.3902402627564687
-0.002436585856495717,0.027564347638389743,-0.011066584873435585,0.024132741815428446,0.013582670342846138,-0.0037507233404084923,-0.11319924344582155,-0.017624192378114675,0.0015353475665236607,0.005933656230593206,-0.014107499476252078,-0.002422048799561441,-0.010762778859749026,0.006149767291953691,-0.053043769916804824,-0.006069970188382689,0.009920294371426934,0.18040869205256035,-0.008883104080819219,-0.008485470085279298
0.015295178688870729,0.24279313813465753,0.02643091432739824,0.009375799823228621,-0.15250477619842337,-0.014505275383838459,0.3094346503558141,0.06898494770527945,0.014863179767219138,-0.00932157057044942,0.09774571994393562,0.019013291873707167,0.0035307842929177876,0.2283027327688462,-0.09876886823839828,-0.0028497820274882555,0.021358187700521107,0.18735773743519984,-0.01004816015904742,0.006187243797953441
-0.045804943184930585,0.019220511404722668,0.7204116371574976,0.0016881677267056574,-0.2445364076401965,0.01107913810209797,-0.05372677635094672,0.04910174298631398,-0.01608104738808134,0.04612983167000446,0.696364476110875,-0.018893709020911975,0.006610602153048015,0.05887313392722984,0.06927208232117579,-0.024165874187983855,0.014725471618486977,0.06411117894363948,-0.02496426055768202,-0.0964746954784767
-0.014702373066430489,-0.010239867775479226,-0.010516885248404818,0.007864224999568804,0.002786650542193337,-0.009289111759117185,-0.024646028471903367,0.7465816562013804,-0.008270556589149117,-0.005111058851914745,0.014342056039602768,0.010395031341246752,0.013007594481770843,-0.016726424177099138,-0.005877902258200653,0.0022713579277374467,-0.0069244881911817045,-0.013999737408205488,-0.027963016242118267,1.0109482695750363
-0.7078079268228029,0.5525641834650048,-0.7083146623700002,0.28966595314518934,1.8968149331763706,0.24102143782878316,0.8627542639628971,1.1152251405907814,0.005066244324330168,0.3877855458471081,-2.282339254190338,0.010433731818958606,0.4344608152418692,-0.15605725461342596,-0.5211726165441458,-0.3088619927282951,0.7351137747744956,-1.3654181076816043,0.9003897832151778,0.6860300911167468
0.006232015724163874,0.00821087105861664,-0.002797948850286956,0.01075275243593102,-0.02405871908344554,0.014969468074258243,-0.007700118933679835,0.005009762225693489,-0.0067620580553765935,-0.0031615038361729186,0.18377019658546298,-0.014491086532618052,0.006072358031073137,-0.017278740560792982,0.02658223007462835,-0.0016911483059535212,-0.012033745095594468,-0.008206393331180215,0.010572685318672418,-0.035949803574036585
-0.09452206633557776,0.055169142588695826,-0.03223280504497844,0.039233284386409426,-0.016004185505004733,-0.005221466472899752,-0.3416178544854342,-0.053942759453254344,0.014553055171784238,0.14378756468107484,0.0414522450478489,0.001560121160526446,-0.015019592424003844,0.03233803389143577,0.2547692940828271,0.009909859006516126,0.07936116862632019,0.659612071776729,-0.03815052226411484,0.08149340134845547
0.001914911407268901,0.003928708922173249,-3.837281815552256e-06,-0.009549793832094705,-0.03704601941063672,-0.024816714981642327,-0.23514989669470904,-0.03620310541996179,0.014276471486255202,-0.035604012023953156,0.018303595075271493,0.0033830344028192736,-0.003970574515652925,0.058454935506254156,-0.030108622380817594,0.00305811279490183,0.0024448293128425894,0.4572448103687787,0.005105508789457756,-0.003188548480509864
-0.7672593609542054,0.47593586390137604,0.1353512438633775,0.30140783206256555,1.2777357961286429,0.26191661288451357,0.36072756193420474,0.9508688934017274,0.023454676519246077,0.4260054049877475,-0.8023765920038333,0.005542452015282315,0.5317832629320864,-0.24358168000289984,0.08523606160829743,-0.38681076948934523,0.6226608453259597,-1.149763881978353,-0.09997142925330234,1.3664500639098351
-0.02520789577223521,0.025858830267516363,0.7645766906517194,0.018540757084805817,0.2660519990643697,-0.002646952767556894,0.08379622023213916,0.3538131947702275,-0.006543118191183123,0.02403520597228449,0.5687039675219907,0.016289518573911862,0.0016588833194693207,0.3067776301817234,-0.08404074064926423,-0.011200346071705116,0.03079562316296414,-0.15273404402959356,-0.028396217812859295,-0.2508656850331778
0.0021300726343843022,-0.029279639788037017,-0.0066690445688132845,0.0023099492994411233,0.006767290994599176,-0.020528870045130473,-0.0020514312261772495,0.7735438564942552,-0.021248738462224206,-0.02381364082000516,-0.014622098577722162,0.013995840191246113,-0.0019678594186319127,-0.008982269899412709,0.017919124003030678,-0.02075146669952678,-0.0017054927336391974,0.007198580549788362,0.01175377873465888,0.42269222943282303
0.020635787911624615,0.1486162191987976,-0.7524203413588071,-0.005077741986996945,0.18810713916903624,0.0008690490501590273,0.39044497112288207,-0.013221924645908836,0.014500743929742318,0.0013371949334396189,-1.1610509910379176,-0.011000320773779514,-0.013312731635368261,0.05847470665257604,-0.23473736891903535,0.010395531776086028,0.13792523360880388,-0.11225373548038044,0.8889599705605918,0.2914117677800334
0.26770666145443894,-0.16380192829634582,0.12933767633196652,0.536037837932406,0.35964071892709,-0.02240449814727414,-0.2336526796814522,-0.03237501852790639,-0.006643275787674984,0.015632916157517517,-0.20765556756808,0.004723079297878198,-0.008550415910062725,-0.15965633108831626,-0.3683210291644229,-0.041385219500658724,-0.17156443044664468,0.464861328638986,-0.019923554629391972,-0.2426093344309345
-0.13759099826419657,0.08353490119669345,0.006878973797871401,0.027961717320740473,0.12340257360525078,0.04969833512525351,0.043105074374155304,0.12006496411419362,0.005272878962540891,0.0744488885256521,-0.02752303349608755,0.022918461947174742,0.08419879748970108,0.013075269594097836,-0.0518134184353384,-0.049603912294103734,0.1117865939649755,-0.12003935477119604,-0.030846077149651954,0.08671251436632177
0.1252823611631832,0.4982053895196712,-0.11673217933788103,0.33493888766239593,-0.4250154051302883,-0.012614498790420406,-0.24136260759898331,0.29509411100423605,0.809472623691922,-0.1804262725699907,-0.22820406734047896,-0.009896273643322722,-0.032681089862060676,0.7452841048199076,-0.7538975929683229,0.1849037490796672,-0.07707498014073909,0.4330748342770318,0.14974149226133995,0.12744016345761716
0.07007079574745313,0.01486512693990916,-0.11992810278721679,0.36628782004145166,0.35627934078709345,-0.0025498802372451875,0.005002710196150842,-0.30177800175959846,-0.02703567780760401,-0.09541428053128007,-0.32421996423134464,0.028174474329566747,-0.017679124029366576,0.3375104467884703,-0.4448674807737646,0.3963474400480135,-0.0007728053596237801,0.16851595816925338,0.272707401966639,-0.06509610786288773
-0.5872979309900502,1.0164766502525704,0.04257089972225037,0.6335965228578018,0.4408746281728722,0.38608451040246644,-0.45857892848927095,0.8625775345874781,0.8943339673750474,0.7075870528589138,-0.6283467131058378,0.03511268241793432,-0.017210693831694008,0.6440174373759768,-1.218610673054841,0.18859151057772386,0.4535063543711242,0.05267219561307613,-0.11349743947976781,0.5408185093687055
-0.03615276078910682,0.003694783144215976,0.0170182878912934,0.016067184317166236,0.01664030987271059,0.012653656853606003,-0.015167868652313028,-0.015269035756281562,-0.0015437960699650308,-0.012224360054205376,-0.022414375999724723,-0.010121064752051231,0.01625255178451099,-0.012752607526062564,-0.014320430076371784,0.013952128260562916,-0.01156228078096476,-0.014370045458206228,-0.0021245302352557796,0.2915997002544081
0.14822299462291869,0.5154765279809645,-0.10030593345087767,0.36273651881454716,-0.40230371244978336,0.007618747178718743,-0.22838366135528046,0.3082227977184176,0.8313934755007195,-0.15753225383248054,-0.3236999645710624,0.01503630867113196,-0.016861019726354752,0.7519841834083945,-0.8107954572898186,0.16639283518964773,-0.07400029656754013,0.4029785281860923,0.15875672834990925,0.13723943090360943
-0.7261290747391526,0.5725126938150485,-0.1667549426413653,0.3183232538013678,0.5782118508049838,0.4833030086146461,-0.016829226699284085,0.1006446677124354,0.0034376590175861158,-0.04503554261387446,-0.9521626248745848,0.008483060313942057,0.9567985502079951,0.3187515635188555,-0.6832453526270021,0.205695691201,0.719445255384093,-0.23169422308242565,0.6974997162408607,0.7127172509162826
-0.7667105733325539,1.2609815708494763,-0.7367566092227601,0.2910047457717311,-0.07702207693302196,-0.004934362085887222,0.2971426559607913,-0.2349139294004896,-0.0054915787983782546,0.9386619180116001,-1.0180390859448045,-0.007297583178064031,0.0071948676384883375,0.697699640299882,-0.829081474057781,0.005825351358601951,1.433489556638478,-0.25050266745039496,0.4371618129031402,1.006736866775977
-0.04626728523514499,0.04194396049952878,-0.007944995241681706,-0.005714118447172584,0.48611405580395084,0.013671525667987308,0.11338539440837296,0.30238738549804095,-0.016372002809993135,0.01347192667343912,-0.2654683330319365,-0.011796179730904782,0.013462268550931274,0.011979292004989695,-0.15221515778001565,-0.016273362643885854,0.049608428937344885,-0.224913031397466,0.025338774418675873,-0.061712534582594965
0.006306601725374587,-0.012559128207791329,-0.011583764338266325,-0.0072552814968322756,-0.0074389722646226245,-0.021186511143546798,-0.02274484095464606,-0.017782578985975822,-0.0102649443177258,0.002779093681110712,0.001114953597219531,0.018738307969179725,-0.0085366049973229,0.015916469632929656,-0.012948864345051577,0.025609790660640577,-0.0013644786796457283,0.020668361756640944,-0.005492530935858537,-0.011046702475083705
0.039690330656477875,-0.014425439036558262,0.00492825980486125,-0.0029012897415912377,-0.03743078248288194,0.020701319194736466,-0.09174194840085283,-0.05178742975100958,-0.0056226430793709726,-0.0034597788369315208,0.025782028136476023,0.015788209596813423,-0.014415563626837411,-0.030513942426374015,0.9974640206969922,0.02471049137247947,-0.03126821218869635,0.17168697189604212,0.017366732964363196,-0.030867310216299768
-0.03306848837733862,0.017642963672582786,0.002180833240446102,0.023608178508578534,0.006996983743144879,-0.00993739545717098,-0.3016305845468911,-0.0006584319083170493,0.011257723137117951,-0.010432759194243411,-0.02246418126569048,-0.014539714465349372,0.016523450721842553,0.027307571392373598,-0.048568220963313896,-0.005447082736472539,0.014263664646341996,0.6082536464530929,0.030357407897833137,0.038984497374900604
-0.022456207041363523,0.0023338970643189756,0.032309973288473286,0.010588633124514203,0.04101996532875871,0.040044327490977596,-0.009731290391872567,0.04701875256703291,0.006066575757616708,0.01215287984494295,-0.027666133693045637,0.001567007617368792,0.03358976294835005,-0.023718281412366725,0.011027593416074085,0.006449951036528307,0.007828917719919979,-0.02817246166096548,-0.012557737370731199,-0.033022412164783396
-0.0029719058543464278,0.023318738850507413,-0.33469940513099034,-0.006575129706106384,0.09982097397845686,0.0038661281349417903,0.9756766263095822,0.22122972301943394,-0.007060032345230854,-0.011960797572220669,-0.4932691681635677,0.026822731502754382,-0.0025830014084640505,0.027714688092561203,-0.07247751304240738,0.011874303360208241,0.046318367526624105,-0.04184000362485559,0.4211073799042268,0.8295348857489737
-0.19254439713239987,0.09013300100243872,0.05684207861020753,0.044066059916782314,0.18263163383203165,0.052089496502498556,0.07128423997193216,0.17450107053159497,-0.01588962922613487,0.08315116027656948,-0.0896739285381184,-0.0439142971504657,0.11441039118678682,-0.04019481152080011,-0.15513828439416563,-0.09366379472181723,0.13264431502679533,-0.2058617388726429,-0.027239590093856653,0.09446085493893218
-0.03623903732779174,0.951410896202961,0.1955202053758977,0.8491918011621186,-0.024337865364491423,0.008387005175173852,-0.020026239939153673,0.3018847135306258,-0.007923101070813647,0.011142683689795693,0.13652789979482477,0.027756027724486265,0.025704547309488048,0.8804471716472141,-1.1772991014628957,-0.015843445628825493,0.04439418909588399,-0.012894928103462381,0.00045737351461435033,0.3283308878753497
-0.35728426602950636,0.19744383917613845,0.07263805237148466,0.14453037064150168,0.06785412011025715,0.11998892922025431,0.025985016714514544,0.09878994876956607,-0.010510120799600247,0.16357965638470473,0.23206681514175476,0.01243478372427654,0.22978563917735814,0.4970471493682397,-0.1993083206319237,-0.16917956109457963,0.2728965773008203,-0.25137962235955363,-0.03223030188053146,0.1980551623129552
0.048736228811467,0.013826053197810707,0.18658848038918213,0.8430964821122502,0.29121127492058396,-0.002598603824801411,0.06730488263167042,-0.24699635161479738,0.028630325295195894,-0.00943973156853516,-0.027746647358258984,-0.008584469142657687,-0.01973181012593776,0.031051614199897493,-0.777809644185963,0.005778617378161693,-0.01982616223394772,-0.1209133172367391,0.017706281515721956,-0.11111058983637921
-0.04433820230438217,0.024861810280273164,0.023816653435661934,0.02558089785366441,0.08741188191541084,0.0033555276597425823,0.020134812652219343,0.05291373128394628,0.012770677362200986,0.015308710949674195,0.5639477591844038,-0.007018148513966005,0.0032563041660429344,0.08694469396105005,-0.047961824298370766,0.01459272864386022,0.026755360465285663,-0.05831175026345388,-0.02714204438946977,-0.15762728185724734
0.01723590980159827,0.8828142816269609,-0.8078775098770044,-0.005843097259007373,-0.1713669253216452,0.015582547860106061,0.2926946578069649,-0.015934240447852136,-0.00021733664761972547,-0.019583495136483983,-1.3049773729134206,0.009624867004566768,-0.028629928601164173,0.6940405857758396,-1.017025854200442,0.00996214317672069,0.888814399278411,0.10165075505860706,0.9669924689290575,0.46029966588918064
-0.0025725593958376095,0.014333719950133078,-0.010110885218896713,0.009973139519862676,0.023583723944561204,0.0005285151314012929,0.004290473785223922,0.015627767991804493,0.007774472173481732,0.012448730345888483,-0.02272692732072586,0.014178800932317027,-0.006243429542358421,0.01823610112014507,-0.04270456640916262,0.007370804107467287,-0.014237636473072092,-0.020801904719287435,-0.01623385724872755,0.0016045231263843982
0.04589142842139111,-0.019374310528260365,-0.003730346508685474,0.0009569929513271215,-0.0538407932645938,-0.012976787239390612,-0.018213644623537608,-0.0272452108586399,0.015206361969141727,-0.019704061679889508,-0.011396084922529935,-0.02413761720754603,-0.029042908247298438,0.011425726254256221,0.04767299874233956,0.0395746087969277,-0.03867469855770357,0.021429068447348414,0.013851780709003182,-0.04890478474803313
-0.016004686489686837,0.1722175933775393,-0.7656084751742308,0.015281869657515847,0.24256858976597737,0.01273185205875307,0.3940297844282187,0.011443333656637921,0.003739305149440749,0.03404411262524801,-1.2048447835758773,-0.007232827716709726,0.023158930210870204,0.027994991052540413,-0.2716263705807539,-0.013286767638319883,0.18507870362887474,-0.14345228295260964,0.9136219529787883,0.32811315830349314
0.18868509509445264,0.550268667097133,-0.14895145495763093,0.35424774556720484,-0.42081302432526496,-0.004605838164779108,0.5095051137299674,0.3613685874948582,0.9199157325496082,-0.1614199674041333,-0.410363175427064,0.009159357878797066,-0.009032606821487781,0.797050432311531,-0.8636837891107364,0.19764325393014176,-0.11929097430218807,0.4274855428573251,0.17891353221687095,0.10933925527009258
-0.02199582639845904,0.007930679380323451,0.057130623988649806,0.4134807836870805,0.19117007032644645,-0.011323426843760673,0.08833176928014637,-0.11192722200714214,-0.029201371410549144,0.002380217039944583,-0.08192106482326812,-0.006499526794778294,0.012845207196335726,0.009128759814587745,-0.36101781712903797,-0.008928174664249675,-0.014489011034746958,-0.11774365578320299,-0.0014944929519551016,-0.033491386843161754
0.03925092411242535,-0.07736836407890493,0.01596735076859372,-0.02306775295242675,0.02127582817074746,-0.014007372268330927,0.03369086206014676,0.2581321884458054,-0.032432661167306524,-0.030702465361901365,-0.02231405849920511,-0.017282570032430958,-0.015765087233654346,-0.06305139653380576,0.6526635338705447,0.01077819936673695,-0.03098746219697093,-0.017478782729086886,0.005233887570306949,-0.02994854709331886
-1.1726677300040285,1.3158578937711718,0.03315736153950591,0.49669890774639075,1.2992418246104085,0.40955628474019296,0.45873633791297563,1.1261602857971624,0.0063686575546821195,0.6333524593590966,-1.3957669602671432,0.012924810879986386,0.7819041466647713,0.11934308912792171,-1.7463244464227647,-0.5979286968037462,1.6380810953047542,-1.4724607596389097,0.06786654286236218,1.002910343865447
-0.022153666155332964,0.018906302197794593,0.011704737392546767,0.0029547890547759557,0.010068564449642693,0.014961776357483095,-0.046316230624661656,0.05972732015027127,0.03384428994277297,0.009894978881770013,-0.05306472682802003,-0.015603296815587768,0.0025915327087658972,-0.013305055336795601,0.6617111808346741,-0.025209138295484504,0.023987058282396126,-0.02827845410225617,0.0003866198940493764,0.019181119993909236
-0.0177779345209681,-0.0051781178034163485,-0.0017682379328250956,0.0029369996841348035,-0.34954843205502545,-0.010278001159340772,-0.06257682713879949,-0.22981641369262054,0.013498628507097645,0.020802974631511477,0.5156690358593896,0.02055847748761079,-0.007756975700354976,0.6260819399846606,0.014564240371273778,-0.01441424264475874,-0.00023023644086941474,0.1673053010948371,-0.010018741777379235,-0.03626676412929955
0.005138705519110134,0.024847718659191637,-0.010012946139873906,-0.03172457535723857,0.005407267510893071,-0.006137890067377505,0.009115357691681456,-0.007610082735090284,-0.027668860057919763,0.01960715695316912,-0.053046983379613166,-0.007538413813878828,0.006048655670420104,-0.001402153938921416,-0.02113291583899762,0.0027741178686386714,0.016919531256562693,-0.012612784187776789,0.014165802852993438,0.020432660648722734
0.027577877846182618,-0.0043349203572321995,0.7855235120847744,0.8998355773479731,0.1193865645018459,-0.01561239482796937,0.3464619401674041,-0.22439856048704795,-0.002988562220112616,-0.009225045990739904,0.5532679944392349,0.009565606373156347,0.008840740429411933,0.13327006685276302,-0.7610130444450827,-0.005186081836817707,0.0026593642246122203,0.3205036182344285,0.017339173964406138,-0.2254109515296178
0.006467314321562074,-0.018640275182647843,-0.006594579198824041,-0.009642512110103797,0.027643077765511392,0.021749501715243293,0.004229740072587514,-0.0040046578015236044,0.0018035238931878098,-0.009128589819020514,-0.0013098155696058648,0.03326820635443425,-0.018954025545583744,-0.01328664055583813,0.0010293245894730466,0.014198835524927978,0.006151410518353149,-0.017865684430909093,-0.020440483046184198,0.3277882731751058
-0.06080852053642528,0.08417584960926813,-0.305334801717749,-0.06390644738656519,0.20168322770352692,0.24701797340751916,-0.21805753965647265,0.19361054537887507,-0.22195025608603886,0.08092486439580243,0.5840752548393978,0.969512037943166,0.012661181456327154,0.3481451815204805,0.14655821524821777,-0.047105200825569474,0.224847235756192,0.0586282486422462,-0.03167663875820718,-0.19251609089295402
0.016537615919127988,-0.01597804094892196,0.13144751213577618,0.5295769004538999,0.17406547639613074,-0.0006445470408143095,0.03166626883985148,-0.16270254791533323,0.004195828484226617,-0.009184988439017924,-0.009810016643588975,-0.004800698716627775,-0.011952299927591923,0.01079325238196191,-0.47736473795855766,0.02085666170982264,-0.007818346503774488,-0.0742168374009971,0.009670170584361313,-0.07469673782691337
-0.028556503439021635,0.009674145453523592,-0.02341815802569939,0.00451104099830432,0.011663407815420275,-0.018317628397306548,0.04864481690931361,-0.00734515741445506,0.005159883957172658,-0.004380601317696647,0.003770950474240375,0.005437108209328665,-0.004741026525883801,0.032818775531998974,-0.023532963745749688,-0.00676802362878186,0.027147764286023817,-0.011889498384835228,-0.010581884727532073,0.006861748181406942
0.02980543056899122,-0.04074179645903282,0.03612975063131422,-0.027334637762540442,-0.02063659378662607,0.01570569717999822,-0.13984338880557257,0.02380719275171008,-0.028878371652435446,-0.014027651591038233,0.005613413975996202,-0.007897846295030292,-0.018250822156233432,-0.026204395506337158,0.08426887551204748,0.007976187114808256,-0.05817983531133314,0.2636680129923701,-0.005730799445897287,-0.03376439675912858
-1.2285500705933732,0.7307459416509329,-0.09261086142126665,0.4711026790406319,1.5654219955632556,0.47660456990467076,0.4591864969737323,1.1558427811001437,-0.05863282567991519,0.6529654573718114,-1.1431111135591054,0.2063678660006642,0.8084084600186683,-0.3141879017440871,-0.7659606462168321,-0.6355347201767818,1.027101784188748,-1.5632882831892163,0.14046048003431544,1.7536198313118685
0.22502931075144633,-0.15649965518297598,-0.023674326222880578,-0.08899664539789923,0.03980521250703334,-0.002140682037833788,0.023855967085029038,0.09282453850617838,0.024475001662371838,-0.014451397608956567,-0.1255202450264761,0.007600452034644163,-0.0012859424256417662,-0.1477911507435333,0.20795499463879974,0.008210110849735722,-0.15816158626633367,-0.024496385703429713,-0.0017987629252398437,-0.17910803648827295
0.004822855368353083,0.5843376415341226,-0.008352168940730507,0.010901469279729181,-0.3199367445600769,-0.008354750791545455,0.5259741131132314,0.25186282042610464,0.04961717989618364,-0.007829257274482592,0.1629657326361916,-0.015926319003790053,-0.014776985435666985,0.4977259396069449,-0.23548424368913343,0.009244416774996827,-0.004665377950583791,0.16896164137461053,0.007999700266007168,0.06857430435890799
0.930503711737816,-0.658930682479809,-0.08742608444540005,-0.3540081203098674,0.18000607765699617,-0.001254355898428244,0.03259594220692132,0.34968217499339266,0.01126814284557842,-0.00223510522524636,-0.4540781295945978,-0.0013248085086378157,-0.00022433273667629358,-0.6014143979986994,0.8441584599069121,0.009170939169575185,-0.7668185180784018,-0.06173769896237219,-0.0005173380449976337,-0.6911267533335675
-0.037746681692117146,0.013827564486725938,0.0024060908289660885,0.025416596344269696,0.3988565498502282,0.0010137245070120744,0.11154143422659984,0.2460126593852292,-0.010945821817407143,-0.006035340358170499,0.13118952205890966,0.004584741048356098,0.012268691423263822,0.8576060902902125,-0.1382714628773212,0.007327208484878736,0.033434708873112666,-0.21159673630754103,0.0422169668158423,-0.16819826656893774
-8.510485966889934e-05,0.6898364368134376,0.03659896390349542,0.004275630340180317,-0.36186680666228027,0.034558773759326235,-0.15498831269151137,-0.015264594151615924,-0.0012610946485960978,0.022061699604341234,-0.08750061292907825,-0.035515397718251115,-0.004614202137493679,0.5734998699913693,-0.7320600004511357,-0.0032181353885401037,0.7669553879119727,0.21708503244163582,-0.0005803991104087321,0.13281222667972345
-0.02176520305336013,-0.002100303748024293,-0.019998030493617452,-0.017217266060003462,-0.008824907923418352,0.01671757719989569,-0.010716194023403215,-0.008262411135728573,-0.0012036711975329578,0.015838406379421053,0.015807835637457735,0.0032470678118307113,0.018491188006839108,0.029023622122171324,0.007272641894756262,0.015176637643125223,0.007752052998046563,0.009381241378892305,0.013054265409365901,0.014426112246780793
-0.004222204348515561,-0.0011726181567002255,0.022980531066982328,0.021828784724748307,0.032271830509763455,-0.004653055103364671,-0.046304420777840055,-0.01653021410210534,-0.02469603095237371,0.018350442501305696,0.026466554174634924,-0.008128610724166142,-0.005909414032611824,-0.00671956096952763,-0.010577451612183632,0.0005053466167484512,-0.012086824773083012,0.07801060433545824,-0.04063211887270565,0.00993682587793242
0.0018951167431209498,0.0014728219826740199,-0.15733242776916107,-0.004568023861802037,0.02685754842553075,-0.010326462466390678,0.09696288650260802,-0.02158929493401511,0.013986366950799484,0.0010017058700237755,-0.23294005986525518,-0.01707433501518627,-0.0024082948646905154,-0.02213977452210218,-0.021842188460589013,-0.01798613850925496,0.001129974911399087,-0.04088537426589784,0.15775675877670248,0.06524736109958602
-0.09219606001097788,-0.029322295479804604,-0.13551372673576448,-0.00266867933414935,0.04677591872467326,0.12653878909336844,-0.11045732215909682,0.04589350543651435,-0.05852890885465779,0.07937884070124027,0.341176370661714,0.4710879233080538,0.011928184824383906,0.07395485112643364,0.07022759010315374,-0.05485653738811112,0.04468576768049591,0.025854834510713576,-0.004210449087543158,-0.05984571766784968
-0.11755275392243503,0.0922305397180715,0.009505848870536838,0.04362278992930137,0.7567344639014514,0.06217557055254246,0.18471471460615546,0.5178295647092198,0.02889210418460695,0.05234562639104194,-0.4938173651332386,-0.009626007285009675,0.08756835729399638,-0.007635316044521265,-0.27075697424790857,-0.030656357503911318,0.07419892671320732,-0.4087418195558504,0.017163502579882632,-0.010632538927947476
-1.5343037116088005,0.9024067656045329,0.3937088059640239,0.6250459020252396,1.952907945360811,0.7011724103006538,0.3160005284319704,1.544900159174989,-0.00622508710913498,0.861738894966377,-1.1965669527193563,0.019334192587265864,1.0048071766658837,-0.6024250680359694,-1.1681234520165762,-0.758761509068573,1.2292107775895764,-1.8123907786629034,-0.1685477261575696,1.0497880806544555
-1.2115532716447919,0.703568142175884,0.3069899048916884,0.48243100898871094,1.493354879878295,0.5011397658418932,1.1810457140882438,1.4312501256636099,0.013723595271126265,0.6708838377352218,-0.9036692530889432,-0.006959941926535944,0.7999087974303142,-0.4357675937873856,-0.9320117421372125,-0.5696810048713526,0.9693903624628569,-1.4569792212985533,-0.15527921395631028,0.7736469206525333
-0.03952206885840619,0.008620376518062921,0.07785519646383865,0.429723778030131,0.20833993558509323,0.0038619703348319566,0.05519859183154329,-0.054181934878822544,0.018008158965416417,0.028151673197188365,-0.019778717843109236,0.026036599758504503,0.016440394905452307,-0.011710050705725367,-0.395900870280417,-0.023630102033469505,0.010777995561764321,-0.13609377286772903,-0.015407481438503273,-0.01706666774994442
-0.40090689463086593,0.6941151161167421,-0.03498664091872994,0.16356708985085108,-0.1669358000369995,-0.007389085276972733,-0.02559462341074225,-0.11183716448858122,0.0015307800592708077,0.49005808021821107,-0.010158384748206014,0.0022475002617751375,-0.0029466913444507175,0.4005443327272176,-0.7313459547463561,0.00777897673734797,0.8096767710335232,-0.07316365325664388,-0.18229636643078345,0.3718308977452983
-0.028288161041366913,-0.013567284391192237,-0.0876077885080501,0.01144508473652102,0.7305207899813234,0.05891288993504287,-0.09301158671201583,0.4288210931815185,-0.04683511344871556,0.028995038889553598,-0.3335458793727689,0.17118487928441592,-0.004877994574687705,-0.0065857150798643155,-0.1292042690437388,-0.02851226804678874,0.033816626823911275,0.1260770825776273,0.01013850087288616,-0.10785174552165609
-0.269315056303052,0.1139521359561331,0.15450188655722993,0.030299942825482484,0.02992689123078692,1.0033228795329263,-1.102122845331212,0.32067515072164704,-0.162347390177982,0.35341841483888686,0.7566658193910512,0.8651216396569651,0.01912852321380621,-0.2548462430628904,0.4893159350537939,-0.047161846170555057,0.24490755698858374,0.6656308313706162,0.005746831367856559,-0.03294350594889342
-0.23163712239545728,0.14953302305171215,-0.00483318955748901,0.09486471059395533,0.00944137335910702,0.0003798298296141937,-0.0007845125919515423,-0.05617651966126393,0.004838658362675025,0.29434775431541954,0.07124406854717265,0.013466165796019152,-0.01777635251593146,0.023014825673160613,-0.14508407936044418,0.016429679019615555,0.17123532386609241,-0.09434689237229368,-0.14092579952451934,0.17154166203552834
0.0025639206257338813,-0.007624393251821751,0.11546186479144818,0.009582166330881825,-0.027739065439817953,0.0004740082502419085,0.01274598402088072,-0.0015404981633538352,-0.0011163444035897506,0.025745200979012152,0.23148255966218387,-0.002915770828188509,0.020076237285555576,-0.00605225770550696,-0.017800197560752316,0.001203391456146593,0.011815157197651862,0.0046757015435235656,0.004090045009748694,-0.08218617587358186
0.020236129909813848,0.007097631166812637,-0.014387275131041863,0.019960087751749168,-0.12205624037574136,-0.010892193213626635,-0.010327336010449792,-0.08360771707423886,0.007102366840125317,-0.0046187414569897845,0.16943391375158864,0.0007582283002514137,-0.012673936666797558,0.20792482720561634,0.0019594743536490216,0.000416713660680056,-0.00445847084975042,0.046235883865702376,-0.011425576958658722,-0.004120735979502466
-0.016543355591954592,0.019622706986322205,0.863635028653521,-0.009508020131539847,-0.30633684176783016,-0.002862925994216535,-0.04983251572750394,-0.0030655885093392246,0.010774361680644296,0.009678172773626932,0.8612556051682826,-0.018156510670522433,-0.003442537758943792,0.12864028616500195,0.040338449393772215,-0.0032470477917911377,0.05138335808561917,0.14653873785253063,0.03960589795894667,-0.126194786509374
0.006103944229511656,-0.012796606503681722,-0.023739137753806594,-0.030047414792453313,0.002680948620044708,-0.0014856293466110606,0.0031130080241388723,-0.01687073118131061,-0.017897842549435865,0.007593589879285725,-0.000374471008295291,0.004929023405995173,-0.00858246350384369,-0.011142851548703939,0.03131392225678546,-0.01704979912050543,0.008104585750951385,0.015643721331455397,-0.015462339271810097,-0.0016725426594862052
0.008774197355566662,0.022172053032817718,-0.012238366192465749,0.01164931116450367,-0.21800153150874005,0.010123399437975087,-0.043142649053312346,-0.12215379408411864,-0.00209114576440955,-0.01339921038535086,0.2243969208566067,0.01312690120829265,0.005917205860953817,0.3320181302566709,0.03261123781934525,0.0012109290714103031,0.027577163967277586,0.10669555710774264,-0.0008392631299869065,0.01792156677022664
-0.10966431641749515,-0.04517966503765607,-0.34902237106164147,-0.04438875382740866,0.8238397499672003,0.23374217858907426,-0.034820353453051414,0.5018157871893371,-0.1827889473529578,0.10259880611372517,0.21854988131781497,0.9627086104490392,-0.002506200337375023,0.20460121286526647,-0.06238572814494825,-0.01850350498567005,0.08220879334867456,-0.26801744372759073,-0.008527569358391574,-0.24546775102895785
-0.5635182969175236,0.36820017675184014,-0.0737382167509103,0.23111724442834183,-0.07090045859233816,0.014933184166733244,0.011378366408874055,0.11386983700083927,-0.023197619099514753,0.735542330474878,0.3359145406733878,-0.01849788024610291,0.032856303103831024,0.34642354489327054,-0.29774835832860524,-0.02487170425078125,0.4253737200911819,-0.2001370805623561,-0.29005373375038634,0.4047210563464467
-0.024629684606113218,0.0321499782023794,-0.014018185863556652,-0.01831115222410459,-0.02377685969598904,0.013041884107896059,-0.11781963685589711,-0.013903146162850235,-0.009925739883113826,0.0020477800256479745,-0.015784907897847283,-0.018151261594521125,-0.009159637220308381,0.023631709300714638,0.08537201701092323,0.017886804623216877,0.025884682507911486,0.25056781870252925,0.01648768484051042,0.040030428384958676
0.028113292074425447,-0.028849029708743444,-0.028089788165111672,0.002871005309940118,-0.013612088041768687,-0.018116820307113108,0.030926976402759196,-0.030126495690245617,0.0028665483704823987,-0.022072366668452827,-0.020391444168227482,5.776192687919745e-05,0.0017645485754455015,-0.008738576868580492,-0.04412623587066711,0.01744565750575264,0.00027784755021488267,0.031671712711232494,0.026618640426712078,-0.02211639937624382
-1.1262810565488401,1.48296033523989,0.22799547360454672,0.42800564019208287,0.9571587278223875,0.4009414783609565,0.7247381919277307,1.481076534109388,0.012406241252731879,0.5783781162718337,-0.6242624284426401,-0.0157701668078635,0.7287046206437113,0.39738700421291334,-1.2382495935142679,-0.5665319882379342,0.8767161151131406,-1.2295476077655736,-0.12410569698226165,1.6605295096117156
0.3744966402175102,1.2731414597106123,-0.7308032731918952,-0.22480393449311636,-1.6778483716121528,0.19712424560611622,-0.047965082807329806,-0.6964274117025061,-0.1670487482612247,-0.44879950232164967,0.6844350203316899,0.8438177927846119,-0.005918361717971781,2.076513298678586,-0.7673273724267929,0.603219951583973,0.8172636349485037,1.6485618168091065,0.7568686885563333,0.059366610092818635
0.022232260436544537,0.1137498368553987,-0.5438787227979293,-0.005483407368666501,-0.10315007935496882,0.0013697706085028533,0.21321461349424425,-0.17588797882577473,0.024779598459837644,0.005688874269155516,-0.5427648929182964,-0.006115442249231684,-0.003256179271253844,0.48136797658791086,-0.12135904288527874,-0.0019870159809550533,0.11513394140131333,0.0606680341492796,0.63737014348105,0.17794405958770557
0.004171446677298583,-0.002733209854580018,0.2703591527662512,0.003938460881320215,-0.10360790470369753,-0.007294615731885662,-0.02584316145888544,-0.03517557783651162,-0.025702731738171142,0.000991358377384963,0.3191844414665731,0.011189043561833813,0.0035587429397717055,0.08266313942457629,0.024745600167687315,0.014298323177866843,-0.002796220848769182,0.06788857657588727,0.008724088155048913,-0.05890353167701709
-0.0056086398167714225,-0.00880056898876252,0.020031290642583764,0.016401920780717723,0.007346742913403628,0.0311032044285411,-0.02164485632960029,-0.022641122598806986,0.003605194920545708,0.011226511629719462,-0.010254850408106416,0.0046775810377976705,0.007028405776444748,-0.02546801083837606,-0.015796065836023235,0.012927338549109834,0.035131681515303964,0.02031126318306517,0.0073434155921161745,-0.026645665259599532
-0.20070415153395857,0.10705393495267587,-0.04742760790829943,0.06833986292694898,-0.0031186869042334094,0.0317146617171304,-0.0467843094116154,-0.10619380570492402,-0.0005163728287190224,0.2917750349101902,0.027781762586992338,0.018778251421244285,0.0028711949202201137,-0.002477500513279815,-0.08455136143265447,0.055598018436197674,0.1362951006064386,-0.0375027721053405,-0.09026818121815174,0.16913618524446317
-0.08025773977275961,0.08931173836279403,0.206186071850541,0.018093133756844845,0.029853795071918886,0.311891414646423,-0.33802068770101384,0.16913843817842092,-0.0044591431072988005,0.10450923857910167,0.033278207951184746,0.01641644701599583,0.0006252573552494442,-0.1902413711743124,0.13827119826851603,-0.016210551333483706,0.07889954427719525,0.1827987914406386,-0.008251343655863788,0.055865700557300196
-0.020148256367306196,0.709582509195554,0.057192533023550755,0.1336509162448171,-0.2742184729822268,0.007153448584414681,0.16685655755017123,0.007585906062168819,0.011841568996244592,0.006823342066354475,-0.08737023790121348,-0.008523802252019501,0.010693312308351206,0.6010783065565981,-0.38765465767630714,-0.027499658253971448,0.7627335661984724,0.10731001578458126,-0.024897964040863217,0.12200318972029935
0.0020516458214060677,0.048572678868720146,0.022742780266406394,0.011874880831361113,0.0112772289910055,0.007316091798234075,0.008811939726730927,0.028495259491862834,0.02737092674290327,-0.01012131111593331,-0.03165519854298939,-0.015783769884662957,0.004147880779669934,0.01913542119627809,-0.0296265522959627,-0.01791955873123751,0.0022951201495408627,0.013588603829646544,0.004652364913710521,-0.007272253542695039
0.8381954339927543,-0.5937227557203331,-0.05641761294761033,-0.3196435466287241,0.15958762776689087,0.026516750291987343,0.06070699767576028,0.2832797853357053,-0.015308459188434247,-0.002313113992253992,-0.40111323705473934,-0.004432375533738361,0.01570267672951408,-0.4780787053180642,0.7471052833924036,0.004750258827796989,-0.6579460453945959,-0.09462615155628704,0.007060444197760565,0.22385351399630177
0.04034522684298748,-0.028531921390559843,-0.03440942802783278,-0.01663215354117236,-0.03848309066757534,-0.0007673669808124402,-0.4602409719819567,0.39972656999441525,0.01577365972217414,-0.01612171507886301,-0.015548069150173035,0.013229019333277317,-0.023399699697365772,0.03143311159373059,0.03720260918325405,0.009965830699919112,-0.02978862586305457,0.8792227595797897,0.04356558342324481,0.007140573067647247
-0.608963264536883,0.95663068212148,-0.060969993504197094,0.22085931401404565,-0.15704234095809694,-0.010169903512038135,-0.08887715394037513,0.1702157034153846,-0.018018462864114217,0.7300657664113595,0.26198727740544103,-0.001395227412274685,0.012347189111481183,0.510095114203326,-0.5855408413544014,-0.02501427648917554,0.44486333941890327,-0.03964415687144677,-0.31447766635410107,0.4972026681874038
-0.0007676791356857355,0.15363679554019202,-0.1054154223481794,0.06664982638419001,0.12112950314623645,-0.005469685362874987,0.05106901015743519,0.20661957925046506,0.17242893106082072,-0.008629893610396911,-0.17323427600763106,-0.013620395902945902,-0.036255473968681035,0.16819470323793145,-0.15651152911863778,0.018776776399732877,0.021024568001905813,-0.03989464730249279,0.14064884673799974,0.0026433781048127436
0.021412219240286225,-0.023944454980084844,-0.02006532778926986,0.0017583767843195623,-0.03550100501737549,0.014478687264705824,0.014981499420597483,0.0038163160373560594,-0.028855741385224804,-0.02810014590815338,0.000397796300621733,0.015632854629241376,0.020035514327496787,0.014887625011311446,0.04163972547099046,-0.005434005709661641,-0.0127398669177542,0.041958132476518264,0.01403895743285518,0.0014167706239318978
-0.007759234402394688,0.025453186534208343,-0.008610094904063443,0.010306973829924232,0.019245342441302743,-0.014327858103837939,0.025356267116865436,-0.03205612162552827,0.0074948434183792455,0.0029631302781496947,0.19593183721911214,-0.01935504468932754,-0.002165063469598549,0.006242284406492951,0.7896161852788511,0.0020871132836298434,0.0037172965924713846,0.003987139099867654,0.012948033053404443,-0.04194921416211346
-0.7100487767736497,0.47212749519480307,-0.10454812223005122,0.27167510294938135,0.1247258580248715,0.00651165525628246,0.06581852500065996,-0.12053783868224692,0.006209203526594986,0.900667908812476,0.06897235233761265,-0.006250235736603155,-0.014581219959811095,0.06914265884638127,-0.3875893366216777,0.03394764886224109,0.5256239834917656,-0.33871576721852525,-0.3454147652201969,0.5464032039639469
-0.034352507016039625,0.015109874059003195,0.4642733334953461,-0.007115656894111803,-0.15632615483769433,0.005188019179262685,0.14847985750944584,0.014201357600270501,0.010580150805404878,0.02321797476057827,0.4721972640654807,0.00804352856772389,0.008442223442533325,0.07822337597010634,0.006051105955340871,-0.0013560490091598862,0.05444194350010241,0.04730575498064575,0.00699298059591183,-0.0803601243720254
-0.13845720392325658,0.08383705347199706,0.00708541176393971,0.06568374459460127,0.027581819080125167,-0.03459930375932131,0.04029079710786324,-0.028979927838720984,-0.0012056169148272839,0.12996174124250184,0.005619922213925457,-0.01535421762661682,0.0071978230076279945,0.013352558420805918,-0.08253535004549709,-0.014908954762931864,0.09310198322482587,-0.10018525118230538,-0.06409998388925667,0.12514383015598954
0.425815638100612,-0.2993302589213775,-0.02082843590891985,-0.1564564773244979,1.043790322396138,-0.0033661622776246336,0.26417177519574186,1.1064380837958543,-0.00026475554506999975,-0.01889357349934596,-0.7344049744907227,0.01418939208225526,-0.018803126220519058,-0.24479687343141074,0.14387913636315258,0.01568704632463354,-0.31280670471587924,-0.5122653524238957,0.01750121656841075,-0.44587153783187083
-0.07434909153009972,0.05903850933719666,0.13896988900792706,0.04038386951694162,0.019278329917309336,0.23884189784578097,-0.2677358597029351,0.10954512132248646,0.00858704050903431,0.0769478725185109,0.30379484235219273,0.01241331739205527,0.00944834645696467,-0.15665115027999077,0.09740617593136404,-0.01120443770645024,0.05717167938776841,0.16403494124290513,-0.0032438768901368563,-0.03545702216931731
0.5567444585929092,0.014984393699708155,-0.04352379871829522,-0.21422572499558845,-0.5517865080632176,-0.006915866610999278,-0.1339659203044969,-0.08285060574155892,-0.0030252439160070423,0.008992722972982505,0.17717847382469698,0.010738260187645133,-0.006827797622492009,0.7443487865181788,0.13835286245545747,0.003100868188271221,0.020652871782101127,0.2796350304280883,0.030529702844500416,-0.36958292578427704
0.015822288051398313,0.02165207625729049,-0.016379176894357007,0.005218754952892722,-0.014874737737715455,0.010689702027418674,-0.025044564980965186,0.22222371317397363,0.015614570592726112,-0.023689066192954633,-0.015873190491195004,0.007631291355601265,-0.016272123460846534,0.033014762464871686,-0.010508848982962426,0.020010064219621197,-0.009771938037379333,0.043845853540657995,0.010661140014695059,0.22425606486742325
-0.0003811647057985839,-0.006947813480043922,-0.014975590767941669,-0.01343369215256333,0.015722891361791176,-0.004896506160921176,0.009157104567561285,0.02123238485531151,-0.008066432787868724,-0.012336210984160443,-0.010648831818386096,0.014198348600279354,-0.0065795294543344015,0.005595077402261983,0.004807347046317845,0.014648022519972251,0.024441333399664596,-0.006327064362452692,0.023321007833881115,0.01060963865111447
0.2303640890906881,-0.1498012795832166,-0.017372179512236997,-0.0722219773247564,-0.48566568612584815,0.006778546186929189,-0.12795415157512646,-0.21733680853345766,0.019255689344977553,0.020084466615715436,0.5878191692088909,-0.0040728829936773885,0.015475047653318573,0.7418482791381642,0.3118941927688208,-0.012097043238351122,-0.17889020783789533,0.22049946829803221,-0.002946621064523166,-0.2339404452290831
-0.027457344399871967,0.0021113881312358317,-0.025059125998718106,0.012544742849675359,0.037987801794449355,0.004277635342348835,0.048864028518227846,-0.005082270744453105,-0.038162499928053255,0.025279735083434306,-0.06984869079953467,-0.0055686665359377064,0.006697247854423062,-0.022945881252523084,-0.03255834089667919,-0.015129117458251918,0.03215196308575238,-0.043139156173384006,0.012782947548745153,0.0018121969656259788
-0.01295760900907768,0.577143122807626,0.15898831096110322,0.5921212411729431,-0.054845713915396825,-0.02440560679308762,-0.17019529191215182,-0.18402273094431698,-0.01348708280056135,-0.00893952742635661,-0.12243309686479852,0.0051801203519627,0.012387386717605635,0.5166848232332409,-1.2030709173240448,0.007214112809485629,0.6642660390427259,0.6611035485494198,-0.0019805535886038977,0.06385538128059814
0.40491265047531244,-0.1405943660331289,-0.43874394812679085,-0.14800683500556988,-1.1912653588367808,-0.023348138449916837,-0.4602252117743072,-1.3764840671958085,-0.003641047302310175,-0.4611990359678947,0.21210884982831213,-0.014784580869790488,0.01596796163473259,0.7915922762058872,0.3266345946165431,0.9425980317691929,-0.16705968298230783,1.4885100674104166,0.7484910672103393,0.013085010920720893
-0.200235925747616,0.17535367498986743,0.21359274016838264,0.06597830880954514,-0.1974246392522992,0.5850310405368789,0.18394033511615007,-0.11720059311268667,-0.008467293299058815,0.23934075409528108,0.102945113349344,-0.02476037372064078,0.004447207115902189,-0.14691879419100887,0.2575609023432048,0.2529985650558158,0.18080985823186235,0.6961262035218242,0.16590306421186937,0.2034954920561601
-0.003767375626634434,-0.0074991570441927235,0.12695099330461135,0.6547452811296199,-0.31085855997742656,-0.0030316556081087217,-0.07693678635350895,-0.5447684790012234,-0.017187217001500193,0.005946341075025381,0.7083050958407318,-0.011680406729093935,-0.004772698710289194,0.9029515166099592,-0.4520173035695775,-0.0029011459232039663,-0.01536286169777982,0.17708519968903078,0.001070360961685446,-0.11842640926300184
-0.19760566435397267,0.15453455964947815,0.43452031531601537,0.09939646405827339,0.11859552922711042,0.7466004101994287,-0.5598997938835171,0.32797852260758886,-0.004720528717908139,0.2386497102067847,-0.00871912374678733,-0.018691888073023424,0.029122164707621988,-0.4694993315688597,0.31786565582520543,-0.005601993131076646,0.17051209149564547,1.195037676354161,0.07077577636494753,0.1599574203491853
0.04190766434256067,-0.009363382004586827,-0.020641579654608833,-0.013199994525918208,0.0037595538729458316,-0.013648747981075102,1.0342351402493744,0.027475940005978597,0.01218695597435529,0.01650868863302515,-0.028800487369009836,0.017865502296612427,-0.018024611015938413,-0.015895764879621955,0.006181722851863762,-0.0090700321803065,-0.021902224770277572,-0.009661498280599106,-0.0035104688853568374,-0.016062178533966277
-0.005148134854277271,-0.04955420494903476,-0.11364474444668783,-0.03863502322061345,-0.04561394940013809,0.05379261428920992,-0.04462925600736099,0.5188436798963567,-0.039904457240493865,-0.01438565978788844,0.17568795170040305,0.23747327247730268,0.0022697459219394893,0.0835798863603959,0.05567652378829143,0.006639278919549078,0.009617422479390975,0.07146088984015277,-0.0075665470289941385,-0.0573134988652691
0.07968096224423366,0.25784913618439836,-0.07458334585248363,0.18069815988640597,-0.19786908682444515,0.008882292356023853,0.16284272413455178,0.1709828537991851,0.4202293458086418,-0.06619791653111491,-0.2023360635005899,-0.01391897122479982,0.012770933983437514,0.3523144033626144,0.2031101005277256,0.09105288352206524,-0.010981330800902415,0.2259862319550285,0.10889732969773962,0.11844304379058218
-0.1946830473386918,0.11709323868394036,0.5256243731269716,0.9153558240118143,0.6139210895209126,0.6512495313882692,0.0026878422550643756,0.13817035271481595,-0.022022367714290385,0.19572100198404344,-0.16181337293054746,-7.051930397830412e-05,0.022889428706790386,-0.34711036228883674,-0.549320926387477,-0.013254570904027062,0.15190905632851218,0.13508225018980222,0.06765224558271059,0.011070223839379762
-0.010600996393386087,-0.016996836306318888,0.568434531157337,-0.006771205776627532,-0.24169856302974468,0.019521632103748687,-0.067269458155292,0.019105389229104108,-0.023695065947626798,2.610551617802069e-05,0.7094986595750258,0.08926441433553901,0.008813770997653904,0.08662062680281962,0.08189358554009592,0.0026661856882649725,0.03745223259907067,0.1258418922308271,0.010831619335798508,-0.11597260154237074
-0.8027788681424695,0.8639461192804295,-0.09397835580006583,0.33954437074537225,0.13157959268938382,0.048853648629367495,0.10888723058482497,0.15296849442222488,-0.0014590582994940217,0.8792887487939173,-0.004504171251509494,0.015886157914643727,0.08308298904713966,0.33099885506205873,-0.7068811109124178,-0.07642711148985433,0.6138586509766398,-0.40746059377404326,-0.2789009012204269,0.6449770019917244
-0.020894412325057794,0.46127170904567244,-0.010412103458112453,-0.0073430992107893,-0.2472528514266924,0.012381900169896978,-0.03969453632112594,-0.024016081346128947,-0.0007845103218966228,0.0007791806857294219,-0.07511847816189628,0.0060959916145850385,-0.008306535814960733,0.40973884631080676,-0.5202609069863763,-0.015300374994176615,0.5306538794795328,0.10644755245172553,0.014101452491517003,0.12306658339838869
-0.031135631146729,0.02977026807683342,-0.015941692999550477,-0.007415669798972597,0.030945426889542226,0.0012853335773248403,0.023784133839202234,0.032874920816781936,0.008878430775505666,0.007552584141257355,0.8823052350753948,0.03488100520815175,0.02248570570350321,0.013652305756350543,-0.0056828901975448255,-0.003415012760392056,0.01864799344417649,0.8412012611619066,-0.008481225924752346,-0.2711625313145048
0.40954859622818063,-0.2678121933362626,-0.026822755057794433,-0.15795895646429692,0.12134545841126815,-0.010795178322362691,0.044133271056967266,0.19238313118328196,0.0016519015120628703,0.0044506110166518155,-0.26152864245370366,-0.019334210358133753,0.015316860160576777,-0.27892829774083383,0.3659288440864869,-0.004601695730000724,-0.32882620266495977,-0.10660159271844184,-0.0002591991260524713,-0.3247148244601519
-0.005582471223587059,-0.011724200882375814,0.8554576828009652,0.007890733922906245,-0.3229530663792484,0.0029453118409859293,-0.10057483494063141,-0.022345762528136352,-0.017591836406686674,0.002765884123610708,0.89212905035281,0.0003835892453042805,0.005546945607381008,0.07856397136333682,0.10260999365153942,-0.011675889248970582,-0.023011656380465595,0.16412489464853144,-0.022396973832918263,-0.176815593043702
0.061428982727522854,-0.0345372901053226,-0.0050201782996642744,-0.0372033804945292,-0.04294983135613614,0.003993492414633024,0.009273425747329454,-0.05185662109524908,0.007481776331064715,-0.011834648821699264,0.41367910516901163,0.010360899628740493,-0.0070952425875538926,0.029942445092477933,0.024281705133253728,0.005642680417643046,-0.03961372754468768,0.04265943266364733,-0.006747976134722397,-0.15408133253907294
-0.9338698810620586,0.5051757589841714,0.20867505760806485,0.5232935363407252,1.2439643608291586,0.3618211955433462,0.2712293842748494,0.783886693735745,0.01933580590798937,0.4552608996970036,-0.799670361909384,-0.015688755303858222,0.676390813787616,-0.30208227076497063,-0.8648174988642113,-0.4176079874512083,0.7431634952394415,-1.156297328589779,-0.04559737764460044,0.6554988820106772
-0.004388893858467871,-0.02475978340218069,-0.02664149833491802,0.011774543353653338,-0.010119476004573615,0.02510139059670283,-0.01937666841819949,0.8741933825469665,-0.008744669735392882,-0.021127249515048185,-0.024871745909554283,-0.0015556651661884583,0.01215351757797499,-0.009006382604993857,0.02760672802709708,0.009713087386872432,-0.020237013121844234,0.02683052737491476,0.04420318599809793,-0.008157792344269213
-0.05350376153141009,-0.032387531323957816,-0.17246056935415513,-0.015076002748088574,0.024237205777580626,0.12118138785667262,-0.14483865681509775,-0.0003717305039888357,-0.10910708554739211,0.07769415035665861,0.416856015383448,0.51813269630021,-0.015051821497419782,0.06744853873000645,0.060956978834440116,-0.05210444019995945,0.047356753226522816,0.0463144317145141,-0.02073190195166445,-0.08812868952286583
0.017322599225297088,-0.014096908060445936,0.008510958101810717,-0.014927833970316278,0.027004467888480266,0.02383603102580236,-0.004553978841369975,0.04599421161117026,0.003441026775496509,0.013286424871826574,-0.05408714519860759,-0.004362877804634881,-0.013806730774101219,-0.0034810744326993475,-0.016267126714500015,0.007296209241175531,-0.010714728514946101,-0.004342793591876381,0.03756401014485041,-0.013250680537004563
0.001676126687333425,-0.0027843734381483537,-0.009863656975066366,0.01479797830560282,0.028240786259252127,-0.0016412518515055794,0.020451048704374475,0.010657125387767759,0.027867007702869817,-0.0135205021818075,-0.03238610351559193,0.007831714232425476,-0.005156473410678154,-0.007986926435427335,-0.04149860535818424,0.015785685108546006,-0.013915179082961034,-0.027134228799730015,0.0025442668568529288,-0.016473219754496525
-0.06368825459299852,0.9055405831714036,-0.14231904572037155,0.788096345675223,-0.23181730363420025,0.18537480058950861,-0.23480849585537986,0.17714132725798803,-0.1538061749143065,0.09907115882866231,0.8446119632639958,0.7853616873737337,-0.005315076335964347,1.0643234494925031,-0.2881264716995526,-0.04306055207278521,0.06911607123859836,0.20914952060760694,-0.004875902776178302,-0.12098581834137467
0.03919800728633978,-0.007366236167998704,-0.026172218053627124,0.00762849856473612,-0.07817069815593324,-0.004649765359985139,-0.009032493510869842,-0.11015870648591239,0.0008187798766850977,-0.04751003821413073,0.015127396432160725,0.0034193388628839163,-0.015813583327214033,0.046553741102571614,0.009650037225459217,0.05242855082896504,-0.02912387995321271,0.11687842748600409,0.044891115301962596,-0.02303225310110226
0.01788117103983776,-0.008789491531313837,0.002388649057932818,0.0002908730307727356,-0.008083307134492597,-0.013771517302474931,-0.0031191908267859535,-0.031693913521116786,0.006582071128674833,-0.013834391825467513,0.011948177049977799,-0.022707599899169928,-0.011215923097031032,0.024229506218371083,-0.007483056350573404,-0.012929449872082676,-0.014449297729070186,0.030760175718304916,-0.02108612215305362,0.195101541813831
-0.2068719861905211,0.12679657999252295,-0.05696022981408953,0.08203003698852396,0.034916303186895294,-0.011072296295924239,0.04408224360466446,-0.049618392295199515,0.03030271856815428,0.27961481080551565,0.013932085913800433,-0.003281794032706727,0.004889910005904141,0.03056027807451028,-0.14647904474396053,0.0014314892574219026,0.13037502326080694,-0.12610653261217145,-0.09976226388636802,0.14042941131617165
0.5569771212917421,0.09465483752943572,-0.14606348929980456,0.10740728771601626,-0.26443182146633704,-0.02777292916038583,-0.16514985333566828,0.38551135261482833,0.6842148468480507,-0.12202115770184752,-0.4481006674340017,0.00493979693038835,-0.017752349109330857,0.3337009849562144,-0.2310271971926046,0.14741815610442852,-0.4497568838994498,0.3027273049674873,0.1240764323123678,-0.23502110747171298
0.39341576512914705,-0.1950539796024746,-0.2853841835504052,-0.1671503574010124,-0.7042821555675659,-0.004399055598135011,-0.3163747339275023,-0.7889786888576962,0.024758232755775246,-0.4742558289013375,0.02653293541007177,0.005304910329076528,0.01927119473672761,0.42960951703593125,0.331321369502003,0.5802462930740561,-0.21089239809377197,1.0276452169032924,0.5763211965667131,-0.0997425380654359
-0.5822466979932913,0.7907766582730733,0.057413865487761735,0.5096339286803155,0.5968542646494527,0.2324073928204953,0.06797421015399845,0.8903100957742411,0.6156517333638329,0.2724696330123657,-0.7859270348457323,-0.012793587469699054,0.44180308431593623,0.30037750149400455,-1.138120821625841,-0.23546867247402906,0.46441680091423126,-0.6212953500587063,0.01553172483854244,0.5377376463357278
0.03143791058842105,-0.03536844394256791,-0.012038941029701145,-0.005779215058621936,-0.22892388513980938,-0.015633904201482137,-0.056640956677483985,-0.17916440483423424,0.007260379307796023,-0.042338197596443944,0.3043887717993842,0.0029196147880911454,-0.0023903129596738286,0.40171512059193276,0.09445724907291635,-0.0074288902003105915,-0.02414907350190716,0.11667487391834938,0.02186856251024453,-0.02288688050409099
-0.08704480022986068,-0.028903356045833,-0.6067594085525008,-0.05995087903891187,-0.009783443853700552,0.2520949674716798,-0.25961184877235866,-0.08962543178232,-0.1743247429225271,0.09077323817862583,0.36742083920364077,0.9476803175915762,0.006797311405140997,0.24498898271275465,0.11158472008733195,0.007964622205653742,0.12041888138404991,0.4016822858912584,0.3113306481712446,0.9808858362913128
0.0034379339801066033,0.00803650475007557,-0.013486276470935164,-0.012195479288189847,0.025392346671028396,0.035138941089443536,0.3730633732740368,0.0022732347019726977,0.00888663997637077,-0.003565860749337668,-0.03629258604176107,0.0028101554019943683,0.012518146177528089,-0.01619011717658461,0.012799845655339408,0.0002764698213188997,-0.026844624104776546,0.00488813923421233,0.01403281252760882,0.0025941137685476815
-0.00405413499383533,0.23531766686205527,-0.18813169472875926,-0.04801491431931071,-0.21523679753157107,0.10241831732321055,-0.16154481527957537,-0.07402853890904344,-0.1069240407873422,0.03349176321059819,0.3433711512814493,0.47569339468062544,0.0018546198160638372,0.3565286727688155,-0.21354559562008169,-0.007552250796348078,0.34593225066556876,0.1787600959238297,-0.004269360128974494,-0.04809284837987468
0.3345135493825709,-0.2392088534566426,-0.39357997801458267,-0.23557076423194379,-0.9524776666235231,0.6179184969215276,-1.0485694821542308,-0.9302832828673157,-0.16988852016931225,-0.41448747578511763,0.7882858416205394,0.8069139840147305,0.005057540999421243,0.5575191213011464,0.7516054904111671,0.719107053350086,-0.13353765623672773,1.6721318086483818,0.7517262154871696,-0.23471513081029466
-0.029350975719517895,-0.0161263529983056,0.8566927768226995,-0.0035070152564317895,-0.2767727889049262,0.0019075728625232717,-0.07459274055223532,-0.014553590718670361,-0.007641826441463908,0.021165250666506503,0.834041559371131,0.01042513053837078,0.01904802193369521,0.060489044584358456,0.7734708606896981,-0.025128129198627475,0.020721386070428914,0.11774739554430101,-0.03025392485211712,-0.15573240032972957
-0.005853888634238164,-0.012097823649979477,0.014228646705436665,-0.0030323789762627283,-0.13914095889279668,-0.029521292211073975,0.024519247373382368,-0.10983936624487008,-0.016705711883914925,-0.01777769701705707,0.18172565579083996,-0.02090347285799868,0.001015777926293826,0.2203360202790144,0.027637805347745088,0.010966904572471847,0.015339040454580946,0.03860159929036633,0.03217773030445458,-0.0008151541542724223
0.5920071744788872,0.25206235065849447,-0.4051033665025898,-0.22937886492734744,-1.4096506682827195,-0.002329422580508586,-0.6041228819573973,-0.9936063373709578,-0.013741230055109022,-0.7627461517094575,0.32283493788250317,-0.02403317910849727,-0.010919943510577398,1.2109721954866706,0.29498625788159627,0.8874233083804606,-0.36539448000878977,1.7731373331513514,0.8622715145043012,-0.12414571181103423
0.46317095011562615,-0.25646505837751704,-0.30993438224820224,-0.2055045067136946,-0.8100461720517249,0.035946332598837234,-0.35775230424973253,-0.8722846917252907,-0.023059825423934484,-0.5673288498870719,0.07647050374128692,-0.011482277491926115,0.047507530620040914,0.4630023614245526,0.43445738214895624,0.6507962030653084,-0.27641207621153246,1.0955616487491269,0.6802083243666431,-0.13953520567671307
0.008981875448029236,0.13718767911219343,-0.8013308735728659,-0.006552347591987708,0.2020313168261622,0.011016523346777904,0.3887215813383354,-0.020469311167888,0.012109117417366479,0.002398132571460641,-1.274920334117704,-0.0032918335746472543,0.001149637151569254,0.043004165699933324,-0.22741190826136076,0.00534734601247718,0.15842955130060968,-0.09718629341957685,0.9814485806977263,0.3496190679887039
0.844692192118773,-0.6210346127625151,-0.06569299507788223,-0.318066654523928,0.18336256241147675,-0.005563461363128533,0.060496212769793806,0.34383713835452817,0.015912564248713783,0.012470887148500753,-0.39426761758373763,0.015550652564260543,0.013409241415100574,-0.5467450539467168,0.7751084503157277,-0.013209298394370846,-0.6951304675774809,-0.10974627516740289,-0.0011568953886468489,-0.6372240502784383
-0.13224018990632705,0.11388855100598475,0.26806450465396925,0.02554550182934788,0.03612894850048235,0.5437055819639541,-0.5961603355751001,0.1989275591593796,-0.001961760034937079,0.1487558242878227,0.012465812097480034,0.007758365108449454,-0.006638991207455811,-0.2888185025224631,0.2548885708750754,0.005447116137194327,0.12264012523510184,0.39202792095735267,0.07133724199449827,0.08533116270818146
-0.8826018117013443,0.5303948120093925,0.16605673924798792,0.359464902854293,1.1507613233075438,0.3049447652392353,0.27617387715379715,0.8709644713644595,0.0003928201503273611,0.48318849598262215,-0.7027446972010692,-0.017804785858411908,0.5995570093358304,-0.27605697259696677,-0.7592677932606327,-0.45451858749645874,0.7107353348004366,-1.1313128504521748,-0.12162400454664465,1.5099646158328406
0.033077601805391224,-0.01587504430049122,0.011543202848704375,-0.00156637992227581,0.03353526439690395,0.005358280198582225,-0.002133476084883538,0.011537684964080837,0.016947772398000483,0.002840585604091851,-0.018631583578832385,0.007058045555776188,-0.007065954648246857,-0.023296059017548037,0.011818175960768456,-0.0004815746378281213,-0.02101790850881602,0.002518595707317409,0.015199102356658988,-0.019759886876488567
0.7568172771433331,0.31756976762171424,-0.10209288066193044,-0.29822865348583055,-0.35112819150859764,-0.022944678751100962,-0.08280945866028505,0.5843481914305422,0.006764324447441308,-0.039138621630852646,-0.10476474485055377,0.0032980948717308517,-0.01977329332798816,0.3147691267357011,0.3521544077906541,0.03239517822372662,-0.5939969221117403,0.22031702270330403,0.026011778682822957,-0.4601391913121766
-0.008252621783213086,0.1893748527579343,-0.08894707972470237,-0.0280080652820206,-0.0448300851137441,-0.006312797843330628,0.017643725173057866,0.043926385314250034,-0.00919142891405269,0.00026470368588600666,-0.20394808711209775,-0.02655702304733716,0.02497323995743911,0.1367305320426381,-0.2425374062971121,-0.025050212667194725,0.22393267903254857,-0.03501492605242158,0.09141958082216046,0.08086257308803231
0.03537751340103724,-0.02514835448422572,0.02237295647618632,0.011019648121652487,0.5068734013525278,0.006627660321839535,-0.03952933222418458,1.0752536988853003,0.009990359213381652,-0.025064918069648258,-0.29714617298426993,-0.012225997844914302,-0.017775055060054917,-0.01671820572834656,-0.08737090488555957,0.01717589363238508,-0.037647985279186724,0.08165149808954676,4.1375305628374025e-05,-0.12008058845917534
-0.010584770452921746,0.0009646170637986218,0.021751259772754043,0.005969069857898397,-0.05714923134442498,0.0024500234862410344,-0.03179834330843434,-0.05231363182263417,-0.008265198039390473,-0.005727265681527783,0.07882981227243634,-0.01021540308423054,0.001858303932444804,0.07281188416448514,0.041279152039705336,-0.0021689862356400105,0.013379440525782145,0.02292230884042739,-0.007280738977218173,-0.006723241500325771
0.02169504727434357,0.8240689046052286,-0.025632541745162395,-0.03498753303950883,-0.4516528137121366,-0.002516005430873193,-0.38328490274243004,-0.07704139968117563,0.011456449908516393,-0.034197233620782426,-0.16714894439935618,0.00633272316439841,-0.011298707573788435,0.7822579551590698,-0.9475051857477402,0.00820745549093767,0.9318066885221351,0.7799884914350339,0.020717731102967225,0.17660998229942276
0.00013626081622697406,0.0437037529634216,-0.02153604517231267,0.030552946988824804,0.004220774557507891,-0.020481609266546495,0.2689531693248247,0.03537065711048225,0.019009858398636975,0.012881237056420448,-0.04716704504789574,0.021541698394823443,-0.009102944422836347,0.02898770789427399,-0.0697897346841053,-0.0024490265821601603,0.004940943313611727,-0.027523735259748557,0.024408438307899002,0.019471434093155836
0.13797803383565593,0.3531494466205717,-0.04453584770239289,0.5313264514927103,-0.2370892047716117,-0.015305245406728618,-0.12682546607104098,0.07997616987743918,0.616568397851861,-0.13590730740966853,-0.2560069319375056,0.007620269226732626,-0.021148385185134996,0.5676920249439866,-0.8472587208972095,0.14070570635183988,-0.09110271996775601,0.2831873994996634,0.13054555124190068,0.047052542501062625
-0.021245674261918267,-0.016903826764672447,-0.015028787950810824,-0.008854435454479162,0.059642466107364206,0.012299893210457772,0.04302672972466585,0.8765616746366968,0.0006434634747423411,0.025132551355986563,-0.039516135700729586,0.018992668044428278,0.015311735249044993,0.009859838882583087,-0.0170299483782055,-0.006993770212108765,0.0026697502219789077,-0.0660383580808337,0.013164074786127659,0.01764036309575811
0.04560670017102936,0.3116400406024176,-0.024575084533466476,-0.008852990393293207,-0.10971729488650345,-0.034006991795785986,0.0022362478510955285,0.19136087766110546,-0.0028898632935004647,-0.03682087790306315,0.05893928678725835,-0.01152033548081162,-0.023225448820142915,0.32811482457735625,-0.11875889634951826,0.011409962933974583,-0.031346278062961516,0.07485330882220514,0.021032735514169662,-0.014487696175293628
-0.23672464048676445,0.1701281189810873,0.5435095940224478,0.41992427071803096,0.22349359820701492,0.8325449412157282,-0.8935540023648121,0.2430505434482511,0.003707859729310206,0.2612817169682935,0.02205797676829863,0.015214629356719163,0.01977140673280088,-0.456140220034919,0.08403283714539937,-0.01628331807972898,0.1874389765899932,0.49069425963224034,0.029970402349734467,0.12879657734637734
0.009951617102507788,-0.011205473235065641,0.024751006355164636,-0.021605199833275683,0.022111058987971374,0.022187961875724745,-0.0002522489499581712,-0.0217413070139367,-0.00637009910594627,-0.020594945158135702,0.4797620850810939,0.0010870378642400223,-0.01026782812897252,-0.03900074939307972,0.013117200982211722,0.010950549819315508,-0.010502748739797823,-0.016492339340924478,0.01009548084885551,-0.15470359444992
0.015250298305644776,-0.009806524525522125,-0.0034113713410428917,0.010052917682601496,-0.0004102330664144706,-0.01108916968012289,-0.018545237017231354,-0.03152253284945831,-0.009098445548043878,-0.023582240142353113,0.025795826759385722,0.00814074478677715,-0.0029515535428547967,0.01254216956675404,0.03267992404520061,0.022705590057705095,-0.0218034190079941,0.0065036213766622815,-0.018098958688887293,0.017968283679922627
0.41331653395337786,-0.1754227456868217,-0.49977839226453374,-0.1714839084965602,-0.773504790476017,0.003203073342469895,-0.5363543401417801,-0.8743020902168386,0.0005311256407568542,-0.5215694508117681,-0.14366097898640343,-0.019014451820857498,-0.004771954537721081,0.5306586863829221,0.3195855054675503,0.6053617562881946,-0.2141824672173949,1.6214756065653573,0.8127193300101163,-0.04993001458662355
0.03051425412055949,0.9715924878884145,0.028278655480176027,0.0005710014844065216,-0.5148446577625431,0.008349850271507371,-0.14444484566945592,0.2213971847261505,0.04442684447807878,-0.023891112955814066,0.04603513228299583,0.0077600203513153625,-0.011525568313638802,0.8683758806554499,-0.7920473578246984,0.0055417490781146045,0.5886769753996803,0.2574202086446096,0.0073143338615373815,0.917996390217186
-0.033907061837486596,0.8522408503107078,-0.20988658307168442,-0.0429608702510323,-0.5243222529214472,0.13967783167827122,-0.31438487167200635,0.39441807229952075,-0.13091429415236103,0.07594183766381918,0.7337308557206889,0.5688967182102078,-0.013605643715213911,0.920821480213044,-0.18682697350403674,-0.011573426572665356,0.028102038910435292,0.35245293915523424,-0.02115518236837223,0.26928601066103436
0.01505892588092756,0.10900992409641036,-0.5946579220763499,0.018125671593379064,-0.11271641172438093,0.0020273437104252213,0.2373368464977636,-0.19913640774553534,-0.02245492814681433,0.0108623716286558,0.46512556929938215,0.008603186760691023,0.0022330977298957045,0.563711210148461,0.4963095039767592,-0.014958046393491523,0.15117108407800073,0.036515387981038046,0.7121736726056639,-0.0780955953368138
-0.008852638784206118,-0.0027125285321897815,-0.020106856013461547,-0.009255254078141671,0.0455711079186222,-0.010395467172259362,0.0385851767026838,0.020229674681281604,0.026972742746857212,-0.03883505855090055,-0.047661495359430164,0.010820321844444269,0.014389106406860164,-0.027682156188025588,-0.038609847162976316,-0.013911329535103652,0.02647181819394697,-0.05253215029912894,0.020655804555560913,0.0071655377001313535
0.003892865532331157,-0.02639988583828905,0.09999871722722892,0.6768843017961683,0.2681059825884785,-0.02899243495203279,0.09600446596497521,-0.2094429586281052,-0.004694817612623055,-0.008025814988638382,-0.09598059517931704,0.019549373213523704,0.013826383500501756,0.027425978274729205,-0.6267928174786606,0.009971321200750017,-0.005394329678381843,-0.15955856279995997,0.0234577979396145,-0.08946270200576324
0.01783104816364401,0.049797365479134555,-0.004702389326064902,0.0036074249251210055,-0.022590803427816716,0.0063417715018829635,-0.03814183788535527,0.04895450954285931,0.06349254781876947,-0.0037494586163701743,-0.031010358546917374,0.014631901356792428,0.011197437078996517,0.05382321666965489,-0.08385811405428337,-0.0031763337278778846,-0.00245279469225608,0.05805658921398661,0.012816741706065846,-0.0004114073162572642
0.0903160178408153,0.4562582487944205,0.10141198970236065,1.1294490051773753,0.018343094145754534,-0.01216660704272277,-0.10706445289800486,0.0811294330828158,0.7039417525372682,-0.11177719477817002,-0.3865569793068224,0.004197583920300367,0.020567250250237427,0.6372356300754002,-1.4652412053183963,0.12074262461057535,-0.05693619010635097,0.1441183829431193,0.13303844585698713,0.03593761488364347
0.46784301018980445,-0.3358803529767074,0.35378022637768947,-0.17987753349989663,0.2604058656314797,0.7446980726966271,-0.7934297603593956,0.5845939369355284,0.007993586726658414,0.23555302050318205,-0.2919318970180618,0.013431028706119667,-0.00019709775870086106,-0.8681311145696234,0.9389806870322337,-0.0016904835399185834,-0.38554404097931394,0.4167268521570414,0.03755940272155855,-0.37899592340129706
-0.0044336580962077154,-0.0030175484245972134,-0.0042310469125949515,-0.0012759978226693173,-0.012718518891243619,0.026142027607350113,0.974856694482062,0.011921589116606492,-0.006225137611490968,0.002879317995503763,-1.910990572524633e-05,0.009215127112121878,0.010279551933291529,0.027612484585308007,0.00645835023646241,-0.008280046559722433,0.005511946571103596,0.0023073394867682263,-0.0104487830509834,-0.009102500297127215
-0.040683879721212304,0.055587130758694155,-0.016068423375474816,0.02353962807821069,0.02566817650933029,0.005362414375548814,0.024211279493377334,0.01593907646800426,-0.004021757976845076,0.0030981915415639622,0.7382765276811944,0.0009531642619923231,0.016062573769106307,0.025069875672910927,-0.016462865411258215,-0.029729512975543458,0.022578019645514338,-0.06865406578238255,-0.00690928710748025,-0.2314966048285133
0.01353285236058722,-0.023504796571547935,-0.03481999271073012,0.012323843737900169,-0.03777217360247656,-0.010860811353883665,0.00548535686459442,-0.0486929587380831,-0.014583390484455535,-0.007163313760383282,-0.009855636174836986,-0.008020305776420173,0.0018976372336967449,-0.0035806534491727216,0.03519306453912441,0.012557534369281715,-0.01838562643206678,0.020525365714091852,0.022792595265370124,-0.019128534648572452
0.9522745793325726,-0.6736168778730166,-0.05873456750634646,-0.37894246603958565,0.21872371909523214,0.03668124515765213,0.02763234851584495,0.39760748410872854,-0.01001596583615018,0.009168340724715892,-0.5211032467047529,-0.006711891592837121,0.014076436103908983,-0.6311348352055928,0.9046573786159795,-0.018562062829061456,-0.7594721203405341,-0.08788061229246294,0.014947568022686174,-0.704819169931156
-0.02558906953143297,0.004465869395980355,0.04704550321386259,0.0020738052660765763,-0.5037337763112818,0.07688674406416086,-0.6427757863583246,-0.296981784251653,-0.012170422887097734,0.01676199708337974,0.7087864392186228,0.010472359798702802,0.0006490473557779386,0.8237447392802641,0.17937165815790607,-0.013816482217868114,0.007940639647515705,1.1536821401983177,-0.008578426090237502,-0.022544251255739015
-0.031788713532389545,0.04531478605097237,-0.011915561063813,0.027772594850843876,0.01567720294733824,0.018391852799614552,-0.4418517999510187,0.03963738750366984,0.014866276425725418,0.015772792137802798,-0.014508693669576737,0.005442508057691244,0.040601760062342646,0.017869364325761035,-0.03720748286101841,-0.01004841186640917,0.026544120089056898,0.8614103667014733,-0.01953252361205169,0.05049791145371589
0.017297127844908694,0.013749029042900849,-0.008041266239103662,0.010349817904054476,0.014389866427957167,-0.0187459510459293,-0.0048542804507806445,0.015909966240420688,0.02711314158587244,0.003710337224542855,-0.0476018905928673,-0.008078759900721974,-0.0015973759131146428,-0.0007533071821671374,-0.028415355042033987,-0.008796726047791567,-0.003933638461267896,-0.028466681129243596,0.0016667205835353702,-0.007871855521941477
-0.6212524089584158,0.3657708372330613,0.07906418991028986,0.24990359307367252,0.6980947619636669,0.20956386786012668,0.1489175373469667,0.5029004585153468,0.008241912604074007,0.41386795874272275,-0.4379392817778107,0.005149918519367351,0.3457250749803375,-0.1742478865661358,-0.5015692811453408,-0.2569280229259437,0.4862685838086884,-0.7099369611838497,-0.09106961345721773,0.4088173452099676
0.005376340103818768,-0.010492917167745943,-0.01787492425453572,-0.03146940360240347,0.018096387640749258,-0.012755484481187067,-0.012086004426405502,0.0010496497631004124,-0.002001735140584978,-0.017838624301603476,-0.02779872933231559,0.0008992361702795128,0.02200097170465491,-0.0019217134052984305,0.034673128307724975,0.0072703111401501395,-0.010725402077775899,0.02825302311214159,0.014370672134466593,-0.026014709978887187
0.028160150891854085,0.5214727359816541,-0.4868793667406837,0.35224986834325217,-0.4593194235651594,0.2418716583723491,-0.4751734665181385,0.35687097258404976,0.7688430911285898,-0.053395560853843164,0.3604483042235348,0.9697018552873552,0.0037460752197026465,1.0530346891154658,-0.7430944548371378,0.13328573159617643,-0.007509895340817946,0.526318059831535,0.13452969660645173,0.09331625238428065
0.007584919083431045,-0.022269089233001617,0.011585081943423598,-0.009545039971758896,0.050381777136727576,-0.016254232186155182,0.02808343455114869,-0.0013262493987418935,-0.01163499917520643,-0.0075884393956722525,-0.0035275575236488367,0.010261963464684705,-0.0032687429500368433,-0.01627150623131165,0.07607846519130468,-0.016151094205671897,0.0009023657396424536,-0.027617965729346328,-0.011893762515591922,-0.010989919792042089
0.02631230755449991,-0.002594882453271363,0.007060401598136624,-0.009124263128019967,-0.02722890122763322,-0.02412928126570709,0.01310131624678728,-0.011702581414604066,0.002049960206140642,-0.02467068071004394,0.015277795602149737,0.008047111267337665,-0.006812059556560409,-0.006166575124900676,-0.01572044519671712,-0.0014057235765173176,0.007905292835523383,-0.002036203150218477,-0.029754389783804656,0.6073112983764365
0.030700656970078687,0.03990770199486687,-0.03625251493893341,0.044897762146843004,-0.06302347112948946,-0.022173968220195975,-0.06900756642728686,0.026533833596979813,0.09038746809305612,-0.03486053784332391,-0.01637281648053856,0.022089483433747226,0.010870825871769185,0.09002465373874166,-0.07934486556639019,0.04085191716134344,-0.017907485732683106,0.048891410168793316,0.020683095023290292,0.049636890403478316
-0.18192879172926849,0.09599336078267676,0.03384614380113072,0.0875699335923798,-0.32859229882132296,0.07343195167963595,-0.07595919130122232,-0.19208892576518247,0.001338211895266824,0.08809665274066837,0.5924727067898006,-0.0011472838193352626,0.11430805015904548,0.8645473414551025,-0.021103178326753673,-0.08852003323309682,0.1422694971570752,0.07701287943692778,-0.03006071837376013,0.08597136277131272
-0.0011516575316919166,0.6601626104276785,-0.502097452599587,0.0050248353311273435,-0.1800537677062574,0.016616634497064506,0.1604583940516613,0.0801977057610973,0.006066838325550516,0.005241901956784567,-0.8865023551309478,0.00240863224463625,-0.00521787806137462,0.520157712201557,-0.8085082011720431,0.003486258517257606,0.7678896822128622,0.09013008936674854,0.6041770507245471,0.3510308255063847
-0.011431401857310904,0.866502870440949,0.015587947296026042,0.021278772069641343,0.17827648676815,0.004874946198295815,0.0509894799870432,0.38519833408189175,0.010916394481678103,-0.009643070785905955,-0.5235477477111982,-0.010579746606111991,0.02274986523627846,0.7677430847486151,-1.1861504433302705,-0.009030593869348649,0.9973496317928423,-0.11101412981569242,0.018404672016970974,0.5398308147642397
0.012091548266790625,0.008534779763137167,-0.030761971829243534,-0.0006205546268142521,-0.027088843395299357,0.006299467072606528,-0.16809520711536297,-0.015211078939589808,0.005220838914657162,0.024229419666020886,0.030206700199854,0.006271126640491847,0.00563477625590411,0.001496310388430554,0.005613508860675629,-0.0001460809552166157,0.011340406609894825,0.32115300424965515,0.0009370518183369524,0.013188825638756457
-0.6249732620811417,0.39549755996772445,-0.07853497413053762,0.23599620319138703,0.08966514986452136,-0.015425161832885573,0.060803028956252086,0.43141392294677405,0.01394541489997411,0.8035416771454,0.10931128724453952,0.02165488957007137,0.010697726117119215,0.05426016644121569,-0.4082156293939739,0.023603642456502937,0.4484420143600275,-0.2705505332847281,-0.30870529029782084,0.4653595976979021
0.17788685255139575,-0.125219309513925,0.10560067401893786,0.50153739853901,0.2663867601183273,0.0212896123122948,0.056024338660832375,-0.06902892139287109,-0.013170679505185669,0.03679127517346151,-0.13022035918913816,0.00894771284887179,0.004219579123272081,-0.11412296473968182,-0.36199199019315415,-0.0034968395655838314,-0.13597479709247767,-0.15173192404036473,-0.02731976727356409,-0.19111198897710016
-0.4954980054532722,0.33729753622955766,-0.056807795308073304,0.18935042485288203,0.07235082110934037,-0.007523552944781983,0.020699418830591367,-0.10407158574756017,-0.013903648681949512,0.5995820234965542,0.12199830603480215,-0.010302740763220655,-0.022036437349513858,0.04222911677166969,-0.2933841833800954,0.008508170681333922,0.3537133865097263,-0.2087920237938847,-0.2382300308218112,0.3722219982970879
-0.818493656985479,1.1131429970921773,0.05139881161360297,0.7901676532050425,0.5629939176592763,0.3447727912217364,-0.34540797302039605,1.1299980421172124,0.9656553234977563,0.33762232082259686,-0.8768513141257357,0.0030711296633445764,0.6450674498942184,0.8527194117134217,-1.6353883831137734,-0.26461578423576354,0.6275104422310386,0.0615468708264504,0.08021482256750989,0.7702492282998156
0.004349060020851343,0.03404722776218776,0.02208694986507991,-0.011971934653374348,-0.1380921572081658,0.009613528444684128,-0.29455225204190394,-0.0858153314747229,-0.02036536266044297,0.0027940248831498076,0.24203436803519013,-0.016514311714862853,-0.01289274257201383,0.23791444879937673,0.037996875571857054,-0.009888380553529036,0.00297537060541308,0.49677563765489013,-0.022787605891760203,-0.03128872176142657
0.004238963261744164,0.47912273935819916,-0.0005293756932430102,-0.004898939091328278,-0.2405389059956314,-0.007916558605814392,-0.046593132792604464,0.23572250033425093,-0.016613490139399313,-0.0013843437959514746,0.13562234906860313,0.015374477523294966,0.000246716524633977,0.4528875740758102,-0.16304901875442177,-0.024808235717187002,-0.009256082435654251,0.10926247041177135,0.002764559105186831,0.044051390732832714
-1.0132473496968306,0.6542575225953395,0.1956480016832444,0.41784512512838023,1.2936462699633668,0.34541941831155265,0.35985618669502106,1.0043410119990905,0.036670945625461804,0.564362499492957,-0.8367965894695011,-0.0196985266849751,0.6867753614793597,-0.2921276416976589,-0.874946642620286,-0.530585340276689,0.8262775126005557,-1.3435691934116092,-0.10009806787879459,0.6968123660843163
-0.13824638360599253,0.1046406623488303,0.36002937093056725,0.07520198785778902,-0.3544114779445105,0.6329069641705716,-0.8671765418769251,0.005648950281881835,0.007519162418146379,0.18961987839475564,0.5908381655924341,0.009081680243095233,-0.009204010547497676,0.2916844792665132,0.3722715486240032,0.01676906258891108,0.12872424674625177,0.7357375443913164,0.046326801333594646,0.12052445910927614
0.009335304446128533,0.003717793157818272,-0.003818387883230201,-0.02364345358344591,-0.04058276493622078,0.02286804586704941,-0.003332654819373638,-0.001233659302392046,0.0027770954730067052,-0.01801260019981975,0.0031827646472227683,-0.003741690769805168,-0.006769666090904686,-0.0052586965205254355,0.057927535295204224,0.00981267440312981,-0.02452500787414813,0.04704182154925798,-0.002935991270216135,0.0004519518350450339
-0.05133280630150074,0.8646736225202817,1.0068244543072886,0.019560517142858492,-0.7950130114481483,0.008792266300482418,-0.20383906733767704,-0.023852951662866613,-0.004765288269746929,0.0210000433536563,0.8559346906094192,0.0034967706986123634,0.017900705615463565,0.8711112257579284,-0.9099748612314145,-0.015414740810133342,0.9784814516939774,0.36527950421111915,-0.017551347747298624,0.03213939277482139
-0.7329508178363717,0.46384712133440703,-0.024550425278345285,0.4820699890426341,0.19835454160862764,-0.009754623604989833,0.08081127015036443,-0.21317389608173537,0.0018925673015769515,0.9191227240956181,0.14166817934730064,-0.012839504034833391,0.00018795120462123402,0.05192655221221855,-0.62252014592648,0.007622702919907604,0.526739479854065,-0.35151845645979796,-0.35966334821494345,0.5106340308621502
0.006448852385303976,0.5779645108619291,0.1536132717457373,0.8357118269971261,0.004338273937765321,-0.017066754419263537,-0.01445872265370618,0.22671502961201462,-0.006909073860710905,0.0023565047945283066,-0.14387253898305924,-0.012597184432309056,0.017376095280228154,0.525628057675032,-1.391763104155476,0.028864804579600903,0.6103950606655032,0.012911743471830217,0.009745670676559917,0.02099385571670529
-0.5417618595511855,0.37071722393147755,0.15809593467037167,1.1122633474116583,0.4846422991004566,0.006052656054872115,0.1117250244191404,-0.3258979275011871,-0.006869921642189237,0.6748881140949374,0.00890444736332572,-0.010520695128510164,0.004745268690674826,0.05524601132599598,-1.157930988806031,-0.01079431893173746,0.41361200474076587,-0.4601193788003466,-0.2645319601740698,0.33174797638934034
0.07184907762476402,0.2504535964512758,-0.0929434424486999,0.16003355165746866,-0.161095429553318,0.004713198791972795,-0.09897397573269356,0.18431024844796243,0.40687560288257874,-0.06775094912283458,-0.2152491988396679,-0.0056653594981997775,0.008346261373312147,0.3647813355161513,-0.3989366952322274,0.07620201747610333,-0.04446380427898036,0.16501871906713403,0.09229133942569431,0.08379163867418521
-0.010465776738518937,-0.026205636787344166,-0.05117074735849292,0.0007229642681287011,-0.06553673342995424,0.03760012432498561,-0.05681629619425938,0.18787614866077237,-0.04647622153534599,-0.00324789588516283,0.21000892149220315,0.16829750083236802,-0.030632264489472788,0.10134162063446296,0.005077288940783831,0.025729268092358547,-0.003928574044685877,0.09761984260769564,-0.02987100703427347,0.5798039272923103
0.028290616523070602,-0.011514945106703856,0.3091601355276091,-0.016326566694359723,-0.11621644220478512,0.013323782504021,-0.029749232973512715,0.027531154520406623,0.012478933881868184,0.02229202953135095,0.2882762497567956,0.005793507478799912,0.01657799898752682,0.03876630864570747,0.05093252827606083,-0.010214122393568666,-0.009321796883384002,0.014276611873494046,0.009520640501791897,0.4261301339168935
-0.2458956412821086,0.1708574934200617,0.5123669311443753,0.11056123520257735,0.11973873111988231,0.8480172117380651,-0.9357913207693721,0.4000287082240143,0.00631065006463794,0.26751977886790534,0.02213466016445085,-0.004566271135346689,0.026216246689351574,-0.5315641353862686,0.3487657877855603,-0.01562101815479074,0.1973485924373791,0.5356926031854918,0.06269681511576496,0.1296828076303649
-0.0007147570018841125,0.1448502856972553,0.6179074530317152,-0.03848442167332346,-0.3279789480832305,0.001849252716790312,-0.11803917403154483,0.9147534458012341,0.0038579711009141225,0.0008793678801703869,0.6873810926006991,0.011758262643167082,-0.005626874806069745,0.20127638608885176,0.02202967461812696,-0.007507575681165607,0.001084222490336655,0.17285560383143173,-0.0014514150715580361,-0.09532352230552836
-0.040080971656246134,-0.020270307523418147,-0.002725493675009057,-0.00920164721440808,0.07381731784264825,0.0014471127686115342,-0.0031309515000051344,0.045848475942387265,-0.024838023319855865,0.021537586995764975,-0.03414952289478394,-0.008691274073909289,-0.001397355687982384,-0.06414519241397183,0.029754242521693598,-0.013291844833332808,0.02710781154253708,-0.0725484451113953,-0.011969444894414741,0.007756932773136002
-0.005935313889908813,0.010867238539170774,-0.007286125657730094,-0.01910591235130328,-0.013275042582980713,-0.007896973843916494,-0.16892808625744155,-0.004741424824383821,-0.01094319807919969,-0.005701105103054427,0.0014000158804441092,0.018600985453749816,0.0024727716787356913,0.003904889624985369,-0.0063013053369374615,-0.008522623293699924,0.02454707290529086,0.3451674616887385,0.013555109519109694,-0.018330001004712874
-0.09052091591793024,0.0641884519715108,0.14021372810008648,0.02641066365805142,0.0715052169133216,0.2252084087332043,-0.2439126965576766,0.13994772515638015,0.005921126302887126,0.07287067290372594,-0.03544654760184185,-0.01565146072213996,0.008748930949172975,-0.15915996006960434,0.08276495799760433,-0.01823316663122592,0.07900894695132865,0.11424507038263879,0.0050665973522346,0.06117603102500907
0.02469979316248003,-0.02729854149202657,0.003609844517588405,-0.014410636799201605,0.0027976549042424805,-0.006387881802793925,-0.0147055293875199,-0.008670219121029988,-0.0023588217995540017,-0.005209164676542833,0.014205783602227958,0.0015030469492575953,-0.007003526871756363,-0.0403403073295841,0.9069144831568804,0.003818978540225677,-0.02808338744962504,-0.006770927251133069,0.008939276079669956,-0.028517917674715846
0.047481998507229645,-0.02770658944952533,-0.0333135173417805,-0.046030474319606246,-0.03913363294634763,0.0022003398128862834,-0.00467350400632762,0.010064160419299608,0.009991884856163294,-0.036290050627922024,-0.029798691144793086,-0.012769897133449882,-0.02971000710943141,0.001906326620791498,0.03792362149393388,0.013726328583661889,-0.026028030387054743,0.046496607076404774,0.006970355650277593,0.7485554022145491
-0.013418878634206695,-0.011339177124872831,-0.028698584031261715,-0.02528456093730622,0.047293382331806216,-0.031147494050748174,0.07092683477694087,0.0027079591848854483,-0.00506223403827921,-0.007937981341694749,0.006719530578457156,0.008604502622802244,0.013860972322083583,-0.014594537149152337,0.01631139736986452,-0.0040026860293978644,-0.005718494735449525,-0.06303823043928031,-0.03195857346119507,-0.023917012325031017
-1.3114968813706191,0.8857517461506635,0.15158938396672117,0.6133424324946316,1.541130661348459,0.5176799492948626,0.31686723669242556,1.742322141091774,0.2104158236838249,0.7036861141334249,-1.0277989124236835,0.18409958935838272,0.8892470169253027,-0.1655912846005507,-1.2620135175113731,-0.6136708468849952,1.038791587635698,-1.5828209652963359,-0.12262637053767415,0.8846312308298497
0.00906930040639313,-0.018531332803797006,-0.017686639294869036,-0.0013294600611832626,-0.008713786781649233,0.001015936968003508,-0.2280012252204252,0.0005668015332949959,0.0016208504394911068,-0.023166002050574314,-0.026386229842210156,-0.03479078265468094,-0.006367619678184191,-0.001140658956844217,-0.0036966180779942383,0.018208528692074868,-0.024471133308927646,0.8398974819391661,0.006057925550192652,0.0009698876408605721
0.020408484226928363,0.3829536567563918,0.027682331621055885,-0.009017726946458426,-0.1954755165260245,0.023180914598365424,-0.04220009612495792,0.22090651374312242,-0.0015738147269161512,0.01519399380243132,0.5611281831541033,0.0005141960585041561,-0.0011179725986978466,0.3501546965457713,-0.1316262676001647,-0.009024739195232605,-0.018447588960433112,0.09080737426269402,-0.01269716515834554,-0.1174147012233409
0.01903616891938173,0.025528750641175407,-0.013003546084142182,-0.02202803513324285,-0.5851528423245884,0.009978415010942602,-0.17343618345764422,-0.3672460790904973,0.001751744200028155,-0.017528552480926933,0.8000979721348855,0.019788154763555582,-0.016035369196987843,0.9623673711105982,0.14494340998556618,0.008150404809346947,0.005258316879140169,0.3276582796404303,0.008223027822914335,0.36279766635879346
0.02357804477712214,0.020541891399966532,0.24381947326703599,0.0021115006826137725,-0.1433126724495761,-0.0061485714676035,-0.4037872682735913,0.02346160917120605,0.030644083709277733,0.010081675210747546,0.26375030238344294,0.012662729870315154,-0.008955862592522745,0.08820312904484724,-0.023535811539134407,-0.004257992866957722,0.007337740475122648,0.7980302084232861,0.011063463805829305,-0.040575597309774225
0.0013960571976851834,-0.009802068047004913,0.002785384331119887,0.007910419760638327,0.01608944303666644,-0.006329004567012488,-0.000710829144833597,-0.0009605532208738507,0.007488445996002084,-0.018284821202737993,-0.03597969243332933,-0.009585437579103073,0.003178881370868767,-0.026697410562411334,-0.004701510599856925,0.006846851121299487,-0.008221588673615523,-0.010064201097301901,0.007323480657023274,0.04134182220737592
0.02990530419967102,-0.010306639811585099,0.0007359107489621017,-0.023572296971531445,-0.014746072443499025,-0.0068321073780692205,0.012115755721845946,-0.01905866705865971,0.015235341543011541,-0.015331070733909033,-0.014200012436482938,-0.017414546697908862,-0.030174567221126655,-0.0010275595702712336,0.0038114212315982954,0.013316206827810565,-0.002620280188153277,0.02025640859884817,0.007789876829290628,-0.03208493345401152
-0.045898093510997544,0.5589077683547252,0.017952084782172962,0.011960295401086965,-0.2701255168104324,0.0011971608173226497,-0.07378902510097823,0.004240752272587209,-0.003367804054607252,0.027448918480878597,-0.0369737964317621,0.04087345625187393,-0.001082139964131328,0.44278651047059975,-0.6336691435242786,-0.027815565053946084,0.6328349637001668,0.12284381280606729,-0.01187414788829056,0.1126525651373975
0.06875449558616094,-0.014571281762492993,0.4767017963645597,-0.052722875387079024,-0.35670704253571167,0.03075893305020641,-0.1293556895425146,0.5765828585767027,-0.015456820934345045,-0.07784134717046265,0.5251168250116333,-0.003952466630370506,0.017853243508868626,0.1613906097567446,0.09035139706918802,0.14985852072769806,-0.041955947422130255,0.2863973093744728,0.11711742914209501,-0.1131246403529408
0.0339329111525123,-0.03289981040122737,0.021181329150658682,-0.012679078962953776,-0.038392148469517495,0.002842041240721948,-0.03912118805481281,0.0017056686602761962,0.0036706535843548964,-0.00994303870596628,-0.010000350991040925,0.0029353011486470807,-0.00016160669080574758,-0.015443302708444032,0.04871823642059363,-0.018563284770182938,-0.025587481067552702,0.041253278203006005,0.003660903516677402,-0.0004559701213270585
-0.13140794496051278,0.11615935130291995,0.38140899833636793,0.06430319115732362,-0.06643189973759452,0.6569042187633587,-0.8047677014405576,0.19110851536650517,0.01475854699266395,0.1830298114971895,0.20275745920119354,-0.02190415560131865,-0.0017383440935710374,-0.2090783263486114,0.3338181401713591,0.00968906491795325,0.13386788183908077,0.5409836556520223,0.047165547415265116,0.08066146663810397
-0.3184683464062113,0.15871409394045663,0.06310387652267822,0.12160254294035866,0.3448073547885044,0.10652103352551802,0.2667456634764435,0.2940050430633367,0.0013981033143132316,0.15561819295152846,-0.21576038628129512,-0.0014623086458698587,0.20065140213704039,-0.08538321089974744,-0.2730672192740251,-0.12663883742594786,0.24706706567011638,-0.3798994072523338,-0.038034953468699145,0.2002379164899937
0.09320715224610242,0.4265074126462671,-0.09774521876215424,0.2763844867111069,-0.23405818585422583,-0.0019932557494541482,-0.1584815503226674,0.2761347327547163,0.6479193674311577,-0.08314300935987227,-0.30191441188085244,0.009817204565175194,0.02010227265170434,0.5572771560132436,-0.6477055379651296,0.0850652608776299,-0.05583367314901411,0.2616361119580304,0.09350180792072683,0.09788387902618322
0.005553576571071434,0.4028830873182882,0.6926404000269081,-0.0010287908505549007,-0.5019138925841198,0.0035947028203618097,-0.14465643042551452,-0.049242722690379714,-0.02988984048016991,-0.017436299824343925,0.6605189570254861,0.013691848930264788,-0.027356704810273066,0.4573310426345311,-0.09698224565655837,-0.0026198328586337855,0.4760794060175388,0.2902038408678862,0.0003925385203788767,-0.006784331324704976
-0.04303922719948052,0.4749523282912719,-7.39443688227203e-05,-0.008899113881271969,-0.2511328102459313,0.017387173929050526,-0.1084070030133562,0.22560412018096526,-0.016816216283163286,0.021145839932343848,0.15890527836703472,0.027840383232943647,0.0020806464115176162,0.40082974328889315,-0.16257429270394722,-0.007879243042818514,0.010963015720212205,0.15216186124785938,0.0062656618147657415,0.044907365403091724
-0.03722118416917889,0.020062658503540626,-0.10645253858582612,0.0071988507976516085,0.07246424124799064,0.018336359090888474,0.05607203294370626,0.010149595573098226,-0.013007092594464321,0.031040758144872678,-0.19697929818392976,0.010343802344164706,0.0009605436980658043,-0.05075002063639985,-0.01822163794753197,-0.02036356353726091,0.040424515938229294,-0.03806774965696055,0.11250135420645437,0.04988642693079381
-0.040761874730070806,-0.015115949778038752,-0.09591563163295855,-0.00458756177115268,-0.015721060997442245,0.06745083321679098,-0.07068605847087579,-0.029751099103176238,-0.03706101323489447,0.018519635219267565,0.19873609300004563,0.23013350102209149,0.012638919285150728,0.0677781227543578,0.030016327139083365,-0.01041656659934751,0.02424361946418462,0.07203758114740241,-0.0093777547810746,-0.014688789517846839
-0.2594436756606128,0.20146482904697238,0.5282868679072602,0.11102696733591942,0.06486808686907489,0.9491954032049404,-1.084715127172219,0.3987422375730224,0.005310361625471006,0.2990643260750212,0.07284593635278834,-0.011215626799800565,0.023004230093102037,-0.5356360926149523,0.4070017276096115,0.021051857207651292,0.21676692534857445,0.6795317764047859,0.08322530342889606,0.18869323500313065
-0.7146962989712957,0.44280547471296594,-0.04099899020283616,0.28176161197036387,0.1309529915776915,0.004136690642032757,0.03505556068498971,-0.11132970836858008,0.014593284369247731,0.858548360804419,0.1110388354133073,-0.0040013566397531525,-0.008760161101546832,0.06843447192618962,-0.44800971729404393,-0.00020081063649579796,0.5117055040297707,-0.327487035623469,-0.3264330516993038,0.5214496495387572
0.015670805720067214,-0.019869080193256405,-0.0026806986380720054,0.008797443375832163,0.03292735717778668,-0.00153929537272544,0.015336276244733897,0.006319271753363268,0.0031898119541530993,-0.006798362331186495,-0.004121670176381954,-0.001616639435419731,0.030413483430334582,-0.004625479622038915,0.06100455157525232,-0.010254297109964549,-0.011920104820236166,-0.026923369191240415,0.023960058355041565,0.8720714197310719
-0.1505935845622501,0.587305443791917,0.3461275475296056,0.040165402146162786,-0.3074833083865825,0.655751034360043,-0.7254552843091772,0.18663246099136113,-0.03184508042530405,0.18629823959344927,0.03935750298605068,-0.010102592289949166,-0.0033182271530811176,0.1984570066859782,-0.2370611576902355,-0.0028114655322739324,0.6982807647920222,0.6153745893941794,0.08392918634220183,0.2179548170121572
0.2750370175167393,-0.13771061031164383,-0.10903593076241747,-0.10245572634495162,-0.7398961360434655,0.139943303061154,-0.43791368929777685,-0.6536103997943791,0.007613584390089878,-0.3424353136981451,0.33788914436507034,0.010790846154651191,0.0033612339437986078,0.5733024836143477,0.35618925106052635,0.4468366835096888,-0.16479676341281568,0.961229336456922,0.42770714676796795,-0.10998217592047578
-0.023660884230065484,0.027710015087615038,-0.006906709414184913,0.030928235988855503,0.022668568097281617,0.023081641629793627,-0.017476290510862108,-0.010930606675771828,-0.012175083906584548,0.016676980245214065,0.0018148804666170207,0.0172427184142963,0.006041173069879165,0.0007767168640661608,-0.034588431459482386,-0.003482554846429859,0.013753737021796896,-0.0041855385893362195,-0.018376196812263886,0.05133002507363359
-0.017000298308378403,0.11845076212664957,-0.547600980771253,-0.012602088838661428,0.2138086017481027,0.1101925285808468,0.17706333084990084,0.08957077755293612,-0.022406469309464473,0.06061458020165726,-1.0150139810934005,-0.032409026429257415,0.029786364606744095,-0.08195574733260635,-0.07463604883250907,-0.017153416478307107,0.11899866571024637,-0.04927553213983224,0.7336504981999262,0.27304827148912036
